Name	0	17	34	51	68	85	102	119	136	153	170	187	204	221	238	255
Date	15/02/2018	15/02/2018	15/02/2018	15/02/2018	15/02/2018	15/02/2018	15/02/2018	15/02/2018	15/02/2018	15/02/2018	15/02/2018	15/02/2018	15/02/2018	15/02/2018	15/02/2018	15/02/2018
Time	09:11pm	09:13pm	09:15pm	09:17pm	09:19pm	09:20pm	09:20pm	09:21pm	09:21pm	09:21pm	09:22pm	09:22pm	09:23pm	09:23pm	09:23pm	09:23pm
Integration time [ms]	60000	41419	24263	17127	13334	11029	9316	6694	7009	5248	5725	5208	4823	3738	3475	3787
Luminance[cd/sqm]	4.24E-01	1.05E+01	2.11E+01	3.20E+01	4.27E+01	5.27E+01	6.37E+01	7.39E+01	8.45E+01	9.47E+01	1.05E+02	1.14E+02	1.24E+02	1.35E+02	1.45E+02	1.58E+02
Radiance[W/sr*sqm]	2.64E-03	2.18E-02	4.20E-02	6.24E-02	8.25E-02	1.01E-01	1.22E-01	1.41E-01	1.61E-01	1.80E-01	1.98E-01	2.16E-01	2.33E-01	2.54E-01	2.73E-01	2.97E-01
CCT [K]	8172	0	0	0	0	0	0	0	0	0	0	0	0	0	0	0
DWl[nm]	480	546	547	547	547	547	548	548	548	548	548	548	549	549	549	549
PE[%]	16.1	66.7	71.2	72.9	73.8	74.5	74.9	75.4	75.8	76.1	76.4	76.8	77.1	77.5	77.8	78.2
x	0.2943	0.2937	0.2947	0.2955	0.296	0.2967	0.2974	0.2979	0.2986	0.2993	0.2998	0.3006	0.3013	0.3021	0.3029	0.3041
y	0.301	0.5898	0.6039	0.6088	0.6112	0.6128	0.6138	0.6148	0.6154	0.6161	0.6164	0.6169	0.6173	0.6178	0.6182	0.6184
u'	0.1954	0.1238	0.1221	0.1217	0.1215	0.1216	0.1217	0.1218	0.122	0.1222	0.1224	0.1227	0.1229	0.1232	0.1235	0.124
v'	0.4497	0.5593	0.5628	0.564	0.5646	0.5651	0.5654	0.5657	0.5659	0.5661	0.5662	0.5664	0.5666	0.5668	0.567	0.5672
Reference Illuminant	daylight >7000K	daylight >7000K	daylight >7000K	daylight >7000K	daylight >7000K	daylight >7000K	daylight >7000K	daylight >7000K	daylight >7000K	daylight >7000K	daylight >7000K	daylight >7000K	daylight >7000K	daylight >7000K	daylight >7000K	daylight >7000K
CCT [K]	8172	8172	8172	8172	8172	8172	8172	8172	8172	8172	8172	8172	8172	8172	8172	8172
R1	99.3	99.3	99.3	99.3	99.3	99.3	99.3	99.3	99.3	99.3	99.3	99.3	99.3	99.3	99.3	99.3
R2	88	88	88	88	88	88	88	88	88	88	88	88	88	88	88	88
R3	71.5	71.5	71.5	71.5	71.5	71.5	71.5	71.5	71.5	71.5	71.5	71.5	71.5	71.5	71.5	71.5
R4	85	85	85	85	85	85	85	85	85	85	85	85	85	85	85	85
R5	94.9	94.9	94.9	94.9	94.9	94.9	94.9	94.9	94.9	94.9	94.9	94.9	94.9	94.9	94.9	94.9
R6	80.7	80.7	80.7	80.7	80.7	80.7	80.7	80.7	80.7	80.7	80.7	80.7	80.7	80.7	80.7	80.7
R7	85.8	85.8	85.8	85.8	85.8	85.8	85.8	85.8	85.8	85.8	85.8	85.8	85.8	85.8	85.8	85.8
R8	90	90	90	90	90	90	90	90	90	90	90	90	90	90	90	90
R9	96.3	96.3	96.3	96.3	96.3	96.3	96.3	96.3	96.3	96.3	96.3	96.3	96.3	96.3	96.3	96.3
R10	64.4	64.4	64.4	64.4	64.4	64.4	64.4	64.4	64.4	64.4	64.4	64.4	64.4	64.4	64.4	64.4
R11	84.5	84.5	84.5	84.5	84.5	84.5	84.5	84.5	84.5	84.5	84.5	84.5	84.5	84.5	84.5	84.5
R12	57.6	57.6	57.6	57.6	57.6	57.6	57.6	57.6	57.6	57.6	57.6	57.6	57.6	57.6	57.6	57.6
R13	95.8	95.8	95.8	95.8	95.8	95.8	95.8	95.8	95.8	95.8	95.8	95.8	95.8	95.8	95.8	95.8
R14	83.3	83.3	83.3	83.3	83.3	83.3	83.3	83.3	83.3	83.3	83.3	83.3	83.3	83.3	83.3	83.3
Ra	86.9	86.9	86.9	86.9	86.9	86.9	86.9	86.9	86.9	86.9	86.9	86.9	86.9	86.9	86.9	86.9
																
wavelength [nm]	Radiance[W/(sr*sqm*nm)]	Radiance[W/(sr*sqm*nm)]	Radiance[W/(sr*sqm*nm)]	Radiance[W/(sr*sqm*nm)]	Radiance[W/(sr*sqm*nm)]	Radiance[W/(sr*sqm*nm)]	Radiance[W/(sr*sqm*nm)]	Radiance[W/(sr*sqm*nm)]	Radiance[W/(sr*sqm*nm)]	Radiance[W/(sr*sqm*nm)]	Radiance[W/(sr*sqm*nm)]	Radiance[W/(sr*sqm*nm)]	Radiance[W/(sr*sqm*nm)]	Radiance[W/(sr*sqm*nm)]	Radiance[W/(sr*sqm*nm)]	Radiance[W/(sr*sqm*nm)]
																
380	6.53961E-07	0	4.18188E-07	0	0	0	0	1.10019E-06	4.43099E-06	2.21484E-06	4.9325E-07	8.20539E-07	0	0	1.44733E-06	8.20676E-07
381	9.2087E-07	0	1.8647E-07	0	2.09526E-08	0	0	1.50536E-06	5.93118E-06	1.43613E-06	8.14344E-07	1.02604E-06	0	0	1.64961E-06	5.64508E-07
382	1.19784E-06	3.95299E-09	8.20139E-09	7.8493E-08	1.02885E-07	1.23629E-08	1.13831E-08	1.86044E-06	6.53602E-06	8.02929E-07	9.69468E-07	1.06739E-06	2.44818E-08	3.17074E-08	1.60145E-06	3.69217E-07
383	1.47447E-06	0	0	2.47358E-07	1.50229E-07	0	2.17011E-07	2.13585E-06	5.94574E-06	4.40256E-07	8.68579E-07	9.09928E-07	2.94814E-07	3.36469E-07	1.29151E-06	2.80137E-07
384	1.70754E-06	0	0	4.43687E-07	1.74533E-07	0	4.25124E-07	2.30466E-06	4.5135E-06	3.30882E-07	6.1408E-07	6.44014E-07	6.08346E-07	6.31598E-07	8.42908E-07	2.70462E-07
385	1.84927E-06	0	0	6.16011E-07	1.95891E-07	0	5.91415E-07	2.3424E-06	2.71948E-06	4.25685E-07	3.45943E-07	3.82739E-07	9.13052E-07	8.65881E-07	4.01375E-07	2.9849E-07
386	1.88E-06	0	0	7.26824E-07	2.35483E-07	0	6.84334E-07	2.25532E-06	1.01172E-06	6.88807E-07	1.9349E-07	2.31535E-07	1.17658E-06	1.00555E-06	1.0029E-07	3.30576E-07
387	1.7324E-06	8.15102E-08	1.19951E-08	7.24446E-07	3.08374E-07	1.19122E-07	6.58094E-07	1.98738E-06	0	1.08016E-06	2.70593E-07	2.81012E-07	1.34497E-06	9.95315E-07	5.65353E-08	3.28145E-07
388	1.40577E-06	4.66441E-07	2.30737E-08	5.99562E-07	4.13272E-07	6.54673E-07	5.11075E-07	1.55357E-06	0	1.54603E-06	6.15412E-07	5.53552E-07	1.39687E-06	8.29878E-07	3.14768E-07	2.76748E-07
389	9.76684E-07	9.15618E-07	1.9301E-08	4.06311E-07	5.16338E-07	1.27835E-06	3.08942E-07	1.04084E-06	0	1.99958E-06	1.12151E-06	9.38749E-07	1.35329E-06	5.76529E-07	7.76155E-07	1.97335E-07
390	5.2676E-07	1.32225E-06	1.00321E-08	2.03275E-07	5.81684E-07	1.82878E-06	1.21768E-07	5.402E-07	0	2.35379E-06	1.67168E-06	1.31679E-06	1.23875E-06	3.07446E-07	1.33093E-06	1.13683E-07
391	1.34237E-07	1.58411E-06	4.23491E-09	4.66168E-08	5.74957E-07	2.15142E-06	1.67204E-08	1.38925E-07	0	2.5255E-06	2.15375E-06	1.57295E-06	1.07684E-06	9.18221E-08	1.87403E-06	4.85873E-08
392	0	1.60854E-06	9.88866E-09	0	4.66426E-07	2.10725E-06	5.38599E-08	0	3.49032E-07	2.44006E-06	2.46455E-06	1.60254E-06	8.90308E-07	0	2.30717E-06	2.24788E-08
393	0	1.40104E-06	2.42836E-08	2.27442E-08	2.83203E-07	1.72168E-06	2.18093E-07	0	9.0392E-07	2.1189E-06	2.58332E-06	1.39838E-06	7.06344E-07	0	2.58125E-06	3.13258E-08
394	0	1.04459E-06	3.62787E-08	1.09612E-07	9.7107E-08	1.14987E-06	4.35008E-07	0	1.35696E-06	1.65909E-06	2.55454E-06	1.03034E-06	5.55407E-07	5.23769E-08	2.68634E-06	5.17753E-08
395	0	6.21221E-07	3.49153E-08	2.04345E-07	0	5.44798E-07	6.31325E-07	0	1.63194E-06	1.15619E-06	2.42289E-06	5.67856E-07	4.66882E-07	8.69142E-08	2.61399E-06	6.08092E-08
396	0	2.09883E-07	9.66865E-09	2.65405E-07	0	5.34723E-08	7.37042E-07	1.92718E-08	1.65655E-06	7.02407E-07	2.23253E-06	7.76716E-08	4.69267E-07	4.34706E-08	2.35744E-06	3.63293E-08
397	1.61321E-07	0	0	2.60501E-07	1.91269E-07	0	6.98619E-07	0	1.38626E-06	3.72215E-07	2.02049E-06	0	5.77997E-07	0	1.91913E-06	0
398	3.43784E-07	0	0	2.03295E-07	4.94768E-07	0	5.46972E-07	0	9.31536E-07	1.65086E-07	1.80852E-06	0	7.43171E-07	0	1.37083E-06	0
399	5.00034E-07	0	0	1.22575E-07	7.95165E-07	0	3.40637E-07	0	4.52201E-07	5.49344E-08	1.61225E-06	0	8.93953E-07	0	8.05417E-07	0
400	6.01405E-07	0	0	4.61218E-08	9.86008E-07	0	1.36101E-07	0	1.02446E-07	1.65734E-08	1.44675E-06	0	9.61998E-07	0	3.12537E-07	0
401	6.22286E-07	9.32707E-08	4.23651E-08	6.60926E-10	9.6804E-07	2.76974E-08	0	8.76629E-08	3.06357E-08	2.57827E-08	1.33064E-06	2.09727E-07	8.84428E-07	1.54918E-07	0	8.27837E-08
402	5.50875E-07	6.21186E-07	2.74396E-07	0	7.12527E-07	7.49668E-08	0	5.38243E-07	2.91876E-07	5.87244E-08	1.25955E-06	1.32391E-06	6.45093E-07	9.32719E-07	0	4.15613E-07
403	4.14468E-07	1.20282E-06	5.40029E-07	1.60632E-08	3.55439E-07	7.66643E-08	0	1.07589E-06	7.4773E-07	9.11703E-08	1.20466E-06	2.57586E-06	3.42487E-07	1.8401E-06	0	8.07113E-07
404	2.44591E-07	1.69243E-06	7.67575E-07	3.28366E-08	5.0677E-08	5.233E-08	0	1.56684E-06	1.23771E-06	9.92915E-08	1.13397E-06	3.66228E-06	8.73712E-08	2.64487E-06	0	1.16187E-06
405	7.20693E-08	1.94754E-06	8.86941E-07	2.43683E-08	0	2.10685E-08	0	1.88029E-06	1.60492E-06	5.97898E-08	1.01621E-06	4.28663E-06	0	3.11997E-06	7.135E-09	1.38659E-06
406	0	1.83855E-06	8.34343E-07	0	1.87493E-07	8.52995E-10	2.12839E-08	1.89601E-06	1.70438E-06	0	8.23447E-07	4.17808E-06	1.4405E-07	3.0572E-06	3.93649E-08	1.39705E-06
407	0	1.40512E-06	6.29119E-07	0	7.33714E-07	0	3.65473E-08	1.62518E-06	1.5389E-06	0	5.72242E-07	3.39573E-06	5.36554E-07	2.48623E-06	1.35396E-08	1.23022E-06
408	0	8.32599E-07	3.62096E-07	0	1.40812E-06	9.15839E-10	8.25956E-08	1.19237E-06	1.23838E-06	0	3.17847E-07	2.2831E-06	1.04582E-06	1.64184E-06	0	1.02733E-06
409	0	3.07415E-07	1.24631E-07	0	2.03022E-06	7.64916E-09	1.98526E-07	7.23373E-07	9.34277E-07	0	1.15667E-07	1.18613E-06	1.55118E-06	7.60814E-07	0	9.30212E-07
410	0	1.21472E-08	6.19723E-09	0	2.42327E-06	9.8025E-09	4.22631E-07	3.414E-07	7.55363E-07	3.41635E-07	1.99691E-08	4.43652E-07	1.93446E-06	7.5068E-08	1.93169E-08	1.07777E-06
411	2.45248E-07	8.531E-08	7.33874E-08	2.81176E-07	2.45293E-06	2.64899E-09	7.76307E-07	1.44445E-07	7.98717E-07	1.10468E-06	7.10819E-08	3.14545E-07	2.1045E-06	0	1.81628E-07	1.56651E-06
412	5.38724E-07	4.48558E-07	2.79612E-07	6.7316E-07	2.18146E-06	0	1.19177E-06	1.07337E-07	1.00167E-06	2.04897E-06	2.40299E-07	6.63782E-07	2.09231E-06	0	4.24917E-07	2.27448E-06
413	8.05539E-07	9.54133E-07	5.42095E-07	1.0693E-06	1.73671E-06	0	1.57333E-06	1.6578E-07	1.25128E-06	2.94566E-06	4.76864E-07	1.23079E-06	1.97018E-06	1.58302E-07	7.09483E-07	3.01113E-06
414	9.74196E-07	1.45683E-06	7.79495E-07	1.3801E-06	1.24433E-06	0	1.82698E-06	2.56581E-07	1.43656E-06	3.5699E-06	7.30902E-07	1.7595E-06	1.80914E-06	6.6696E-07	9.96313E-07	3.58922E-06
415	9.74998E-07	1.81469E-06	9.12415E-07	1.51828E-06	8.27476E-07	1.95679E-08	1.86106E-06	3.1807E-07	1.44925E-06	3.70246E-06	9.53767E-07	1.99995E-06	1.67867E-06	1.26915E-06	1.24735E-06	3.82598E-06
416	7.95211E-07	1.96119E-06	9.15851E-07	1.46087E-06	5.78356E-07	8.77901E-08	1.66057E-06	3.30913E-07	1.26065E-06	3.30318E-06	1.13524E-06	1.8707E-06	1.62086E-06	1.89576E-06	1.45513E-06	3.66454E-06
417	5.16241E-07	1.94779E-06	8.54109E-07	1.28713E-06	5.30066E-07	2.33995E-07	1.33252E-06	3.48749E-07	9.7272E-07	2.62198E-06	1.32526E-06	1.57452E-06	1.61586E-06	2.49627E-06	1.65577E-06	3.24076E-06
418	2.3146E-07	1.84211E-06	8.02602E-07	1.09025E-06	7.12234E-07	4.97601E-07	1.0009E-06	4.33232E-07	7.04272E-07	1.94722E-06	1.58178E-06	1.3475E-06	1.64208E-06	3.02449E-06	1.89246E-06	2.71956E-06
419	3.34256E-08	1.71115E-06	8.36081E-07	9.6263E-07	1.15423E-06	9.17683E-07	7.88636E-07	6.45479E-07	5.73097E-07	1.56473E-06	1.96226E-06	1.4237E-06	1.67812E-06	3.43465E-06	2.20801E-06	2.26441E-06
420	6.12261E-09	1.61894E-06	1.02061E-06	9.89189E-07	1.8748E-06	1.52608E-06	8.10773E-07	1.04116E-06	6.87716E-07	1.73552E-06	2.51901E-06	2.01465E-06	1.70868E-06	3.68666E-06	2.64074E-06	2.0295E-06
421	1.37577E-07	1.59883E-06	1.32284E-06	1.17198E-06	2.76492E-06	2.26925E-06	1.09772E-06	1.61489E-06	1.05444E-06	2.44389E-06	3.24646E-06	3.07832E-06	1.79029E-06	3.80493E-06	3.17743E-06	2.07091E-06
422	3.52073E-07	1.66475E-06	1.64416E-06	1.45864E-06	3.63234E-06	3.03821E-06	1.62405E-06	2.3214E-06	1.61208E-06	3.49143E-06	4.10225E-06	4.4057E-06	2.02813E-06	3.85911E-06	3.77239E-06	2.3806E-06
423	5.73441E-07	1.82969E-06	1.88548E-06	1.79605E-06	4.28482E-06	3.72375E-06	2.36332E-06	3.115E-06	2.29864E-06	4.67789E-06	5.04326E-06	5.78633E-06	2.52684E-06	3.91815E-06	4.37924E-06	2.94884E-06
424	7.26242E-07	2.10653E-06	1.94868E-06	2.1316E-06	4.53196E-06	4.21769E-06	3.28936E-06	3.9504E-06	3.0527E-06	5.80492E-06	6.02679E-06	7.01178E-06	3.39006E-06	4.05032E-06	4.95204E-06	3.76601E-06
425	7.69802E-07	2.49684E-06	1.79366E-06	2.4374E-06	4.28439E-06	4.46832E-06	4.3603E-06	4.79802E-06	3.83899E-06	6.72942E-06	7.01928E-06	7.94366E-06	4.67564E-06	4.33645E-06	5.481E-06	4.82763E-06
426	7.81934E-07	2.96177E-06	1.57862E-06	2.76867E-06	3.79704E-06	4.61498E-06	5.47627E-06	5.67875E-06	4.70897E-06	7.49148E-06	8.0138E-06	8.67736E-06	6.28172E-06	4.9001E-06	6.07769E-06	6.14377E-06
427	8.66197E-07	3.45689E-06	1.50515E-06	3.20081E-06	3.40177E-06	4.84209E-06	6.53081E-06	6.62966E-06	5.73668E-06	8.17815E-06	9.01726E-06	9.367E-06	8.07806E-06	5.87763E-06	6.88505E-06	7.73289E-06
428	1.12458E-06	3.93722E-06	1.77156E-06	3.80727E-06	3.42431E-06	5.32981E-06	7.417E-06	7.68539E-06	6.99378E-06	8.8725E-06	1.00334E-05	1.01614E-05	9.93422E-06	7.40177E-06	8.04185E-06	9.61133E-06
429	1.65496E-06	4.3604E-06	2.56797E-06	4.65951E-06	4.17795E-06	6.25284E-06	8.03717E-06	8.88144E-06	8.55106E-06	9.65919E-06	1.10704E-05	1.12078E-05	1.17273E-05	9.59985E-06	9.68476E-06	1.17962E-05
430	2.4688E-06	4.74565E-06	3.91264E-06	5.79556E-06	5.72121E-06	7.68633E-06	8.52644E-06	1.02898E-05	1.04773E-05	1.06946E-05	1.22634E-05	1.26571E-05	1.35098E-05	1.24859E-05	1.19347E-05	1.43337E-05
431	3.48536E-06	5.18659E-06	5.63893E-06	7.22437E-06	7.83797E-06	9.6055E-06	9.28965E-06	1.20366E-05	1.28538E-05	1.22291E-05	1.39046E-05	1.46813E-05	1.55474E-05	1.59659E-05	1.49121E-05	1.73213E-05
432	4.61439E-06	5.76913E-06	7.56356E-06	8.9405E-06	1.02873E-05	1.19638E-05	1.07233E-05	1.42267E-05	1.57382E-05	1.44919E-05	1.62647E-05	1.74237E-05	1.8084E-05	1.99131E-05	1.87102E-05	2.08267E-05
433	5.76816E-06	6.58345E-06	9.5074E-06	1.09437E-05	1.28349E-05	1.47219E-05	1.32303E-05	1.69743E-05	1.91978E-05	1.77219E-05	1.96251E-05	2.10392E-05	2.13747E-05	2.42124E-05	2.34324E-05	2.49299E-05
434	6.87159E-06	7.71226E-06	1.13371E-05	1.32427E-05	1.53105E-05	1.78583E-05	1.71307E-05	2.03943E-05	2.33067E-05	2.21184E-05	2.42241E-05	2.56756E-05	2.56669E-05	2.88281E-05	2.91801E-05	2.97468E-05
435	7.92052E-06	9.19757E-06	1.31796E-05	1.58965E-05	1.79118E-05	2.1453E-05	2.22769E-05	2.46106E-05	2.8184E-05	2.76611E-05	3.006E-05	3.14421E-05	3.11707E-05	3.41805E-05	3.60459E-05	3.56039E-05
436	8.94722E-06	1.10803E-05	1.52734E-05	1.9006E-05	2.09931E-05	2.56537E-05	2.83891E-05	2.97864E-05	3.40059E-05	3.42929E-05	3.70905E-05	3.84812E-05	3.81285E-05	4.09025E-05	4.41733E-05	4.29545E-05
437	9.96429E-06	1.33795E-05	1.78243E-05	2.26332E-05	2.48642E-05	3.0556E-05	3.51361E-05	3.60258E-05	4.08808E-05	4.18916E-05	4.52024E-05	4.68606E-05	4.67084E-05	4.95434E-05	5.36192E-05	5.2166E-05
438	1.09927E-05	1.61222E-05	2.10486E-05	2.68546E-05	2.98486E-05	3.6275E-05	4.22093E-05	4.34543E-05	4.89422E-05	5.0361E-05	5.43113E-05	5.66755E-05	5.71047E-05	6.06769E-05	6.44733E-05	6.36346E-05
439	1.20458E-05	1.92335E-05	2.49537E-05	3.16197E-05	3.59426E-05	4.27432E-05	4.93724E-05	5.1949E-05	5.807E-05	5.9525E-05	6.42376E-05	6.77457E-05	6.9137E-05	7.41758E-05	7.65835E-05	7.72461E-05
440	1.31249E-05	2.24712E-05	2.92047E-05	3.66689E-05	4.26053E-05	4.95942E-05	5.65066E-05	6.0979E-05	6.77292E-05	6.90751E-05	7.4646E-05	7.94394E-05	8.20105E-05	8.87626E-05	8.9401E-05	9.2049E-05
441	1.42471E-05	2.56087E-05	3.34751E-05	4.17737E-05	4.93055E-05	5.65017E-05	6.35803E-05	7.00598E-05	7.74388E-05	7.87854E-05	8.52891E-05	9.11923E-05	9.49877E-05	0.000103178	0.000102464	0.000107143
442	1.53981E-05	2.8365E-05	3.73687E-05	4.66178E-05	5.54103E-05	6.3021E-05	7.04266E-05	7.85614E-05	8.65565E-05	8.82652E-05	9.57414E-05	0.000102251	0.000107135	0.000115951	0.000115096	0.00012141
443	1.65679E-05	3.0503E-05	4.05451E-05	5.09253E-05	6.03744E-05	6.87699E-05	7.69116E-05	8.59395E-05	9.45288E-05	9.71787E-05	0.000105631	0.000111969	0.000117644	0.000125828	0.000126711	0.000133871
444	1.76603E-05	3.1963E-05	4.2889E-05	5.44475E-05	6.40413E-05	7.34702E-05	8.26853E-05	9.18616E-05	0.00010098	0.000105065	0.000114397	0.000119941	0.000126065	0.000132695	0.000136709	0.000143978
445	1.85359E-05	3.27747E-05	4.43979E-05	5.69485E-05	6.64488E-05	7.68959E-05	8.72892E-05	9.6101E-05	0.000105623	0.000111399	0.000121383	0.000125884	0.000132133	0.000137004	0.000144483	0.000151401
446	1.9055E-05	3.29689E-05	4.50712E-05	5.81932E-05	6.76377E-05	7.88219E-05	9.02644E-05	9.84329E-05	0.000108172	0.000115656	0.000125933	0.000129516	0.000135584	0.000139218	0.00014943	0.00015581
447	1.90772E-05	3.25754E-05	4.49068E-05	5.79452E-05	6.76465E-05	7.90213E-05	9.1149E-05	9.863E-05	0.000108339	0.000117307	0.000127388	0.000130551	0.000136151	0.000139792	0.000150939	0.000156874
448	1.85534E-05	3.16564E-05	4.39568E-05	5.61856E-05	6.65646E-05	7.74811E-05	8.97842E-05	9.67123E-05	0.000106116	0.000116176	0.000125533	0.000128966	0.000133885	0.000139044	0.000148864	0.000154611
449	1.76234E-05	3.03397E-05	4.23853E-05	5.33483E-05	6.45838E-05	7.46328E-05	8.66394E-05	9.3213E-05	0.000102076	0.000112807	0.000121081	0.000125277	0.000129491	0.000136997	0.000144025	0.000149771
450	1.64513E-05	2.87618E-05	4.03704E-05	4.99245E-05	6.19095E-05	7.09643E-05	8.22635E-05	8.87303E-05	9.68675E-05	0.000107841	0.000114861	0.000120071	0.000123763	0.000133635	0.000137362	0.000143195
451	1.51782E-05	2.70178E-05	3.80326E-05	4.63358E-05	5.86576E-05	6.68623E-05	7.7089E-05	8.3736E-05	9.09987E-05	0.000101761	0.000107541	0.00011376	0.000117312	0.000128745	0.000129619	0.000135519
452	1.39859E-05	2.52866E-05	3.56148E-05	4.31283E-05	5.51399E-05	6.29058E-05	7.17884E-05	7.89482E-05	8.52551E-05	9.53771E-05	0.00010012	0.000107123	0.000111096	0.000122577	0.000121932	0.000127795
453	1.29275E-05	2.36464E-05	3.32724E-05	4.04716E-05	5.16138E-05	5.92887E-05	6.67549E-05	7.4668E-05	8.00292E-05	8.9232E-05	9.31883E-05	0.000100657	0.000105496	0.00011565	0.000114877	0.000120582
454	1.19966E-05	2.21441E-05	3.11479E-05	3.83638E-05	4.83625E-05	5.6048E-05	6.22966E-05	7.10373E-05	7.55762E-05	8.38144E-05	8.72013E-05	9.48111E-05	0.000100673	0.000108763	0.000108834	0.000114286
455	1.11863E-05	2.0826E-05	2.93829E-05	3.6801E-05	4.56685E-05	5.32187E-05	5.87195E-05	6.81956E-05	7.21489E-05	7.96105E-05	8.26136E-05	9.00336E-05	9.67836E-05	0.000102716	0.000104178	0.00010931
456	1.04994E-05	1.97568E-05	2.81449E-05	3.58129E-05	4.3854E-05	5.08836E-05	5.63809E-05	6.6344E-05	7.00644E-05	7.71767E-05	7.99515E-05	8.68508E-05	9.40732E-05	9.83963E-05	0.000101381	0.000106153
457	9.91305E-06	1.89412E-05	2.74666E-05	3.53366E-05	4.3017E-05	4.90586E-05	5.53823E-05	6.54633E-05	6.93696E-05	7.66628E-05	7.93502E-05	8.54418E-05	9.25813E-05	9.62149E-05	0.000100541	0.000104969
458	9.40489E-06	1.83564E-05	2.72305E-05	3.52908E-05	4.29879E-05	4.78862E-05	5.5553E-05	6.53919E-05	6.98763E-05	7.77172E-05	8.0491E-05	8.56711E-05	9.23865E-05	9.60402E-05	0.000101464	0.000105691
459	8.95097E-06	1.79732E-05	2.72946E-05	3.55867E-05	4.3554E-05	4.75189E-05	5.66774E-05	6.59399E-05	7.13542E-05	7.99087E-05	8.2982E-05	8.73481E-05	9.35591E-05	9.76531E-05	0.000103905	0.000108209
460	8.52733E-06	1.77626E-05	2.75165E-05	3.61353E-05	4.45028E-05	4.81091E-05	5.85398E-05	6.69169E-05	7.35732E-05	8.28057E-05	8.64308E-05	9.02818E-05	9.61701E-05	0.000100834	0.000107614	0.000112413
461	8.1225E-06	1.77205E-05	2.78071E-05	3.69111E-05	4.57066E-05	4.98605E-05	6.10237E-05	6.82648E-05	7.64341E-05	8.61404E-05	9.06063E-05	9.44267E-05	0.000100419	0.000105526	0.000112525	0.000118362
462	7.7075E-06	1.77889E-05	2.8127E-05	3.78838E-05	4.71011E-05	5.26243E-05	6.39561E-05	7.00701E-05	7.98355E-05	8.98011E-05	9.53304E-05	9.9566E-05	0.000106065	0.000111477	0.000118438	0.000125757
463	7.27044E-06	1.79335E-05	2.85518E-05	3.9133E-05	4.87968E-05	5.61943E-05	6.73106E-05	7.27129E-05	8.39013E-05	9.40221E-05	0.000100721	0.000105659	0.000112906	0.00011863	0.000125407	0.000134439
464	6.79939E-06	1.81197E-05	2.91586E-05	4.07393E-05	5.09062E-05	6.03613E-05	7.10616E-05	7.65778E-05	8.87577E-05	9.90423E-05	0.000106899	0.000112667	0.000120737	0.000126927	0.000133488	0.000144247
465	6.2824E-06	1.8313E-05	3.00249E-05	4.27837E-05	5.35424E-05	6.4915E-05	7.51835E-05	8.20501E-05	9.45312E-05	0.000105101	0.000113986	0.000120548	0.000129351	0.000136312	0.000142736	0.000155016
466	5.7274E-06	1.85534E-05	3.12716E-05	4.53635E-05	5.68641E-05	6.98292E-05	7.98589E-05	8.93694E-05	0.000101461	0.000112515	0.000122265	0.00012953	0.000138902	0.000146986	0.000153482	0.000166938
467	5.1404E-06	1.89035E-05	3.28914E-05	4.82957E-05	6.07314E-05	7.49778E-05	8.5148E-05	9.78615E-05	0.00010932	0.000120981	0.000131508	0.000139494	0.000149328	0.000158678	0.00016557	0.000179787
468	4.54213E-06	1.94696E-05	3.49255E-05	5.14509E-05	6.50785E-05	8.03563E-05	9.1255E-05	0.0001069	0.000118019	0.000130339	0.000141663	0.000150534	0.000160812	0.000171337	0.00017908	0.000193605
469	3.95357E-06	2.03595E-05	3.74157E-05	5.46977E-05	6.98388E-05	8.59598E-05	9.83874E-05	0.000115852	0.000127466	0.000140424	0.000152675	0.000162741	0.000173539	0.000184913	0.000194094	0.000208435
470	3.39982E-06	2.1662E-05	4.03872E-05	5.7931E-05	7.49525E-05	9.17952E-05	0.000106714	0.000124174	0.000137584	0.000151098	0.000164505	0.000176196	0.000187674	0.000199379	0.000210678	0.000224346
471	2.92789E-06	2.32165E-05	4.35743E-05	6.10691E-05	8.01497E-05	9.76319E-05	0.000115668	0.000131712	0.000147908	0.000161905	0.000176652	0.00019023	0.000202514	0.000214181	0.000227989	0.000240804
472	2.62319E-06	2.49228E-05	4.69122E-05	6.45379E-05	8.56983E-05	0.000103908	0.000125231	0.000139575	0.000158959	0.000173528	0.000189793	0.000205308	0.000218534	0.000230215	0.000246542	0.000258894
473	2.55778E-06	2.66108E-05	5.02086E-05	6.85786E-05	9.16294E-05	0.000110771	0.000135049	0.000148479	0.000170829	0.000186172	0.000204087	0.000221344	0.000235616	0.000247749	0.000266191	0.000278996
474	2.80237E-06	2.81123E-05	5.32731E-05	7.34288E-05	9.79732E-05	0.000118364	0.000144773	0.000159132	0.000183605	0.000200038	0.000219692	0.000238249	0.000253643	0.000267044	0.000286789	0.000301482
475	3.33417E-06	2.93707E-05	5.60406E-05	7.90902E-05	0.000104706	0.000126659	0.000154234	0.000171648	0.000197179	0.000215038	0.000236483	0.000255823	0.00027239	0.000287945	0.00030808	0.000326141
476	3.97102E-06	3.04455E-05	5.85239E-05	8.50026E-05	0.000111477	0.000135061	0.000163218	0.000184782	0.000210681	0.000230121	0.000253348	0.000273102	0.000290841	0.000308966	0.00032894	0.000351082
477	4.53152E-06	3.15377E-05	6.09929E-05	9.0908E-05	0.000118376	0.000143488	0.000172192	0.000197937	0.000224054	0.000245111	0.00027014	0.000290194	0.000309127	0.000329785	0.000349541	0.000375716
478	4.8299E-06	3.2787E-05	6.36025E-05	9.63952E-05	0.000125281	0.000151609	0.000181313	0.00021018	0.000236851	0.000259411	0.00028625	0.000306706	0.000326839	0.000349519	0.000369444	0.000398822
479	4.72414E-06	3.43014E-05	6.64821E-05	0.000101147	0.000132092	0.000159179	0.000190715	0.000220795	0.000248746	0.000272575	0.000301214	0.000322362	0.00034369	0.000367524	0.000388367	0.000419507
480	4.31162E-06	3.60154E-05	6.96238E-05	0.000105359	0.000138814	0.000166416	0.000200396	0.00023024	0.000260073	0.00028501	0.000315381	0.000337551	0.000360065	0.000384468	0.000406871	0.00043867
481	3.76702E-06	3.77493E-05	7.2867E-05	0.000109248	0.000145278	0.000173453	0.000210008	0.000239034	0.000271004	0.000296985	0.000328905	0.000352385	0.000376037	0.000400896	0.000425197	0.000457173
482	3.27585E-06	3.94282E-05	7.62516E-05	0.00011333	0.000151715	0.000180895	0.000219779	0.000248352	0.000282451	0.000309585	0.000342842	0.000367939	0.00039271	0.000418444	0.000444747	0.000477123
483	3.00909E-06	4.09347E-05	7.97247E-05	0.000117962	0.000158169	0.000189105	0.00022967	0.000259017	0.000294954	0.000323479	0.000357798	0.000384806	0.000410677	0.000438182	0.000466335	0.000499967
484	2.99556E-06	4.2295E-05	8.32988E-05	0.00012329	0.000164778	0.000198218	0.000239822	0.000271354	0.000308804	0.000339009	0.00037417	0.000403358	0.000430354	0.000460513	0.000490333	0.000526182
485	3.11216E-06	4.36888E-05	8.70561E-05	0.000129233	0.000171778	0.000208127	0.000250578	0.00028515	0.000324033	0.000356174	0.000392136	0.000423729	0.000451972	0.00048513	0.000516644	0.000555212
486	3.23702E-06	4.54008E-05	9.12824E-05	0.000136	0.000179804	0.000219195	0.00026286	0.000300831	0.000341407	0.000375783	0.000412769	0.000447023	0.000476798	0.000512824	0.00054635	0.00058775
487	3.23575E-06	4.75221E-05	9.5879E-05	0.000143231	0.000188733	0.000230871	0.000276486	0.000317571	0.00036027	0.000397075	0.000435416	0.000472479	0.00050411	0.000542254	0.000578262	0.000622051
488	3.0337E-06	5.01737E-05	0.000100923	0.000150897	0.000198765	0.000243143	0.000291726	0.000335262	0.000380674	0.000420081	0.000460243	0.0005002	0.000534081	0.000573308	0.00061236	0.000657827
489	2.72916E-06	5.32703E-05	0.000106463	0.000159155	0.000209976	0.000256332	0.000308596	0.000354175	0.000402765	0.000444955	0.000487397	0.000530194	0.000566707	0.000606562	0.000648909	0.000695747
490	2.45533E-06	5.6685E-05	0.000112544	0.000168201	0.000222413	0.000270827	0.000327064	0.000374664	0.000426705	0.000471876	0.00051702	0.000562449	0.000601949	0.000642732	0.00068823	0.000736671
491	2.34896E-06	6.03996E-05	0.000119424	0.000178548	0.00023655	0.000287529	0.000347717	0.000397789	0.00045347	0.000501923	0.000550241	0.000598028	0.000640916	0.000683755	0.000731955	0.000782861
492	2.52356E-06	6.4202E-05	0.000126948	0.000190087	0.000252045	0.000306325	0.00036997	0.000423237	0.000482488	0.000534464	0.000586309	0.000635985	0.000682565	0.000729194	0.000779227	0.000833873
493	2.93232E-06	6.80718E-05	0.000135055	0.000202724	0.000268719	0.000327022	0.000393708	0.000450907	0.000513655	0.000569385	0.000625023	0.00067637	0.000726875	0.000778803	0.000830056	0.000889704
494	3.42472E-06	7.20491E-05	0.000143621	0.000216194	0.000286259	0.000349091	0.000418767	0.000480433	0.000546705	0.000606397	0.000665977	0.000719265	0.000773828	0.000831778	0.000884262	0.000949849
495	3.84831E-06	7.61748E-05	0.000152519	0.000230233	0.000304348	0.000371998	0.000444982	0.000511444	0.000581372	0.000645209	0.000708759	0.00076475	0.000823405	0.000887302	0.000941663	0.001013792
496	4.05456E-06	8.05468E-05	0.000161739	0.000244746	0.000322901	0.000395488	0.00047252	0.000543955	0.000617825	0.000686013	0.000753491	0.000813475	0.000876204	0.000945227	0.001002779	0.001081778
497	3.99141E-06	8.51868E-05	0.000171205	0.000259522	0.00034173	0.000419204	0.000501156	0.000577557	0.000655713	0.000728416	0.000799735	0.000865037	0.000931761	0.00100477	0.001067052	0.001152922
498	3.78054E-06	9.02177E-05	0.000181192	0.000274837	0.000361395	0.000443736	0.000531343	0.000612671	0.000695557	0.000772972	0.00084824	0.000919556	0.000990309	0.001066744	0.001134929	0.001227481
499	3.56048E-06	9.57674E-05	0.000191997	0.000291001	0.000382511	0.000469742	0.00056357	0.000649767	0.000737927	0.000820291	0.000899828	0.000977152	0.001052092	0.001132058	0.001206897	0.001305757
500	3.47048E-06	0.000101965	0.000203921	0.000308326	0.000405694	0.000497882	0.000598329	0.000689314	0.000783397	0.000870985	0.000955324	0.001037949	0.001117357	0.001201627	0.001283445	0.001388054
501	3.60519E-06	0.000108597	0.000216608	0.000326224	0.000430291	0.000527327	0.000634365	0.000729847	0.000830297	0.000923192	0.001012792	0.001099314	0.001183362	0.001273004	0.001361528	0.001470982
502	3.90486E-06	0.000115559	0.000230031	0.000345026	0.000456467	0.000558558	0.000672222	0.000772322	0.000879535	0.000977998	0.001073308	0.001163037	0.001252005	0.00134802	0.001442999	0.001557017
503	4.25213E-06	0.00012241	0.000243519	0.000364209	0.000483147	0.000590625	0.000710789	0.000815885	0.000929914	0.001034174	0.00113534	0.001228407	0.001322459	0.001425371	0.001526455	0.001645282
504	4.53017E-06	0.000128709	0.000256405	0.000383249	0.00050926	0.00062258	0.000748958	0.000859687	0.000980242	0.001090496	0.001197366	0.001294718	0.001393899	0.00150376	0.001610505	0.001734904
505	4.63142E-06	0.000134054	0.000268072	0.00040166	0.000533815	0.000653537	0.000785701	0.000902931	0.001029406	0.001145817	0.001257965	0.001361296	0.001465548	0.001581967	0.001693846	0.001825065
506	4.57874E-06	0.000138692	0.000278845	0.000419755	0.0005573	0.000683951	0.00082167	0.000946276	0.001078222	0.001200981	0.00131814	0.001428991	0.001538412	0.001661084	0.001777818	0.001917169
507	4.48276E-06	0.000143066	0.000289172	0.000437582	0.000580164	0.000713876	0.000857086	0.000989527	0.001126735	0.001255858	0.001378002	0.001496869	0.001611684	0.001740535	0.001862092	0.002010362
508	4.45975E-06	0.000147727	0.000299714	0.000455495	0.000603271	0.000743864	0.000892767	0.001033168	0.001175769	0.001311179	0.001438612	0.001565003	0.001685645	0.001820924	0.001947608	0.002105142
509	4.62497E-06	0.000153223	0.000311124	0.000473844	0.000627475	0.000774461	0.000929526	0.001077678	0.001226135	0.001367668	0.001501022	0.001633465	0.001760571	0.001902845	0.002035293	0.002201998
510	5.01635E-06	0.000159798	0.000323738	0.000492836	0.000653174	0.000805957	0.000967749	0.001123174	0.001278103	0.00142555	0.001565518	0.001702238	0.001836386	0.001986304	0.002125243	0.002300747
511	5.52257E-06	0.000166787	0.000336572	0.000511289	0.000678452	0.000836341	0.001004842	0.001166557	0.00132803	0.001480895	0.001627437	0.001767231	0.00190817	0.002065682	0.002211192	0.002394712
512	6.04053E-06	0.000174179	0.000350016	0.000530174	0.000704199	0.000867119	0.001042416	0.001209636	0.001377834	0.001535993	0.001688908	0.001831874	0.001979073	0.002144055	0.002296137	0.002487288
513	6.45802E-06	0.000181624	0.000363773	0.000549412	0.000729919	0.000898082	0.001080024	0.001251834	0.001426722	0.001590108	0.001748744	0.001895977	0.002048346	0.002220285	0.002378572	0.002576999
514	6.6916E-06	0.000188821	0.000377548	0.000568886	0.000755193	0.000929015	0.00111726	0.001292727	0.001474089	0.001642683	0.001806082	0.001959375	0.002115485	0.002293569	0.002457431	0.002662812
515	6.77831E-06	0.000195656	0.000391045	0.000588302	0.000779915	0.000959662	0.00115388	0.001332535	0.001520131	0.001693916	0.001861431	0.002022024	0.002181012	0.002364496	0.002533496	0.002745562
516	6.78748E-06	0.000202078	0.000403987	0.000607354	0.000804102	0.000989807	0.001189737	0.001371709	0.001565325	0.001744283	0.001915751	0.002084003	0.002245825	0.002434135	0.002608149	0.002826705
517	6.78714E-06	0.000208019	0.000416066	0.000625684	0.000827702	0.001019147	0.001224585	0.001410577	0.001610007	0.001794103	0.001969823	0.002145212	0.002310617	0.002503334	0.002682536	0.002907439
518	6.83958E-06	0.000213421	0.000427013	0.000642968	0.000850667	0.001047411	0.001258213	0.001449446	0.001654493	0.001843686	0.002024373	0.002205579	0.002376029	0.002572895	0.002757734	0.002988885
519	6.94686E-06	0.000218245	0.000436773	0.000658927	0.000872621	0.001074194	0.001290227	0.00148776	0.001698165	0.001892425	0.002078675	0.002264395	0.002441159	0.002642083	0.002832952	0.00307015
520	7.07381E-06	0.000222465	0.000445421	0.000673316	0.000892986	0.001099004	0.001320126	0.001524436	0.001739834	0.001939157	0.002131106	0.002320558	0.002504151	0.002709215	0.002906248	0.003149095
521	7.1983E-06	0.000226469	0.000453873	0.000687153	0.000912868	0.001123419	0.001349892	0.001561265	0.001781585	0.001986367	0.002184064	0.00237734	0.002567876	0.002777715	0.002981164	0.003229524
522	7.2727E-06	0.000229827	0.000461394	0.000698983	0.000930088	0.001144973	0.001376648	0.001594432	0.001819113	0.002029413	0.002232113	0.002429473	0.002626	0.002841046	0.003050554	0.003303664
523	7.27914E-06	0.000232597	0.000468113	0.000708951	0.000944637	0.001163692	0.001400362	0.001623633	0.001852117	0.002067897	0.002274747	0.002476608	0.002677841	0.002898573	0.003113613	0.003370861
524	7.2217E-06	0.000234945	0.000474225	0.000717708	0.000957227	0.001180262	0.001421615	0.001649554	0.001881436	0.002102405	0.002312872	0.00251936	0.00272421	0.002951	0.003170987	0.00343235
525	7.10593E-06	0.000237046	0.00047993	0.00072594	0.00096862	0.001195414	0.001441023	0.001672942	0.001907981	0.002133585	0.00234749	0.002558406	0.002766013	0.00299912	0.003223414	0.003489487
526	6.94E-06	0.000239165	0.000485611	0.000734602	0.000979942	0.001210331	0.00145975	0.001695184	0.001933388	0.0021629	0.002380492	0.002595398	0.002805211	0.003044865	0.00327286	0.003544959
527	6.74448E-06	0.000241348	0.000491199	0.000743781	0.000991283	0.001224984	0.001477616	0.001716107	0.001957488	0.002189977	0.002411595	0.002629768	0.002841392	0.003087533	0.003318577	0.003598125
528	6.59015E-06	0.000243638	0.000496566	0.000752959	0.001002276	0.001238969	0.001494281	0.001735374	0.001979841	0.002214645	0.002440303	0.002661117	0.002874413	0.003126528	0.003360242	0.003647778
529	6.5556E-06	0.000246058	0.000501543	0.000761478	0.001012422	0.001251743	0.001509294	0.001752517	0.001999846	0.002236632	0.00246594	0.002688919	0.002904001	0.003161091	0.003397407	0.003692408
530	6.71931E-06	0.000248633	0.000505964	0.000768679	0.001021219	0.001262764	0.001522201	0.001767068	0.002016903	0.00225567	0.002487832	0.002712649	0.002929888	0.003190463	0.003429625	0.003730505
531	7.13454E-06	0.000251343	0.000509685	0.000774039	0.001028275	0.001271611	0.001532665	0.001778705	0.002030582	0.002271599	0.0025055	0.00273197	0.002951908	0.003214152	0.003456642	0.003760962
532	7.71351E-06	0.000253909	0.000512683	0.000777751	0.001033761	0.001278487	0.001540931	0.001787847	0.002041332	0.002284817	0.002519469	0.002747509	0.002970379	0.00323305	0.003479174	0.003784797
533	8.31966E-06	0.000255964	0.000514979	0.000780265	0.001038053	0.00128382	0.001547459	0.001795184	0.002049923	0.002295929	0.002530631	0.002760248	0.002985808	0.003248553	0.003498297	0.003803791
534	8.81649E-06	0.000257143	0.000516596	0.00078203	0.001041526	0.001288037	0.001552706	0.001801407	0.002057123	0.002305539	0.002539878	0.002771169	0.002998703	0.003262057	0.003515088	0.003819725
535	9.07728E-06	0.000257124	0.000517563	0.00078347	0.001044525	0.001291536	0.0015571	0.001807141	0.002063634	0.002314183	0.002548023	0.002781155	0.003009517	0.003274816	0.003530492	0.00383422
536	9.08768E-06	0.000256031	0.000517828	0.000784432	0.001046675	0.001293883	0.001560119	0.001811599	0.002068609	0.002320712	0.002554032	0.00278894	0.003016989	0.003285217	0.003542646	0.003845628
537	8.91629E-06	0.000254526	0.000517779	0.000785131	0.001048129	0.001295334	0.00156211	0.001814794	0.002072163	0.00232509	0.002558095	0.002794509	0.003021608	0.003292899	0.00355122	0.00385382
538	8.62978E-06	0.000253186	0.000517617	0.000785496	0.001048657	0.001295677	0.001562858	0.001816082	0.00207366	0.002326443	0.002559479	0.002796834	0.00302278	0.003296312	0.003554603	0.003857275
539	8.29422E-06	0.000252567	0.000517539	0.000785458	0.00104804	0.001294706	0.001562151	0.001814841	0.002072483	0.002323928	0.002557475	0.002794927	0.003019938	0.003293956	0.003551247	0.003854529
540	7.96363E-06	0.00025273	0.000517482	0.0007849	0.001046214	0.001292375	0.001559924	0.001811033	0.002068572	0.002317667	0.002552113	0.002788831	0.003013353	0.00328593	0.003541425	0.003845835
541	7.6907E-06	0.000253576	0.000517945	0.000784955	0.001045025	0.001290958	0.001558856	0.001808282	0.002065923	0.002312719	0.002548492	0.002784388	0.00300924	0.003279597	0.00353336	0.00383978
542	7.50123E-06	0.000254137	0.000517701	0.000784156	0.00104287	0.001288461	0.001556472	0.001804262	0.002061724	0.002306536	0.00254331	0.002778281	0.003003898	0.003271547	0.003523674	0.00383234
543	7.43463E-06	0.000253863	0.000516372	0.000782329	0.001039873	0.001285028	0.001552877	0.001799638	0.002056583	0.002300405	0.00253749	0.002771805	0.002998612	0.003263813	0.003514852	0.003825853
544	7.50096E-06	0.00025247	0.000513761	0.000779315	0.001036016	0.001280591	0.001547958	0.001794522	0.002050626	0.002294698	0.002531239	0.002765341	0.002993611	0.003257106	0.00350782	0.003821064
545	7.65175E-06	0.000250199	0.000510016	0.000774978	0.001030994	0.00127466	0.001541165	0.00178792	0.002043021	0.002287966	0.002523338	0.00275745	0.002987022	0.003249513	0.003500393	0.003815553
546	7.82917E-06	0.000247284	0.000505186	0.000768963	0.001024175	0.00126633	0.001531457	0.001778192	0.002032233	0.002277881	0.002511676	0.002745686	0.002975866	0.003237874	0.003489011	0.003805421
547	7.97955E-06	0.000244104	0.000499613	0.000761359	0.001015515	0.001255424	0.001518673	0.00176472	0.002017898	0.002263424	0.002495583	0.002729176	0.002958865	0.003220884	0.003472111	0.003788948
548	8.05408E-06	0.000240915	0.000493499	0.000752194	0.001004857	0.001241709	0.00150255	0.001746871	0.001999449	0.002243518	0.002474177	0.002706833	0.002934675	0.003197031	0.003447894	0.003764172
549	8.02797E-06	0.000237795	0.000487075	0.000742033	0.000992658	0.001225988	0.001483964	0.001725695	0.001977626	0.002219108	0.002448314	0.002679515	0.002904614	0.003167253	0.003417164	0.003732023
550	7.88137E-06	0.000234786	0.000480582	0.000731554	0.000979504	0.001209288	0.001464037	0.001702599	0.001953445	0.002191572	0.002419213	0.002648495	0.002870562	0.003133012	0.003381274	0.003694042
551	7.59186E-06	0.000231854	0.000474098	0.000721197	0.00096566	0.001192237	0.001443408	0.00167843	0.001927277	0.002161564	0.0023873	0.00261417	0.002833456	0.00309473	0.003340458	0.003650546
552	7.15425E-06	0.000229094	0.000467955	0.000711719	0.000951934	0.001176048	0.001423454	0.001654902	0.001900613	0.002130975	0.002354408	0.002578498	0.00279579	0.003054644	0.003296991	0.003604065
553	6.62692E-06	0.00022638	0.000461926	0.000702648	0.000938156	0.001160263	0.001403688	0.001631599	0.001873201	0.002099628	0.002320348	0.002541305	0.002757009	0.003012286	0.003250693	0.003554345
554	6.09129E-06	0.000223536	0.000455646	0.000693173	0.000923935	0.00114398	0.00138315	0.001607566	0.00184441	0.002066886	0.002284511	0.002501991	0.00271584	0.002966614	0.003200928	0.003500599
555	5.62892E-06	0.000220383	0.000448747	0.000682483	0.000908877	0.0011263	0.001360876	0.001581846	0.001813613	0.00203211	0.002246288	0.002459954	0.002671003	0.002916587	0.003147061	0.003442038
556	5.32986E-06	0.000217394	0.00044219	0.00067182	0.000895228	0.001109645	0.001339915	0.001558111	0.001785444	0.002000546	0.002211566	0.002421708	0.002629036	0.002869676	0.00309756	0.003387869
557	5.19027E-06	0.000213994	0.000434869	0.000659678	0.000880658	0.001091252	0.001317045	0.001532404	0.001755462	0.00196709	0.002174733	0.002381215	0.002583614	0.00281918	0.003044843	0.003330042
558	5.19038E-06	0.000210366	0.000427264	0.000647164	0.000865827	0.001072323	0.001293834	0.001506149	0.001725219	0.001933261	0.002137461	0.00234044	0.002537517	0.002768277	0.002991571	0.003271879
559	5.3098E-06	0.000206698	0.000419861	0.000635406	0.000851405	0.00105408	0.001271878	0.001480794	0.001696291	0.001900604	0.002101452	0.002301379	0.002493576	0.002720197	0.00294045	0.003216759
560	5.52604E-06	0.000203166	0.000413114	0.00062546	0.000838015	0.001037666	0.001252662	0.001457691	0.001670147	0.001870563	0.002068299	0.002265891	0.002454443	0.002677961	0.002894018	0.003167833
561	5.76551E-06	0.000198965	0.000405284	0.000614659	0.000822188	0.001018761	0.001230869	0.001430776	0.001639814	0.001835509	0.002029595	0.002224581	0.002410042	0.002630406	0.002840501	0.003111917
562	5.97648E-06	0.000194746	0.000397445	0.000604282	0.000806436	0.001000138	0.001209586	0.001404157	0.001610018	0.001801207	0.001991771	0.002184076	0.002367232	0.002584614	0.002788639	0.003057764
563	6.08589E-06	0.000190337	0.000389003	0.000593072	0.000789888	0.00098038	0.001186838	0.001376054	0.001578743	0.001765873	0.00195291	0.00214186	0.002322955	0.002536847	0.002735484	0.003001332
564	6.02458E-06	0.000185577	0.000379387	0.000579819	0.000771709	0.000958123	0.001160726	0.001344763	0.001544049	0.001727789	0.001911167	0.002095515	0.002274263	0.002483505	0.002678202	0.002938733
565	5.81722E-06	0.000180479	0.000368682	0.00056443	0.00075189	0.000933301	0.001131113	0.001310295	0.001505822	0.001686751	0.001866308	0.00204491	0.002220807	0.00242422	0.002616491	0.002869655
566	5.58486E-06	0.000175206	0.000357568	0.000547855	0.00073113	0.000906999	0.00109946	0.001274176	0.001465528	0.001643783	0.00181939	0.001991877	0.002164477	0.002361485	0.002552145	0.002796907
567	5.45527E-06	0.000170003	0.000346917	0.000531336	0.000710483	0.00088076	0.001067793	0.00123857	0.001425362	0.001600698	0.00177234	0.001939221	0.002108233	0.002298974	0.002488192	0.002724684
568	5.55185E-06	0.000165072	0.000337497	0.00051597	0.000690823	0.000855901	0.001037857	0.001205314	0.001387152	0.001558909	0.001726646	0.001889254	0.002054498	0.002239772	0.002427032	0.002656485
569	5.88027E-06	0.000160478	0.000329418	0.000502082	0.000672382	0.000832829	0.001010194	0.001174815	0.001351376	0.001518738	0.001682629	0.00184249	0.002003832	0.002184677	0.002369041	0.002593084
570	6.28563E-06	0.000156093	0.000321879	0.000488945	0.000654514	0.000810719	0.000983712	0.001145529	0.001316669	0.001479013	0.001639023	0.001796994	0.001954259	0.002131371	0.002311831	0.002531544
571	6.6025E-06	0.000151792	0.000314048	0.0004758	0.000636569	0.000788728	0.000957282	0.001115872	0.001281651	0.001438584	0.001594587	0.001750812	0.001903788	0.002077499	0.002253019	0.002468885
572	6.66592E-06	0.000147422	0.000305044	0.000461811	0.000617791	0.000765881	0.000929621	0.001084081	0.001244728	0.001396058	0.001547815	0.001701701	0.001850116	0.002020362	0.002189847	0.002401721
573	6.39998E-06	0.000142913	0.000294614	0.000446717	0.000597976	0.000741836	0.00090028	0.001049605	0.001205441	0.001351186	0.00149845	0.001648985	0.001792607	0.001959038	0.002121599	0.002329014
574	5.88122E-06	0.000138316	0.000283534	0.000431174	0.000577773	0.000717217	0.000870102	0.001013816	0.001165075	0.001305456	0.001448142	0.00159441	0.001733205	0.001895337	0.002050712	0.002253376
575	5.20114E-06	0.000133693	0.000272683	0.000415927	0.000557917	0.000692741	0.000840052	0.000978268	0.00112509	0.001260521	0.001398726	0.001539956	0.001674102	0.001831337	0.001979931	0.002177777
576	4.44621E-06	0.000128969	0.000262652	0.000401287	0.00053856	0.000668411	0.00081023	0.000943503	0.001085775	0.001216733	0.001350584	0.001486008	0.001615753	0.001767219	0.001909947	0.002102926
577	3.71296E-06	0.000124344	0.000254127	0.000388044	0.000520628	0.000645372	0.000782056	0.000911348	0.001049031	0.001176186	0.00130597	0.00143522	0.001561006	0.001706097	0.001844337	0.002032624
578	3.08945E-06	0.000119861	0.000246478	0.00037567	0.000503559	0.000623314	0.000755042	0.000880882	0.001013863	0.001137625	0.001263278	0.001386426	0.001508395	0.00164704	0.001781702	0.001965034
579	2.66292E-06	0.000115557	0.000238951	0.000363533	0.000486685	0.000601841	0.000728583	0.00085098	0.000979077	0.00109956	0.001220622	0.001338201	0.001456157	0.001588866	0.001720301	0.001897927
580	2.51983E-06	0.000111469	0.000230798	0.000351008	0.000469346	0.000580561	0.00070208	0.000820528	0.00094349	0.00106051	0.001176132	0.001289133	0.001402542	0.001530407	0.001658409	0.001829089
581	2.69051E-06	0.000107799	0.000222044	0.000338387	0.000452043	0.000560244	0.00067648	0.000790401	0.000908201	0.001021602	0.001131074	0.001240854	0.001349274	0.001473829	0.001598065	0.001760752
582	3.04712E-06	0.000104214	0.000212663	0.000325272	0.000434207	0.000539653	0.000650659	0.000759485	0.000872009	0.000981478	0.001084559	0.001191678	0.001294855	0.001416681	0.001536661	0.001690727
583	3.44427E-06	0.000100585	0.000203219	0.00031206	0.000416312	0.000518739	0.000624983	0.00072847	0.00083579	0.000941123	0.001038396	0.001142729	0.001240907	0.001359749	0.001475146	0.001620863
584	3.73656E-06	9.67861E-05	0.000194273	0.000299149	0.000398831	0.000497451	0.000599818	0.000698047	0.000800421	0.000901527	0.000994396	0.00109513	0.001189051	0.001303818	0.001414468	0.001553004
585	3.84141E-06	9.27503E-05	0.000186155	0.000286751	0.000382033	0.000475796	0.000575315	0.000668606	0.00076642	0.000863271	0.000953529	0.001049497	0.001140149	0.001249308	0.001355175	0.001488171
586	3.85452E-06	8.86943E-05	0.000178783	0.000274911	0.000366081	0.000454511	0.000551735	0.000640506	0.000734243	0.00082687	0.000915612	0.001006301	0.00109435	0.001197137	0.001298347	0.001426905
587	3.89161E-06	8.463E-05	0.000171497	0.000262861	0.000350081	0.000433162	0.000527785	0.000612282	0.000702245	0.000790469	0.000877665	0.00096313	0.001048571	0.001144902	0.001241459	0.001365606
588	4.07372E-06	8.06916E-05	0.000163878	0.00025021	0.000333637	0.000411941	0.000502925	0.000583341	0.000669785	0.000753345	0.000837948	0.000918944	0.001001215	0.001091837	0.001183762	0.00130262
589	4.45657E-06	7.69518E-05	0.00015567	0.000236771	0.000316517	0.000390984	0.000476874	0.00055335	0.000636444	0.000715088	0.000795427	0.0008731	0.000951307	0.001037497	0.001124803	0.001236984
590	4.9011E-06	7.32986E-05	0.000147102	0.000222967	0.000298983	0.000370267	0.000450119	0.000522742	0.000602465	0.000676215	0.000751172	0.000826143	0.000899713	0.000982404	0.001065013	0.001169799
591	5.24536E-06	6.97675E-05	0.000138855	0.000209885	0.000282124	0.000350646	0.000424403	0.000493383	0.0005697	0.000639087	0.0007085	0.000780877	0.000849863	0.000929682	0.001007619	0.001105434
592	5.29938E-06	6.60103E-05	0.000130846	0.000197455	0.000265472	0.000331052	0.000399124	0.000464421	0.000536864	0.000602547	0.000666821	0.000735807	0.000800508	0.000877346	0.0009503	0.001042179
593	4.96807E-06	6.19702E-05	0.000123291	0.000186031	0.000249303	0.000311458	0.000374762	0.000436311	0.000504305	0.000567094	0.000627172	0.00069155	0.000752568	0.000825922	0.000893584	0.000981106
594	4.41563E-06	5.78749E-05	0.000116081	0.000175363	0.000233642	0.000291936	0.000351297	0.000409099	0.000472304	0.0005326	0.000589196	0.000648239	0.000706011	0.000775381	0.000837767	0.000921948
595	3.85802E-06	5.40098E-05	0.000109038	0.000165084	0.000218463	0.000272577	0.00032861	0.000382758	0.000441136	0.000498816	0.000552267	0.000605912	0.000660627	0.000725583	0.000783104	0.00086418
596	3.50893E-06	5.05812E-05	0.000101817	0.000154567	0.000203406	0.000253058	0.000306077	0.000356667	0.0004104	0.00046472	0.000514897	0.000563682	0.000615184	0.000675275	0.000728651	0.000805933
597	3.53487E-06	4.78459E-05	9.45221E-05	0.000143865	0.000188853	0.00023401	0.000284226	0.000331472	0.000381064	0.000431093	0.000477688	0.000522706	0.000570771	0.000625777	0.000676033	0.000748465
598	3.91394E-06	4.55868E-05	8.73437E-05	0.000133174	0.000174875	0.000215768	0.000263228	0.000307172	0.00035307	0.00039833	0.000441099	0.000483252	0.000527777	0.000577713	0.000625484	0.00069236
599	4.59066E-06	4.35148E-05	8.05257E-05	0.000122769	0.000161557	0.0001987	0.000243297	0.000283771	0.000326317	0.000366919	0.000405743	0.000445621	0.000486675	0.000531813	0.000577238	0.000638368
600	5.50889E-06	4.13383E-05	7.43141E-05	0.000112927	0.000148986	0.000183179	0.000224651	0.00026127	0.000300701	0.000337353	0.000372241	0.000410116	0.000447944	0.000488818	0.000531528	0.000587243
601	6.55352E-06	3.87514E-05	6.86606E-05	0.000103569	0.000136861	0.000168909	0.00020683	0.000239089	0.000275454	0.00030912	0.000340163	0.00037592	0.000410774	0.000447974	0.000487186	0.00053803
602	7.52457E-06	3.59099E-05	6.35811E-05	9.49628E-05	0.000125578	0.000155915	0.000190172	0.00021811	0.000251525	0.000282907	0.000310554	0.000343955	0.000376081	0.00041016	0.000445431	0.000491976
603	8.19116E-06	3.28974E-05	5.88281E-05	8.70164E-05	0.000115095	0.000143598	0.000174315	0.000198493	0.000229038	0.000258354	0.000283324	0.000313916	0.000343409	0.00037472	0.000405919	0.000448523
604	8.32293E-06	2.97979E-05	5.41542E-05	7.96369E-05	0.000105373	0.000131359	0.000158901	0.0001804	0.000208116	0.0002351	0.00025838	0.000285499	0.000312305	0.000340995	0.000368303	0.000407111
605	7.82451E-06	2.6733E-05	4.94379E-05	7.27387E-05	9.63422E-05	0.000118897	0.000143761	0.000163886	0.000188799	0.000212952	0.000235533	0.000258511	0.000282523	0.000308592	0.000332424	0.000367475
606	6.92891E-06	2.39193E-05	4.48685E-05	6.62634E-05	8.78797E-05	0.000106649	0.000129208	0.000148775	0.000170944	0.000192152	0.000214373	0.000233057	0.000254358	0.000277782	0.000298605	0.000330112
607	5.91562E-06	2.15802E-05	4.06672E-05	6.01356E-05	7.98252E-05	9.51266E-05	0.000115587	0.000134809	0.000154327	0.000172948	0.000194394	0.000209212	0.000228103	0.000248853	0.000267148	0.000295523
608	5.0647E-06	1.99415E-05	3.70619E-05	5.4291E-05	7.20335E-05	8.48586E-05	0.000103263	0.000121754	0.000138754	0.000155615	0.000175127	0.000187091	0.000204094	0.000222134	0.000238404	0.000264263
609	4.57031E-06	1.90287E-05	3.41306E-05	4.87216E-05	6.44539E-05	7.60858E-05	9.24179E-05	0.000109447	0.000124124	0.000140178	0.000156372	0.000166782	0.000182476	0.000197848	0.000212539	0.000236534
610	4.44876E-06	1.84518E-05	3.16417E-05	4.35362E-05	5.72313E-05	6.84561E-05	8.28552E-05	9.78687E-05	0.000110527	0.000126145	0.000138496	0.000148323	0.000163008	0.000175992	0.000189336	0.000211803
611	4.68598E-06	1.77378E-05	2.92729E-05	3.87884E-05	5.04447E-05	6.14342E-05	7.42E-05	8.68627E-05	9.79021E-05	0.000112757	0.000121716	0.000131506	0.000145141	0.000156257	0.00016823	0.000189108
612	5.28096E-06	1.64858E-05	2.68174E-05	3.46841E-05	4.43741E-05	5.47316E-05	6.63713E-05	7.6621E-05	8.65796E-05	9.97094E-05	0.000106734	0.000116648	0.000128903	0.00013895	0.000149325	0.00016824
613	6.10645E-06	1.45922E-05	2.41578E-05	3.12443E-05	3.91071E-05	4.81924E-05	5.92086E-05	6.72085E-05	7.65706E-05	8.68766E-05	9.37532E-05	0.000103641	0.000114101	0.000123859	0.000132374	0.000148839
614	6.83629E-06	1.25103E-05	2.14294E-05	2.83261E-05	3.46028E-05	4.21111E-05	5.2695E-05	5.88067E-05	6.77268E-05	7.48501E-05	8.26026E-05	9.2164E-05	0.000100712	0.000110489	0.000117178	0.000130995
615	7.12726E-06	1.07437E-05	1.87908E-05	2.57717E-05	3.08079E-05	3.68238E-05	4.68274E-05	5.16072E-05	5.98856E-05	6.42871E-05	7.30775E-05	8.1878E-05	8.87327E-05	9.83186E-05	0.000103545	0.000114841
616	6.63318E-06	9.76268E-06	1.63641E-05	2.33772E-05	2.76102E-05	3.25881E-05	4.15141E-05	4.56969E-05	5.27753E-05	5.57095E-05	6.4836E-05	7.22986E-05	7.79911E-05	8.66589E-05	9.10928E-05	0.000100296
617	5.40292E-06	9.687E-06	1.4312E-05	2.1144E-05	2.49741E-05	2.95059E-05	3.68336E-05	4.11071E-05	4.6444E-05	4.93746E-05	5.7786E-05	6.34814E-05	6.86094E-05	7.56029E-05	7.99757E-05	8.76589E-05
618	3.94693E-06	1.00933E-05	1.27018E-05	1.91405E-05	2.27242E-05	2.71862E-05	3.2718E-05	3.73904E-05	4.08877E-05	4.46851E-05	5.15899E-05	5.55456E-05	6.03946E-05	6.54964E-05	7.02365E-05	7.68255E-05
619	2.80098E-06	1.05287E-05	1.15964E-05	1.74428E-05	2.06828E-05	2.52159E-05	2.90983E-05	3.40816E-05	3.61085E-05	4.10048E-05	4.59095E-05	4.86263E-05	5.31496E-05	5.67137E-05	6.19265E-05	6.76837E-05
620	2.47328E-06	1.05601E-05	1.10495E-05	1.61205E-05	1.86821E-05	2.31994E-05	2.59074E-05	3.0737E-05	3.21035E-05	3.77189E-05	4.04263E-05	4.28492E-05	4.66857E-05	4.96063E-05	5.50879E-05	6.01198E-05
621	3.00949E-06	1.00747E-05	1.09396E-05	1.51271E-05	1.67496E-05	2.10363E-05	2.31309E-05	2.72916E-05	2.87871E-05	3.45491E-05	3.52025E-05	3.82051E-05	4.09931E-05	4.41743E-05	4.96295E-05	5.40071E-05
622	3.98541E-06	9.23873E-06	1.09283E-05	1.4242E-05	1.50396E-05	1.8836E-05	2.0714E-05	2.39473E-05	2.58751E-05	3.1414E-05	3.05355E-05	3.43973E-05	3.60734E-05	3.98908E-05	4.51288E-05	4.89907E-05
623	4.96391E-06	8.24342E-06	1.06871E-05	1.32624E-05	1.37383E-05	1.67505E-05	1.864E-05	2.09615E-05	2.31261E-05	2.82972E-05	2.67922E-05	3.11846E-05	3.20007E-05	3.62865E-05	4.12362E-05	4.48E-05
624	5.53724E-06	7.27385E-06	9.91884E-06	1.20072E-05	1.30091E-05	1.49234E-05	1.689E-05	1.85723E-05	2.03249E-05	2.51915E-05	2.42995E-05	2.83366E-05	2.88353E-05	3.29241E-05	3.76226E-05	4.11718E-05
625	5.65428E-06	6.45144E-06	8.72899E-06	1.05753E-05	1.27129E-05	1.34071E-05	1.54182E-05	1.67768E-05	1.75941E-05	2.22172E-05	2.2871E-05	2.57405E-05	2.64605E-05	2.97532E-05	3.42052E-05	3.79125E-05
626	5.53132E-06	5.85798E-06	7.52619E-06	9.28065E-06	1.25056E-05	1.22021E-05	1.41759E-05	1.5415E-05	1.53211E-05	1.96111E-05	2.19723E-05	2.33986E-05	2.46602E-05	2.70387E-05	3.11192E-05	3.49226E-05
627	5.37481E-06	5.5584E-06	6.70164E-06	8.41467E-06	1.20099E-05	1.12753E-05	1.30778E-05	1.42841E-05	1.38546E-05	1.75576E-05	2.10097E-05	2.1253E-05	2.31541E-05	2.4979E-05	2.84204E-05	3.20128E-05
628	5.37219E-06	5.60808E-06	6.60125E-06	8.23451E-06	1.09215E-05	1.06075E-05	1.20726E-05	1.32231E-05	1.34956E-05	1.62314E-05	1.94856E-05	1.92883E-05	2.17183E-05	2.37558E-05	2.61882E-05	2.90646E-05
629	5.49641E-06	5.90589E-06	7.09105E-06	8.5886E-06	9.41806E-06	1.01425E-05	1.12268E-05	1.22292E-05	1.39322E-05	1.54676E-05	1.74527E-05	1.75539E-05	2.03049E-05	2.30678E-05	2.43128E-05	2.61328E-05
630	5.61131E-06	6.27132E-06	7.79309E-06	9.11758E-06	7.92183E-06	9.805E-06	1.06666E-05	1.13802E-05	1.4541E-05	1.49291E-05	1.52435E-05	1.61325E-05	1.89557E-05	2.23687E-05	2.25883E-05	2.33598E-05
631	5.58909E-06	6.53405E-06	8.34205E-06	9.4767E-06	6.86548E-06	9.53472E-06	1.05339E-05	1.07706E-05	1.47221E-05	1.43008E-05	1.32117E-05	1.51297E-05	1.77399E-05	2.11451E-05	2.08411E-05	2.092E-05
632	5.31779E-06	6.5407E-06	8.41868E-06	9.35837E-06	6.56047E-06	9.25511E-06	1.08742E-05	1.04419E-05	1.39693E-05	1.33008E-05	1.16223E-05	1.45636E-05	1.66503E-05	1.89649E-05	1.88898E-05	1.88949E-05
633	4.87089E-06	6.33916E-06	8.08574E-06	8.814E-06	6.81308E-06	8.97712E-06	1.14025E-05	1.03544E-05	1.25376E-05	1.209E-05	1.05463E-05	1.4271E-05	1.56098E-05	1.62328E-05	1.69192E-05	1.72876E-05
634	4.38086E-06	6.04132E-06	7.52957E-06	8.01015E-06	7.25656E-06	8.73567E-06	1.17183E-05	1.04349E-05	1.09283E-05	1.09689E-05	9.98126E-06	1.40193E-05	1.45076E-05	1.36204E-05	1.5223E-05	1.60615E-05
635	3.9803E-06	5.75921E-06	6.93672E-06	7.11359E-06	7.52376E-06	8.56573E-06	1.14203E-05	1.06104E-05	9.64319E-06	1.02383E-05	9.92455E-06	1.35755E-05	1.32329E-05	1.17998E-05	1.40953E-05	1.51802E-05
636	3.77442E-06	5.58226E-06	6.46597E-06	6.27892E-06	7.39276E-06	8.48935E-06	1.03091E-05	1.08166E-05	9.05096E-06	1.00888E-05	1.03278E-05	1.28184E-05	1.17675E-05	1.12297E-05	1.37335E-05	1.4616E-05
637	3.73589E-06	5.46139E-06	6.1094E-06	5.54497E-06	7.02271E-06	8.38792E-06	8.70789E-06	1.08924E-05	8.9848E-06	1.02394E-05	1.08774E-05	1.18328E-05	1.02488E-05	1.15493E-05	1.38626E-05	1.41974E-05
638	3.82354E-06	5.3377E-06	5.8483E-06	4.95181E-06	6.67474E-06	8.14051E-06	7.08606E-06	1.06889E-05	9.20064E-06	1.03445E-05	1.12342E-05	1.07903E-05	8.89117E-06	1.22685E-05	1.41559E-05	1.37719E-05
639	3.99573E-06	5.15211E-06	5.66374E-06	4.53968E-06	6.611E-06	7.62606E-06	5.91543E-06	1.00567E-05	9.45255E-06	1.00567E-05	1.10578E-05	9.86304E-06	7.91056E-06	1.28945E-05	1.42841E-05	1.31862E-05
640	4.20369E-06	4.8911E-06	5.53322E-06	4.32871E-06	6.91948E-06	6.84516E-06	5.42927E-06	8.98803E-06	9.56293E-06	9.24135E-06	1.02349E-05	9.11716E-06	7.42896E-06	1.31117E-05	1.39982E-05	1.23881E-05
641	4.38331E-06	4.62703E-06	5.42501E-06	4.29786E-06	7.348E-06	6.03008E-06	5.39597E-06	7.74433E-06	9.48298E-06	8.17145E-06	9.08692E-06	8.40972E-06	7.38284E-06	1.29438E-05	1.31998E-05	1.15154E-05
642	4.4725E-06	4.44746E-06	5.31159E-06	4.42547E-06	7.61059E-06	5.44814E-06	5.53435E-06	6.6288E-06	9.18791E-06	7.17776E-06	7.99774E-06	7.58197E-06	7.69414E-06	1.24669E-05	1.18214E-05	1.07413E-05
643	4.40934E-06	4.43503E-06	5.16431E-06	4.68636E-06	7.42509E-06	5.35553E-06	5.56507E-06	5.93536E-06	8.65114E-06	6.58031E-06	7.33863E-06	6.47782E-06	8.27885E-06	1.1752E-05	9.79856E-06	1.02286E-05
644	4.20604E-06	4.58209E-06	5.00518E-06	5.02202E-06	6.77194E-06	5.73533E-06	5.40566E-06	5.76234E-06	7.92838E-06	6.45467E-06	7.18411E-06	5.18681E-06	9.00827E-06	1.08833E-05	7.36581E-06	9.99706E-06
645	3.95853E-06	4.77904E-06	4.91348E-06	5.33635E-06	5.92829E-06	6.26199E-06	5.19611E-06	5.98692E-06	7.16828E-06	6.60012E-06	7.27329E-06	4.07599E-06	9.70329E-06	9.96024E-06	5.09504E-06	9.90429E-06
646	3.76738E-06	4.90924E-06	4.97143E-06	5.52969E-06	5.18856E-06	6.59002E-06	5.08866E-06	6.4726E-06	6.52468E-06	6.79864E-06	7.32429E-06	3.52954E-06	1.01793E-05	9.0825E-06	3.58013E-06	9.79678E-06
647	3.72479E-06	4.86602E-06	5.24879E-06	5.51491E-06	4.82671E-06	6.40726E-06	5.22226E-06	7.08283E-06	6.14004E-06	6.84938E-06	7.08168E-06	3.88971E-06	1.0263E-05	8.34424E-06	3.36022E-06	9.53423E-06
648	3.8052E-06	4.6494E-06	5.65022E-06	5.3374E-06	4.83933E-06	5.78852E-06	5.5543E-06	7.67251E-06	5.98999E-06	6.74281E-06	6.58945E-06	4.97619E-06	9.89327E-06	7.73492E-06	4.28566E-06	9.10599E-06
649	3.90792E-06	4.32814E-06	5.97475E-06	5.12806E-06	5.04584E-06	5.05732E-06	5.92616E-06	8.09114E-06	5.94389E-06	6.59262E-06	6.08436E-06	6.27377E-06	9.08123E-06	7.17786E-06	5.76559E-06	8.58539E-06
650	3.9303E-06	3.97269E-06	6.01818E-06	5.02019E-06	5.2614E-06	4.54364E-06	6.17615E-06	8.18698E-06	5.86841E-06	6.51533E-06	5.80804E-06	7.25793E-06	7.83932E-06	6.59472E-06	7.19756E-06	8.04765E-06
651	3.793E-06	3.65328E-06	5.63083E-06	5.11422E-06	5.3329E-06	4.51042E-06	6.17079E-06	7.84169E-06	5.65489E-06	6.60269E-06	5.94534E-06	7.50682E-06	6.23077E-06	5.93265E-06	8.06594E-06	7.55268E-06
652	3.54082E-06	3.43281E-06	4.95571E-06	5.32444E-06	5.27734E-06	4.84495E-06	5.92617E-06	7.11191E-06	5.3251E-06	6.80233E-06	6.36194E-06	7.15813E-06	4.58328E-06	5.27135E-06	8.33176E-06	7.06706E-06
653	3.26157E-06	3.37309E-06	4.23657E-06	5.50335E-06	5.17033E-06	5.30889E-06	5.51033E-06	6.11557E-06	4.94622E-06	7.01482E-06	6.81699E-06	6.54014E-06	3.31749E-06	4.73723E-06	8.11768E-06	6.52794E-06
654	3.04375E-06	3.53632E-06	3.71902E-06	5.50233E-06	5.08805E-06	5.66198E-06	4.99188E-06	4.97167E-06	4.58609E-06	7.13991E-06	7.06776E-06	5.98375E-06	2.85708E-06	4.45774E-06	7.54755E-06	5.87204E-06
655	2.95689E-06	3.92802E-06	3.54542E-06	5.23246E-06	5.06652E-06	5.74395E-06	4.43854E-06	3.83382E-06	4.31802E-06	7.10329E-06	6.96184E-06	5.70426E-06	3.37999E-06	4.51272E-06	6.75656E-06	5.08834E-06
656	3.01309E-06	4.39612E-06	3.58006E-06	4.74937E-06	5.02519E-06	5.59054E-06	3.90548E-06	2.93625E-06	4.21858E-06	6.88235E-06	6.56725E-06	5.60108E-06	4.4144E-06	4.84616E-06	5.89355E-06	4.29112E-06
657	3.22996E-06	4.78324E-06	3.66E-06	4.15961E-06	4.89094E-06	5.2994E-06	3.46854E-06	2.54479E-06	4.3864E-06	6.50002E-06	6.02428E-06	5.5517E-06	5.39946E-06	5.40234E-06	5.14467E-06	3.64079E-06
658	3.61553E-06	4.92716E-06	3.61746E-06	3.55608E-06	4.58133E-06	4.95316E-06	3.19026E-06	2.90433E-06	4.90365E-06	5.96379E-06	5.4546E-06	5.42203E-06	5.77969E-06	6.11272E-06	4.6753E-06	3.28174E-06
659	4.09647E-06	4.79031E-06	3.42336E-06	3.01773E-06	4.1113E-06	4.5849E-06	3.08679E-06	3.94339E-06	5.65802E-06	5.33884E-06	4.92243E-06	5.17033E-06	5.41571E-06	6.82823E-06	4.5584E-06	3.2917E-06
660	4.49742E-06	4.49123E-06	3.22247E-06	2.60602E-06	3.61793E-06	4.16557E-06	3.11613E-06	5.19406E-06	6.29341E-06	4.76267E-06	4.42002E-06	4.87062E-06	4.68941E-06	7.29886E-06	4.75116E-06	3.6649E-06
661	4.63077E-06	4.15282E-06	3.16627E-06	2.37818E-06	3.24162E-06	3.6575E-06	3.22843E-06	6.15586E-06	6.43037E-06	4.37156E-06	3.92995E-06	4.59818E-06	4.01013E-06	7.25903E-06	5.19677E-06	4.38457E-06
662	4.34365E-06	3.8988E-06	3.39521E-06	2.38908E-06	3.11761E-06	3.04484E-06	3.38147E-06	6.38744E-06	5.75781E-06	4.29907E-06	3.45614E-06	4.43061E-06	3.76213E-06	6.5046E-06	5.84027E-06	5.42097E-06
663	3.71026E-06	3.73455E-06	3.84849E-06	2.59984E-06	3.22893E-06	2.41972E-06	3.5248E-06	5.90391E-06	4.48499E-06	4.52165E-06	3.10098E-06	4.33259E-06	3.94227E-06	5.25203E-06	6.51502E-06	6.50992E-06
664	2.94392E-06	3.59819E-06	4.34738E-06	2.91782E-06	3.4706E-06	1.94238E-06	3.6056E-06	4.99709E-06	3.1371E-06	4.92576E-06	3.02945E-06	4.20525E-06	4.31933E-06	3.97474E-06	6.9914E-06	7.24987E-06
665	2.25858E-06	3.42733E-06	4.71265E-06	3.25021E-06	3.73707E-06	1.77297E-06	3.57133E-06	3.96082E-06	2.24043E-06	5.39733E-06	3.40639E-06	3.94942E-06	4.66037E-06	3.14679E-06	7.04033E-06	7.23987E-06
666	1.82805E-06	3.18928E-06	4.80971E-06	3.51969E-06	3.9477E-06	2.00956E-06	3.39673E-06	3.0635E-06	2.17913E-06	5.82991E-06	4.30777E-06	3.51704E-06	4.79187E-06	3.11392E-06	6.54009E-06	6.25782E-06
667	1.64435E-06	2.9428E-06	4.63994E-06	3.67822E-06	4.08613E-06	2.4756E-06	3.13589E-06	2.44144E-06	2.73414E-06	6.09108E-06	5.40293E-06	3.0362E-06	4.73761E-06	3.6664E-06	5.74758E-06	4.75631E-06
668	1.65827E-06	2.77909E-06	4.25118E-06	3.69269E-06	4.16132E-06	2.92685E-06	2.87233E-06	2.2075E-06	3.53462E-06	6.0537E-06	6.2618E-06	2.6911E-06	4.58372E-06	4.45731E-06	5.03603E-06	3.38269E-06
669	1.82057E-06	2.78844E-06	3.69161E-06	3.5306E-06	4.18207E-06	3.12131E-06	2.6892E-06	2.47265E-06	4.21141E-06	5.59228E-06	6.45808E-06	2.66457E-06	4.41599E-06	5.14124E-06	4.7755E-06	2.77921E-06
670	2.08296E-06	2.98715E-06	3.03804E-06	3.21049E-06	4.14159E-06	3.00383E-06	2.63467E-06	3.19141E-06	4.53123E-06	4.71597E-06	5.87597E-06	3.02713E-06	4.29384E-06	5.49481E-06	5.07349E-06	3.16448E-06
671	2.39511E-06	3.25867E-06	2.4132E-06	2.83497E-06	4.00026E-06	2.83811E-06	2.69251E-06	4.04185E-06	4.48917E-06	3.66136E-06	4.92923E-06	3.64965E-06	4.22476E-06	5.4976E-06	5.57539E-06	4.01884E-06
672	2.713E-06	3.48271E-06	1.95322E-06	2.52467E-06	3.72836E-06	2.92805E-06	2.84796E-06	4.68516E-06	4.11799E-06	2.70176E-06	4.10195E-06	4.3923E-06	4.22419E-06	5.16734E-06	5.89695E-06	4.75948E-06
673	2.98984E-06	3.54367E-06	1.78057E-06	2.38738E-06	3.29762E-06	3.54238E-06	3.08176E-06	4.80614E-06	3.45633E-06	2.08916E-06	3.83289E-06	5.1134E-06	4.29965E-06	4.52223E-06	5.679E-06	4.84574E-06
674	3.17451E-06	3.44042E-06	1.91242E-06	2.43265E-06	2.7835E-06	4.54445E-06	3.36554E-06	4.44541E-06	2.71402E-06	1.91202E-06	4.09557E-06	5.68959E-06	4.43998E-06	3.69417E-06	4.98304E-06	4.33994E-06
675	3.21278E-06	3.25556E-06	2.28889E-06	2.59812E-06	2.33729E-06	5.50106E-06	3.66434E-06	3.90391E-06	2.22591E-06	2.13903E-06	4.52308E-06	6.01113E-06	4.62035E-06	2.89811E-06	4.17828E-06	3.74568E-06
676	3.047E-06	3.06952E-06	2.84528E-06	2.81679E-06	2.10865E-06	5.96757E-06	3.93853E-06	3.48278E-06	2.32508E-06	2.73302E-06	4.73707E-06	5.96212E-06	4.81006E-06	2.34686E-06	3.63465E-06	3.56964E-06
677	2.66432E-06	2.96151E-06	3.50417E-06	3.03333E-06	2.19999E-06	5.63191E-06	4.16153E-06	3.41839E-06	3.21077E-06	3.62385E-06	4.47269E-06	5.49991E-06	4.98844E-06	2.22455E-06	3.63761E-06	4.16844E-06
678	2.2134E-06	2.96813E-06	4.10345E-06	3.21357E-06	2.47626E-06	4.70367E-06	4.32106E-06	3.61425E-06	4.461E-06	4.56882E-06	3.91578E-06	4.83656E-06	5.12471E-06	2.55714E-06	4.04977E-06	5.18802E-06
679	1.88843E-06	3.11486E-06	4.45899E-06	3.33036E-06	2.7374E-06	3.53958E-06	4.41012E-06	3.88216E-06	5.48261E-06	5.27899E-06	3.37931E-06	4.2563E-06	5.187E-06	3.32706E-06	4.61711E-06	6.07794E-06
680	1.8796E-06	3.4257E-06	4.39092E-06	3.35714E-06	2.78766E-06	2.49089E-06	4.42182E-06	4.03753E-06	5.695E-06	5.47158E-06	3.1705E-06	4.03791E-06	5.1444E-06	4.51512E-06	5.09013E-06	6.29921E-06
681	2.24109E-06	3.85411E-06	3.90284E-06	3.30174E-06	2.60224E-06	1.7864E-06	4.36868E-06	4.02835E-06	4.99944E-06	5.11076E-06	3.43133E-06	4.29558E-06	5.03382E-06	5.99678E-06	5.37326E-06	5.75015E-06
682	2.77828E-06	4.18661E-06	3.23816E-06	3.18106E-06	2.3973E-06	1.42885E-06	4.23276E-06	3.9618E-06	4.0055E-06	4.4872E-06	3.99118E-06	4.81952E-06	4.93184E-06	7.40152E-06	5.54769E-06	4.95558E-06
683	3.28057E-06	4.20745E-06	2.68476E-06	3.02829E-06	2.42542E-06	1.41506E-06	4.01351E-06	3.97862E-06	3.41821E-06	3.94846E-06	4.66431E-06	5.38754E-06	4.94298E-06	8.34979E-06	5.73324E-06	4.53039E-06
684	3.5491E-06	3.72791E-06	2.5081E-06	2.87683E-06	2.91195E-06	1.73495E-06	3.71482E-06	4.20261E-06	3.87101E-06	3.81231E-06	5.27459E-06	5.79202E-06	5.16243E-06	8.50248E-06	6.04125E-06	5.03208E-06
685	3.5263E-06	2.87265E-06	2.70858E-06	2.76073E-06	3.76477E-06	2.30149E-06	3.39052E-06	4.56177E-06	5.16123E-06	4.04639E-06	5.76281E-06	5.9993E-06	5.5756E-06	7.99179E-06	6.48171E-06	6.34626E-06
686	3.24842E-06	1.96685E-06	3.12449E-06	2.71863E-06	4.69888E-06	2.98355E-06	3.13079E-06	4.86808E-06	6.56943E-06	4.40448E-06	6.15266E-06	6.09455E-06	6.10814E-06	7.25804E-06	7.01158E-06	7.9474E-06
687	2.74181E-06	1.33238E-06	3.58262E-06	2.78128E-06	5.4126E-06	3.64152E-06	3.01677E-06	4.91593E-06	7.34683E-06	4.62301E-06	6.45118E-06	6.14653E-06	6.66727E-06	6.72439E-06	7.56683E-06	9.28064E-06
688	2.07596E-06	1.19587E-06	3.94254E-06	2.95433E-06	5.69535E-06	4.17133E-06	3.11628E-06	4.60814E-06	7.02416E-06	4.54554E-06	6.68696E-06	6.20954E-06	7.19648E-06	6.68697E-06	8.1092E-06	9.9384E-06
689	1.44583E-06	1.43796E-06	4.16517E-06	3.14406E-06	5.6341E-06	4.58255E-06	3.43128E-06	4.19379E-06	6.06669E-06	4.36139E-06	6.93343E-06	6.25795E-06	7.73653E-06	6.96215E-06	8.65711E-06	9.99434E-06
690	1.07454E-06	1.8654E-06	4.23241E-06	3.23503E-06	5.37919E-06	4.90875E-06	3.94991E-06	3.99705E-06	5.14051E-06	4.33434E-06	7.27412E-06	6.2491E-06	8.34897E-06	7.26373E-06	9.24106E-06	9.62406E-06
691	1.17938E-06	2.28727E-06	4.13057E-06	3.11834E-06	5.08269E-06	5.18493E-06	4.65875E-06	4.33691E-06	4.90197E-06	4.72469E-06	7.79186E-06	6.14746E-06	9.0976E-06	7.31561E-06	9.89474E-06	9.01158E-06
692	1.72732E-06	2.59836E-06	3.90422E-06	2.85173E-06	4.8123E-06	5.38847E-06	5.42661E-06	5.21578E-06	5.44921E-06	5.53625E-06	8.39343E-06	6.02634E-06	9.93684E-06	7.08837E-06	1.05645E-05	8.36966E-06
693	2.40501E-06	2.7932E-06	3.67147E-06	2.68666E-06	4.55073E-06	5.44066E-06	5.99638E-06	6.28628E-06	6.26084E-06	6.49143E-06	8.80027E-06	6.09318E-06	1.07127E-05	6.84379E-06	1.11148E-05	7.96153E-06
694	2.88018E-06	2.87144E-06	3.55576E-06	2.88799E-06	4.27582E-06	5.25872E-06	6.10085E-06	7.17792E-06	6.77579E-06	7.294E-06	8.7202E-06	6.56498E-06	1.12632E-05	6.86222E-06	1.14039E-05	8.05618E-06
695	2.8765E-06	2.84037E-06	3.64764E-06	3.64805E-06	3.98281E-06	4.79345E-06	5.55697E-06	7.57651E-06	6.54894E-06	7.70869E-06	7.95424E-06	7.5908E-06	1.14564E-05	7.36577E-06	1.13298E-05	8.85971E-06
696	2.47122E-06	2.75382E-06	3.83847E-06	4.71715E-06	3.77355E-06	4.20216E-06	4.6986E-06	7.52953E-06	5.86026E-06	7.88448E-06	6.87676E-06	8.91054E-06	1.13549E-05	8.21995E-06	1.10419E-05	1.01961E-05
697	1.86823E-06	2.67894E-06	3.93917E-06	5.67395E-06	3.78429E-06	3.71261E-06	4.04531E-06	7.20626E-06	5.25004E-06	8.10158E-06	6.06546E-06	1.00983E-05	1.10759E-05	9.14573E-06	1.07665E-05	1.17329E-05
698	1.27602E-06	2.68545E-06	3.76203E-06	6.09524E-06	4.15436E-06	3.55813E-06	4.12464E-06	6.7832E-06	5.26766E-06	8.64651E-06	6.1082E-06	1.07289E-05	1.07454E-05	9.86652E-06	1.07394E-05	1.31391E-05
699	8.39119E-07	2.80854E-06	3.28868E-06	5.80842E-06	4.8671E-06	3.83957E-06	5.09201E-06	6.39455E-06	6.10764E-06	9.55024E-06	7.18308E-06	1.06498E-05	1.04477E-05	1.03067E-05	1.10474E-05	1.42285E-05
700	5.9028E-07	3.02356E-06	2.79251E-06	5.07452E-06	5.63745E-06	4.42841E-06	6.4604E-06	6.10028E-06	7.35127E-06	1.04034E-05	8.76057E-06	1.01795E-05	1.01946E-05	1.07376E-05	1.15203E-05	1.50664E-05
701	5.52882E-07	3.30628E-06	2.58495E-06	4.20962E-06	6.16212E-06	5.18216E-06	7.68779E-06	5.96601E-06	8.53043E-06	1.07691E-05	1.02543E-05	9.70721E-06	1.00108E-05	1.1492E-05	1.19843E-05	1.57757E-05
702	7.39108E-07	3.61814E-06	2.92938E-06	3.49923E-06	6.14947E-06	5.94263E-06	8.25663E-06	6.02473E-06	9.18879E-06	1.02321E-05	1.10922E-05	9.5522E-06	9.88975E-06	1.28021E-05	1.22434E-05	1.63957E-05
703	1.07261E-06	3.90969E-06	3.70649E-06	3.10513E-06	5.68543E-06	6.59744E-06	8.20692E-06	6.23625E-06	9.33367E-06	9.06079E-06	1.12614E-05	9.73714E-06	9.92745E-06	1.43464E-05	1.23721E-05	1.67795E-05
704	1.42742E-06	4.12192E-06	4.58542E-06	3.11804E-06	5.0555E-06	7.05339E-06	7.87453E-06	6.51343E-06	9.21605E-06	7.88522E-06	1.10428E-05	1.01134E-05	1.02654E-05	1.54897E-05	1.25803E-05	1.66624E-05
705	1.67435E-06	4.19452E-06	5.22578E-06	3.62967E-06	4.5537E-06	7.21549E-06	7.60581E-06	6.76677E-06	9.09491E-06	7.35287E-06	1.07268E-05	1.05271E-05	1.10482E-05	1.558E-05	1.30837E-05	1.57736E-05
706	1.76206E-06	4.11226E-06	5.42522E-06	4.59121E-06	4.37415E-06	7.05152E-06	7.60334E-06	6.94436E-06	9.10562E-06	7.74845E-06	1.05145E-05	1.08443E-05	1.22421E-05	1.43837E-05	1.39192E-05	1.41106E-05
707	1.8288E-06	3.98614E-06	5.33392E-06	5.65451E-06	4.49842E-06	6.71299E-06	7.77337E-06	7.11893E-06	9.14399E-06	8.55413E-06	1.04519E-05	1.10377E-05	1.34671E-05	1.27165E-05	1.4785E-05	1.2367E-05
708	2.03913E-06	3.93998E-06	5.14585E-06	6.41875E-06	4.87043E-06	6.36807E-06	7.96692E-06	7.37119E-06	9.05605E-06	9.11939E-06	1.05468E-05	1.10781E-05	1.42718E-05	1.15289E-05	1.53065E-05	1.13187E-05
709	2.53985E-06	4.08685E-06	5.04823E-06	6.51362E-06	5.42862E-06	6.17778E-06	8.04587E-06	7.77549E-06	8.70913E-06	8.84756E-06	1.08045E-05	1.09436E-05	1.42448E-05	1.16973E-05	1.51473E-05	1.1675E-05
710	3.2382E-06	4.39004E-06	5.10821E-06	6.00668E-06	6.0604E-06	6.1847E-06	8.02927E-06	8.31538E-06	8.24882E-06	7.90156E-06	1.12002E-05	1.0704E-05	1.35331E-05	1.30445E-05	1.4491E-05	1.32145E-05
711	3.8802E-06	4.70974E-06	5.30947E-06	5.24604E-06	6.61197E-06	6.34759E-06	8.03021E-06	8.90552E-06	7.99473E-06	6.93365E-06	1.16766E-05	1.04779E-05	1.26352E-05	1.46887E-05	1.38469E-05	1.50908E-05
712	4.212E-06	4.91146E-06	5.64468E-06	4.60423E-06	6.93953E-06	6.63616E-06	8.18261E-06	9.4758E-06	8.29224E-06	6.63275E-06	1.21992E-05	1.04103E-05	1.20942E-05	1.57488E-05	1.377E-05	1.64601E-05
713	4.09866E-06	4.90625E-06	6.05431E-06	4.33371E-06	6.96539E-06	6.98653E-06	8.52163E-06	9.94038E-06	9.24271E-06	7.36977E-06	1.27064E-05	1.05912E-05	1.22104E-05	1.56837E-05	1.45011E-05	1.6786E-05
714	3.72115E-06	4.73553E-06	6.3601E-06	4.38988E-06	6.79862E-06	7.26718E-06	8.84966E-06	1.01965E-05	1.03421E-05	8.71335E-06	1.3099E-05	1.09982E-05	1.2692E-05	1.48721E-05	1.55103E-05	1.6367E-05
715	3.313E-06	4.46193E-06	6.36243E-06	4.68053E-06	6.5794E-06	7.33401E-06	8.9295E-06	1.01372E-05	1.09832E-05	1.00991E-05	1.32704E-05	1.15906E-05	1.31492E-05	1.38437E-05	1.61381E-05	1.5638E-05
716	3.10027E-06	4.15598E-06	5.8892E-06	5.11491E-06	6.45201E-06	7.07034E-06	8.55529E-06	9.68026E-06	1.06234E-05	1.10038E-05	1.31374E-05	1.23311E-05	1.32284E-05	1.31153E-05	1.57945E-05	1.50299E-05
717	3.13313E-06	3.91723E-06	5.06119E-06	5.57153E-06	6.49973E-06	6.62609E-06	7.83315E-06	8.93531E-06	9.47559E-06	1.13659E-05	1.27496E-05	1.30728E-05	1.291E-05	1.27756E-05	1.46511E-05	1.46424E-05
718	3.35032E-06	3.87574E-06	4.21323E-06	5.91674E-06	6.77962E-06	6.34957E-06	7.10159E-06	8.16557E-06	8.291E-06	1.14581E-05	1.22759E-05	1.36174E-05	1.24301E-05	1.26551E-05	1.34329E-05	1.43866E-05
719	3.68723E-06	4.16444E-06	3.69057E-06	6.01414E-06	7.34899E-06	6.59904E-06	6.70981E-06	7.6421E-06	7.84515E-06	1.15644E-05	1.18907E-05	1.37616E-05	1.20335E-05	1.25755E-05	1.28886E-05	1.4168E-05
720	4.09943E-06	4.81865E-06	3.70995E-06	5.81663E-06	8.16546E-06	7.48565E-06	6.85901E-06	7.53602E-06	8.51435E-06	1.18348E-05	1.16768E-05	1.34052E-05	1.18799E-05	1.24043E-05	1.33534E-05	1.39081E-05
721	4.58835E-06	5.62257E-06	4.15645E-06	5.49438E-06	8.92874E-06	8.49131E-06	7.3667E-06	7.75485E-06	9.65782E-06	1.20672E-05	1.14731E-05	1.26921E-05	1.18964E-05	1.21116E-05	1.41051E-05	1.35545E-05
722	5.17314E-06	6.3312E-06	4.8716E-06	5.26885E-06	9.31626E-06	9.01347E-06	8.00632E-06	8.18362E-06	1.04911E-05	1.20336E-05	1.11094E-05	1.18416E-05	1.20048E-05	1.17157E-05	1.42837E-05	1.30944E-05
723	5.85376E-06	6.70901E-06	5.69099E-06	5.33621E-06	9.03045E-06	8.51265E-06	8.55234E-06	8.69752E-06	1.02904E-05	1.15243E-05	1.04326E-05	1.1055E-05	1.21115E-05	1.1229E-05	1.31122E-05	1.25116E-05
724	6.47355E-06	6.71193E-06	6.46046E-06	5.66986E-06	8.18135E-06	7.28955E-06	8.91205E-06	9.18556E-06	9.19162E-06	1.07021E-05	9.64602E-06	1.04891E-05	1.21345E-05	1.0762E-05	1.09855E-05	1.19342E-05
725	6.77988E-06	6.41164E-06	7.03093E-06	6.10796E-06	7.12673E-06	6.1562E-06	9.07263E-06	9.54433E-06	7.85251E-06	9.95684E-06	9.17093E-06	1.02741E-05	1.19978E-05	1.04853E-05	9.01195E-06	1.1579E-05
726	6.51143E-06	5.87855E-06	7.24634E-06	6.47967E-06	6.22808E-06	5.93649E-06	9.0154E-06	9.66189E-06	6.94149E-06	9.6787E-06	9.42901E-06	1.05332E-05	1.16158E-05	1.0564E-05	8.31611E-06	1.16571E-05
727	5.66477E-06	5.26272E-06	7.08888E-06	6.68509E-06	5.74583E-06	6.92374E-06	8.76413E-06	9.50807E-06	6.85492E-06	1.00153E-05	1.05595E-05	1.12436E-05	1.1024E-05	1.10539E-05	9.35279E-06	1.22085E-05
728	4.73531E-06	4.84845E-06	6.79558E-06	6.74741E-06	5.70175E-06	8.30103E-06	8.39327E-06	9.1828E-06	7.3969E-06	1.05792E-05	1.20888E-05	1.2047E-05	1.04566E-05	1.17464E-05	1.11686E-05	1.28793E-05
729	4.28574E-06	4.94047E-06	6.63793E-06	6.70557E-06	6.0897E-06	9.10722E-06	7.98514E-06	8.80393E-06	8.29805E-06	1.09141E-05	1.3464E-05	1.2541E-05	1.01757E-05	1.23991E-05	1.26284E-05	1.32644E-05
730	4.78536E-06	5.77671E-06	6.84934E-06	6.60134E-06	6.8779E-06	8.53318E-06	7.63219E-06	8.49032E-06	9.30041E-06	1.06335E-05	1.41938E-05	1.23816E-05	1.03949E-05	1.27967E-05	1.2753E-05	1.30324E-05
731	5.93257E-06	7.04838E-06	7.33735E-06	6.4842E-06	7.8284E-06	7.00227E-06	7.48429E-06	8.34487E-06	1.02416E-05	9.90703E-06	1.42814E-05	1.16894E-05	1.09142E-05	1.29294E-05	1.18334E-05	1.24314E-05
732	7.08432E-06	8.21366E-06	7.8839E-06	6.43279E-06	8.63328E-06	5.5458E-06	7.74723E-06	8.49555E-06	1.10393E-05	9.20477E-06	1.40164E-05	1.08496E-05	1.13812E-05	1.29331E-05	1.08021E-05	1.203E-05
733	7.59368E-06	8.72565E-06	8.26118E-06	6.51529E-06	8.97705E-06	5.17724E-06	8.60976E-06	9.0546E-06	1.15993E-05	8.97908E-06	1.36686E-05	1.02285E-05	1.14288E-05	1.29255E-05	1.0569E-05	1.23712E-05
734	7.29182E-06	8.44162E-06	8.39464E-06	6.77097E-06	8.78546E-06	6.19265E-06	9.9491E-06	9.98993E-06	1.18865E-05	9.40378E-06	1.34093E-05	1.00387E-05	1.09557E-05	1.30184E-05	1.13673E-05	1.34817E-05
735	6.7055E-06	7.80685E-06	8.43288E-06	7.19693E-06	8.33516E-06	7.84413E-06	1.11901E-05	1.10597E-05	1.19523E-05	1.02472E-05	1.32663E-05	1.02677E-05	1.02465E-05	1.33143E-05	1.24468E-05	1.46373E-05
736	6.43284E-06	7.33078E-06	8.56032E-06	7.80271E-06	7.94836E-06	9.31531E-06	1.17415E-05	1.20283E-05	1.18793E-05	1.1267E-05	1.32828E-05	1.09073E-05	9.6378E-06	1.3944E-05	1.30007E-05	1.508E-05
737	6.91511E-06	7.40701E-06	8.88177E-06	8.55484E-06	7.86859E-06	9.92355E-06	1.11569E-05	1.26517E-05	1.17196E-05	1.21952E-05	1.34387E-05	1.18752E-05	9.39317E-06	1.49256E-05	1.2414E-05	1.42448E-05
738	7.9562E-06	8.01863E-06	9.2918E-06	9.36336E-06	8.12748E-06	9.82926E-06	9.95822E-06	1.28937E-05	1.16341E-05	1.28665E-05	1.369E-05	1.29454E-05	9.6313E-06	1.60124E-05	1.12966E-05	1.28479E-05
739	9.1602E-06	9.01907E-06	9.61496E-06	1.01161E-05	8.68744E-06	9.44637E-06	8.96061E-06	1.27744E-05	1.18115E-05	1.31387E-05	1.39764E-05	1.38396E-05	1.04217E-05	1.68663E-05	1.063E-05	1.19933E-05
740	1.01381E-05	1.02571E-05	9.68714E-06	1.07035E-05	9.50798E-06	9.18569E-06	8.95459E-06	1.23221E-05	1.24313E-05	1.28844E-05	1.42377E-05	1.42885E-05	1.18235E-05	1.71584E-05	1.13577E-05	1.27416E-05
741	1.07612E-05	1.15408E-05	9.62371E-06	1.11096E-05	1.05083E-05	9.27662E-06	1.00046E-05	1.17251E-05	1.34406E-05	1.23113E-05	1.4438E-05	1.42882E-05	1.36762E-05	1.68489E-05	1.33856E-05	1.49682E-05
742	1.11268E-05	1.26249E-05	9.78533E-06	1.1389E-05	1.1556E-05	9.7676E-06	1.14892E-05	1.13029E-05	1.45531E-05	1.19195E-05	1.45427E-05	1.40594E-05	1.55976E-05	1.61405E-05	1.56411E-05	1.74305E-05
743	1.13473E-05	1.32625E-05	1.0553E-05	1.16054E-05	1.25191E-05	1.07062E-05	1.27554E-05	1.1392E-05	1.54752E-05	1.22351E-05	1.45247E-05	1.38427E-05	1.71966E-05	1.5258E-05	1.7003E-05	1.88301E-05
744	1.15222E-05	1.33555E-05	1.20782E-05	1.18337E-05	1.33199E-05	1.20534E-05	1.3399E-05	1.21791E-05	1.60003E-05	1.34711E-05	1.43957E-05	1.38302E-05	1.8217E-05	1.44553E-05	1.68594E-05	1.84421E-05
745	1.1714E-05	1.32051E-05	1.38942E-05	1.21768E-05	1.40285E-05	1.35402E-05	1.36915E-05	1.34435E-05	1.61609E-05	1.49949E-05	1.4273E-05	1.40792E-05	1.87718E-05	1.40574E-05	1.59804E-05	1.70979E-05
746	1.19865E-05	1.31902E-05	1.54329E-05	1.27503E-05	1.47481E-05	1.48632E-05	1.40284E-05	1.49016E-05	1.60383E-05	1.60335E-05	1.43003E-05	1.46331E-05	1.90465E-05	1.44141E-05	1.5384E-05	1.5907E-05
747	1.23943E-05	1.36374E-05	1.6179E-05	1.36415E-05	1.55526E-05	1.57406E-05	1.47508E-05	1.62743E-05	1.57157E-05	1.59094E-05	1.46008E-05	1.55051E-05	1.92079E-05	1.57861E-05	1.59703E-05	1.58635E-05
748	1.30174E-05	1.45036E-05	1.6271E-05	1.4795E-05	1.63874E-05	1.62421E-05	1.58211E-05	1.74808E-05	1.54376E-05	1.50044E-05	1.52378E-05	1.65775E-05	1.94145E-05	1.77684E-05	1.76521E-05	1.6993E-05
749	1.39459E-05	1.55543E-05	1.61779E-05	1.60794E-05	1.71285E-05	1.66137E-05	1.70053E-05	1.85374E-05	1.55289E-05	1.42385E-05	1.62407E-05	1.76611E-05	1.98175E-05	1.96094E-05	1.98358E-05	1.88253E-05
750	1.52671E-05	1.65501E-05	1.63723E-05	1.73581E-05	1.76519E-05	1.71043E-05	1.80666E-05	1.94602E-05	1.63144E-05	1.45369E-05	1.76366E-05	1.85655E-05	2.05666E-05	2.0556E-05	2.19178E-05	2.08787E-05
751	1.68913E-05	1.73561E-05	1.70323E-05	1.8459E-05	1.79972E-05	1.78688E-05	1.89479E-05	2.02521E-05	1.78628E-05	1.6171E-05	1.93675E-05	1.92503E-05	2.16689E-05	2.05314E-05	2.35791E-05	2.27991E-05
752	1.8394E-05	1.78723E-05	1.78373E-05	1.90519E-05	1.83131E-05	1.8828E-05	1.97191E-05	2.07753E-05	1.97954E-05	1.84407E-05	2.11496E-05	1.97605E-05	2.28105E-05	2.024E-05	2.47435E-05	2.42701E-05
753	1.93458E-05	1.80322E-05	1.84575E-05	1.88213E-05	1.8797E-05	1.992E-05	2.04977E-05	2.09185E-05	2.17252E-05	2.05896E-05	2.27104E-05	2.01866E-05	2.36892E-05	2.05022E-05	2.53927E-05	2.50101E-05
754	1.94858E-05	1.78582E-05	1.86905E-05	1.77113E-05	1.96059E-05	2.10694E-05	2.13627E-05	2.06693E-05	2.33093E-05	2.20378E-05	2.3847E-05	2.06145E-05	2.41147E-05	2.18397E-05	2.55561E-05	2.48981E-05
755	1.91873E-05	1.76948E-05	1.88129E-05	1.66161E-05	2.07388E-05	2.21577E-05	2.22479E-05	2.03768E-05	2.43902E-05	2.28934E-05	2.46251E-05	2.11094E-05	2.432E-05	2.36466E-05	2.54338E-05	2.44072E-05
756	1.90101E-05	1.79998E-05	1.92506E-05	1.66968E-05	2.21979E-05	2.30945E-05	2.30926E-05	2.05162E-05	2.48928E-05	2.34646E-05	2.52174E-05	2.17711E-05	2.4683E-05	2.50902E-05	2.53142E-05	2.41992E-05
757	1.94116E-05	1.91276E-05	2.0333E-05	1.89356E-05	2.38923E-05	2.37263E-05	2.37749E-05	2.14608E-05	2.46897E-05	2.39781E-05	2.57082E-05	2.26268E-05	2.54717E-05	2.53405E-05	2.53895E-05	2.48142E-05
758	2.0346E-05	2.08796E-05	2.19663E-05	2.26912E-05	2.5552E-05	2.41298E-05	2.44112E-05	2.31414E-05	2.40923E-05	2.46088E-05	2.61629E-05	2.37255E-05	2.66234E-05	2.47784E-05	2.57456E-05	2.62517E-05
759	2.14369E-05	2.26953E-05	2.3775E-05	2.62948E-05	2.67715E-05	2.45023E-05	2.52438E-05	2.51932E-05	2.36626E-05	2.54788E-05	2.66111E-05	2.51083E-05	2.78458E-05	2.45132E-05	2.63764E-05	2.81522E-05
760	2.2295E-05	2.39961E-05	2.53695E-05	2.80288E-05	2.71383E-05	2.50481E-05	2.65203E-05	2.72362E-05	2.39777E-05	2.67108E-05	2.70843E-05	2.6815E-05	2.88367E-05	2.5685E-05	2.72731E-05	3.01408E-05
761	2.27614E-05	2.4533E-05	2.64977E-05	2.74093E-05	2.66579E-05	2.58309E-05	2.81948E-05	2.89387E-05	2.5158E-05	2.8239E-05	2.76274E-05	2.87156E-05	2.94529E-05	2.84599E-05	2.83096E-05	3.1947E-05
762	2.31366E-05	2.46722E-05	2.72493E-05	2.59184E-05	2.60911E-05	2.68406E-05	2.99341E-05	3.01926E-05	2.67784E-05	2.98643E-05	2.84475E-05	3.05774E-05	2.99395E-05	3.17111E-05	2.93354E-05	3.3619E-05
763	2.37276E-05	2.4798E-05	2.77003E-05	2.51884E-05	2.62327E-05	2.80167E-05	3.13272E-05	3.0859E-05	2.83167E-05	3.13257E-05	2.97229E-05	3.21077E-05	3.05295E-05	3.41335E-05	3.01463E-05	3.51808E-05
764	2.47379E-05	2.52251E-05	2.795E-05	2.63183E-05	2.75758E-05	2.92954E-05	3.20495E-05	3.08896E-05	2.9406E-05	3.24231E-05	3.15435E-05	3.30994E-05	3.13978E-05	3.48175E-05	3.06169E-05	3.66125E-05
765	2.59887E-05	2.59959E-05	2.81717E-05	2.84279E-05	2.95058E-05	3.06046E-05	3.21086E-05	3.05619E-05	3.02609E-05	3.31877E-05	3.36784E-05	3.3666E-05	3.25008E-05	3.43288E-05	3.09105E-05	3.77399E-05
766	2.71596E-05	2.70415E-05	2.85047E-05	3.0117E-05	3.10865E-05	3.18072E-05	3.15249E-05	3.01751E-05	3.11703E-05	3.3638E-05	3.57505E-05	3.39294E-05	3.36803E-05	3.35104E-05	3.11988E-05	3.82766E-05
767	2.80553E-05	2.83725E-05	2.91786E-05	3.02422E-05	3.15915E-05	3.28818E-05	3.04873E-05	3.01298E-05	3.24939E-05	3.39353E-05	3.7512E-05	3.41272E-05	3.49025E-05	3.32892E-05	3.17542E-05	3.81278E-05
768	2.87234E-05	2.97936E-05	3.01784E-05	2.92231E-05	3.12987E-05	3.37571E-05	2.94845E-05	3.05485E-05	3.40614E-05	3.42924E-05	3.87332E-05	3.42658E-05	3.61057E-05	3.38813E-05	3.25808E-05	3.75817E-05
769	2.93673E-05	3.10223E-05	3.13861E-05	2.83458E-05	3.1054E-05	3.43638E-05	2.92046E-05	3.1438E-05	3.54467E-05	3.49851E-05	3.92236E-05	3.42621E-05	3.72437E-05	3.51617E-05	3.35712E-05	3.71716E-05
770	3.01888E-05	3.17791E-05	3.26797E-05	2.89014E-05	3.1704E-05	3.4636E-05	3.03304E-05	3.27978E-05	3.62244E-05	3.62835E-05	3.88028E-05	3.40406E-05	3.82691E-05	3.69974E-05	3.4617E-05	3.74316E-05
771	3.11368E-05	3.20826E-05	3.39174E-05	3.11292E-05	3.3328E-05	3.46314E-05	3.28177E-05	3.44326E-05	3.63421E-05	3.8056E-05	3.77045E-05	3.38231E-05	3.90991E-05	3.91877E-05	3.56753E-05	3.84338E-05
772	3.19125E-05	3.2346E-05	3.49847E-05	3.40885E-05	3.51618E-05	3.46043E-05	3.58234E-05	3.5971E-05	3.62365E-05	3.97603E-05	3.67004E-05	3.42265E-05	3.96689E-05	4.15106E-05	3.68327E-05	3.97693E-05
773	3.21814E-05	3.29969E-05	3.57494E-05	3.67373E-05	3.63609E-05	3.48068E-05	3.84254E-05	3.70068E-05	3.63617E-05	4.08004E-05	3.65881E-05	3.58842E-05	3.98935E-05	4.37185E-05	3.81664E-05	4.09738E-05
774	3.1864E-05	3.42558E-05	3.6161E-05	3.83881E-05	3.65138E-05	3.5402E-05	3.9983E-05	3.73892E-05	3.69731E-05	4.09191E-05	3.777E-05	3.89401E-05	3.98199E-05	4.55449E-05	3.9666E-05	4.17801E-05
775	3.15178E-05	3.58208E-05	3.63735E-05	3.92591E-05	3.62998E-05	3.6325E-05	4.05787E-05	3.76071E-05	3.7821E-05	4.07099E-05	3.96515E-05	4.23163E-05	3.98207E-05	4.66854E-05	4.11043E-05	4.24207E-05
776	3.1811E-05	3.73052E-05	3.65775E-05	3.97138E-05	3.65813E-05	3.74769E-05	4.0409E-05	3.82596E-05	3.85758E-05	4.09113E-05	4.14748E-05	4.47267E-05	4.03287E-05	4.68257E-05	4.2218E-05	4.32113E-05
777	3.32462E-05	3.8382E-05	3.69351E-05	4.0081E-05	3.80253E-05	3.87633E-05	3.97274E-05	3.97754E-05	3.89652E-05	4.20683E-05	4.25951E-05	4.51334E-05	4.16515E-05	4.57861E-05	4.27916E-05	4.43878E-05
778	3.53651E-05	3.91119E-05	3.74526E-05	4.04833E-05	4.01575E-05	4.01483E-05	3.90984E-05	4.16075E-05	3.90913E-05	4.36123E-05	4.30928E-05	4.40199E-05	4.33905E-05	4.41837E-05	4.29247E-05	4.57388E-05
779	3.73688E-05	3.96905E-05	3.80818E-05	4.09739E-05	4.21001E-05	4.1615E-05	3.92037E-05	4.28619E-05	3.91866E-05	4.45794E-05	4.32996E-05	4.24039E-05	4.48947E-05	4.29215E-05	4.28272E-05	4.68941E-05
780	3.84972E-05	4.031E-05	3.87802E-05	4.16053E-05	4.30258E-05	4.31354E-05	4.06708E-05	4.27208E-05	3.94803E-05	4.40785E-05	4.35402E-05	4.12941E-05	4.55551E-05	4.28606E-05	4.27127E-05	4.751E-05
