Name	red225	green64
Date	19/03/2018	19/03/2018
Time	08:25pm	08:34pm
Integration time [ms]	5006	13265
Luminance[cd/sqm]	4.38E+01	4.35E+01
Radiance[W/sr*sqm]	2.19E-01	8.50E-02
CCT [K]	0	0
DWl[nm]	612	547
PE[%]	89.7	71.7
x	0.6357	0.2965
y	0.3301	0.6038
u'	0.4469	0.1229
v'	0.5221	0.563
Reference Illuminant	daylight 5000-7000K	daylight 5000-7000K
CCT [K]	6703	6703
R1	98.7	98.7
R2	88.9	88.9
R3	72.3	72.3
R4	81.6	81.6
R5	95.8	95.8
R6	83.1	83.1
R7	84.7	84.7
R8	89.1	89.1
R9	95.4	95.4
R10	67.7	67.7
R11	80.6	80.6
R12	62	62
R13	97.5	97.5
R14	83.3	83.3
Ra	86.79	86.79
		
wavelength [nm]	Radiance[W/(sr*sqm*nm)]	Radiance[W/(sr*sqm*nm)]
		
380	3.44E-07	4.72E-08
381	1.73E-07	4.05E-08
382	3.01E-08	1.13E-08
383	0	0
384	0	0
385	0	0
386	2.07E-07	0
387	6.45E-07	5.24E-08
388	1.26E-06	2.61E-07
389	1.90E-06	5.11E-07
390	2.41E-06	7.53E-07
391	2.66E-06	9.44E-07
392	2.50E-06	1.04E-06
393	1.99E-06	1.04E-06
394	1.30E-06	9.65E-07
395	6.03E-07	8.47E-07
396	6.72E-08	7.09E-07
397	0	5.73E-07
398	0	4.47E-07
399	2.22E-07	3.32E-07
400	7.65E-07	2.33E-07
401	1.49E-06	1.51E-07
402	2.33E-06	9.03E-08
403	3.16E-06	5.94E-08
404	3.84E-06	6.67E-08
405	4.24E-06	1.21E-07
406	4.25E-06	2.28E-07
407	3.90E-06	3.75E-07
408	3.38E-06	5.27E-07
409	2.87E-06	6.50E-07
410	2.53E-06	7.11E-07
411	2.53E-06	6.87E-07
412	2.81E-06	5.94E-07
413	3.29E-06	4.63E-07
414	3.88E-06	3.23E-07
415	4.48E-06	2.04E-07
416	5.07E-06	1.33E-07
417	5.69E-06	1.33E-07
418	6.38E-06	2.26E-07
419	7.20E-06	4.34E-07
420	8.21E-06	7.76E-07
421	9.46E-06	1.23E-06
422	1.11E-05	1.74E-06
423	1.31E-05	2.27E-06
424	1.56E-05	2.75E-06
425	1.87E-05	3.19E-06
426	2.22E-05	3.71E-06
427	2.61E-05	4.46E-06
428	3.01E-05	5.60E-06
429	3.43E-05	7.28E-06
430	3.86E-05	9.52E-06
431	4.35E-05	1.22E-05
432	4.92E-05	1.51E-05
433	5.63E-05	1.82E-05
434	6.48E-05	2.13E-05
435	7.47E-05	2.47E-05
436	8.55E-05	2.88E-05
437	9.70E-05	3.41E-05
438	0.000108581	4.08E-05
439	0.000119961	4.89E-05
440	0.000130701	5.78E-05
441	0.000140547	6.68E-05
442	0.000148933	7.52E-05
443	0.000155447	8.21E-05
444	0.00015977	8.75E-05
445	0.000161631	9.10E-05
446	0.000160762	9.27E-05
447	0.00015689	9.25E-05
448	0.000150093	9.04E-05
449	0.000141175	8.69E-05
450	0.000131032	8.24E-05
451	0.000120377	7.73E-05
452	0.000110268	7.22E-05
453	0.000100935	6.74E-05
454	9.23E-05	6.31E-05
455	8.41E-05	5.94E-05
456	7.64E-05	5.67E-05
457	6.91E-05	5.50E-05
458	6.22E-05	5.40E-05
459	5.60E-05	5.38E-05
460	5.07E-05	5.39E-05
461	4.64E-05	5.44E-05
462	4.29E-05	5.53E-05
463	3.99E-05	5.65E-05
464	3.71E-05	5.83E-05
465	3.41E-05	6.07E-05
466	3.09E-05	6.40E-05
467	2.76E-05	6.79E-05
468	2.46E-05	7.23E-05
469	2.20E-05	7.73E-05
470	2.01E-05	8.28E-05
471	1.89E-05	8.83E-05
472	1.81E-05	9.41E-05
473	1.76E-05	0.000100109
474	1.72E-05	0.000106288
475	1.66E-05	0.000112576
476	1.59E-05	0.000118679
477	1.52E-05	0.000124787
478	1.45E-05	0.000130861
479	1.38E-05	0.000136881
480	1.31E-05	0.000142924
481	1.24E-05	0.000148884
482	1.19E-05	0.000155066
483	1.15E-05	0.000161578
484	1.12E-05	0.000168516
485	1.10E-05	0.00017597
486	1.10E-05	0.000184434
487	1.09E-05	0.000193626
488	1.09E-05	0.000203644
489	1.10E-05	0.000214615
490	1.11E-05	0.00022667
491	1.12E-05	0.00024037
492	1.14E-05	0.00025545
493	1.17E-05	0.000271835
494	1.19E-05	0.000289326
495	1.21E-05	0.000307722
496	1.21E-05	0.000327056
497	1.20E-05	0.000347095
498	1.20E-05	0.000368093
499	1.22E-05	0.000390333
500	1.27E-05	0.000414098
501	1.37E-05	0.000438484
502	1.50E-05	0.000463933
503	1.63E-05	0.000489773
504	1.74E-05	0.000515331
505	1.81E-05	0.000539984
506	1.84E-05	0.000564192
507	1.84E-05	0.000588069
508	1.84E-05	0.000612136
509	1.86E-05	0.000636911
510	1.91E-05	0.000662678
511	1.97E-05	0.000687783
512	2.05E-05	0.000713461
513	2.14E-05	0.000739537
514	2.23E-05	0.000765802
515	2.32E-05	0.00079191
516	2.38E-05	0.000817517
517	2.42E-05	0.000842213
518	2.43E-05	0.000865625
519	2.41E-05	0.000887411
520	2.38E-05	0.000907246
521	2.36E-05	0.000926513
522	2.36E-05	0.000943253
523	2.38E-05	0.00095758
524	2.42E-05	0.000970171
525	2.47E-05	0.000981738
526	2.53E-05	0.000993367
527	2.58E-05	0.001005111
528	2.62E-05	0.001016625
529	2.65E-05	0.001027434
530	2.67E-05	0.001037065
531	2.67E-05	0.001045123
532	2.65E-05	0.001051619
533	2.64E-05	0.001056715
534	2.63E-05	0.00106057
535	2.63E-05	0.001063344
536	2.64E-05	0.001064791
537	2.66E-05	0.001065424
538	2.67E-05	0.00106537
539	2.68E-05	0.001064749
540	2.68E-05	0.001063499
541	2.66E-05	0.001063094
542	2.63E-05	0.00106148
543	2.57E-05	0.001058359
544	2.49E-05	0.001053517
545	2.41E-05	0.00104691
546	2.35E-05	0.001038216
547	2.31E-05	0.00102771
548	2.32E-05	0.001015523
549	2.36E-05	0.001002294
550	2.42E-05	0.00098877
551	2.47E-05	0.000975377
552	2.50E-05	0.000963009
553	2.52E-05	0.000951155
554	2.54E-05	0.00093893
555	2.56E-05	0.00092545
556	2.61E-05	0.000912566
557	2.68E-05	0.000897909
558	2.75E-05	0.000882383
559	2.82E-05	0.000866912
560	2.87E-05	0.000852365
561	2.91E-05	0.000835361
562	2.96E-05	0.000818531
563	3.05E-05	0.000801059
564	3.19E-05	0.000782161
565	3.40E-05	0.000761852
566	3.68E-05	0.000740816
567	4.03E-05	0.000720098
568	4.45E-05	0.000700556
569	4.96E-05	0.000682366
570	5.61E-05	0.000664767
571	6.44E-05	0.000646993
572	7.50E-05	0.000628167
573	8.84E-05	0.000608057
574	0.000104801	0.000587426
575	0.000124567	0.000567139
576	0.000147838	0.00054747
577	0.000175128	0.000529428
578	0.000207059	0.000512411
579	0.00024428	0.000495701
580	0.00028743	0.00047858
581	0.00033772	0.000461516
582	0.000395092	0.00044386
583	0.000459931	0.000426025
584	0.000532621	0.00040842
585	0.000613208	0.00039128
586	0.000701694	0.000374816
587	0.00079639	0.00035817
588	0.000896272	0.000340994
589	0.001000382	0.000323134
590	0.00110797	0.00030501
591	0.001221504	0.000287899
592	0.001337692	0.000271498
593	0.001455633	0.000256142
594	0.001573825	0.000241551
595	0.001690633	0.000227318
596	0.00180142	0.000212684
597	0.001907573	0.000197837
598	0.002009297	0.000183189
599	0.002107057	0.000169263
600	0.00220132	0.000156591
601	0.002285822	0.000145084
602	0.00236371	0.000134795
603	0.002432289	0.000125219
604	0.00248887	0.000115857
605	0.002532509	0.000106419
606	0.002566839	9.71E-05
607	0.002595444	8.83E-05
608	0.002622229	8.03E-05
609	0.002649331	7.31E-05
610	0.00267523	6.67E-05
611	0.002693138	6.08E-05
612	0.002705864	5.52E-05
613	0.0027128	5.00E-05
614	0.002715555	4.52E-05
615	0.002715945	4.09E-05
616	0.002709993	3.72E-05
617	0.002703417	3.41E-05
618	0.002693762	3.15E-05
619	0.002678441	2.92E-05
620	0.002655052	2.70E-05
621	0.002627938	2.49E-05
622	0.002598187	2.31E-05
623	0.002570378	2.15E-05
624	0.002548715	2.04E-05
625	0.002532746	1.96E-05
626	0.002521683	1.90E-05
627	0.002508514	1.86E-05
628	0.002489804	1.80E-05
629	0.002465965	1.74E-05
630	0.002439367	1.67E-05
631	0.002416076	1.60E-05
632	0.002394117	1.54E-05
633	0.002372228	1.48E-05
634	0.002348128	1.42E-05
635	0.002319535	1.37E-05
636	0.002290218	1.32E-05
637	0.002256668	1.28E-05
638	0.00222123	1.24E-05
639	0.002186264	1.22E-05
640	0.002153187	1.19E-05
641	0.00212058	1.17E-05
642	0.002088852	1.14E-05
643	0.002057388	1.10E-05
644	0.002025923	1.04E-05
645	0.001994589	9.95E-06
646	0.00196326	9.63E-06
647	0.001932319	9.58E-06
648	0.001901122	9.76E-06
649	0.001868554	9.99E-06
650	0.001833482	1.01E-05
651	0.001795425	9.93E-06
652	0.001755394	9.59E-06
653	0.001715382	9.21E-06
654	0.001677397	8.96E-06
655	0.001642555	8.90E-06
656	0.001605801	8.89E-06
657	0.001569543	8.75E-06
658	0.001532224	8.34E-06
659	0.00149374	7.65E-06
660	0.001455808	6.96E-06
661	0.001418418	6.50E-06
662	0.001385118	6.53E-06
663	0.001355316	6.95E-06
664	0.001327103	7.48E-06
665	0.00129856	7.81E-06
666	0.001270286	7.76E-06
667	0.001240962	7.45E-06
668	0.001211914	7.09E-06
669	0.001184458	6.91E-06
670	0.001159028	6.99E-06
671	0.001132862	7.17E-06
672	0.001106463	7.28E-06
673	0.001078688	7.18E-06
674	0.001049718	6.87E-06
675	0.001020701	6.50E-06
676	0.000991623	6.21E-06
677	0.000964584	6.13E-06
678	0.000939037	6.20E-06
679	0.000914049	6.31E-06
680	0.0008887	6.37E-06
681	0.000865971	6.35E-06
682	0.000842924	6.32E-06
683	0.000820226	6.35E-06
684	0.000798494	6.51E-06
685	0.00077771	6.75E-06
686	0.000758621	6.92E-06
687	0.000739589	6.86E-06
688	0.000720308	6.48E-06
689	0.000700864	6.02E-06
690	0.000681431	5.74E-06
691	0.000662547	5.91E-06
692	0.00064383	6.53E-06
693	0.000625105	7.25E-06
694	0.000606191	7.75E-06
695	0.000586958	7.72E-06
696	0.000567988	7.32E-06
697	0.000549215	6.83E-06
698	0.000530977	6.55E-06
699	0.000513447	6.61E-06
700	0.000496518	6.84E-06
701	0.000481026	7.07E-06
702	0.000465818	7.10E-06
703	0.000450873	6.96E-06
704	0.000436226	6.79E-06
705	0.000421911	6.70E-06
706	0.000407466	6.79E-06
707	0.000393504	7.04E-06
708	0.000380103	7.41E-06
709	0.000367336	7.87E-06
710	0.000355216	8.36E-06
711	0.000343352	8.79E-06
712	0.000332105	9.11E-06
713	0.000321364	9.26E-06
714	0.000310797	9.30E-06
715	0.000300033	9.29E-06
716	0.000288996	9.30E-06
717	0.000277458	9.31E-06
718	0.000265747	9.28E-06
719	0.000254202	9.19E-06
720	0.000243053	8.99E-06
721	0.000231966	8.72E-06
722	0.00022115	8.42E-06
723	0.000210532	8.13E-06
724	0.000200291	7.89E-06
725	0.000190758	7.75E-06
726	0.000182135	7.77E-06
727	0.000174751	7.97E-06
728	0.000168455	8.36E-06
729	0.000163052	8.93E-06
730	0.000158336	9.68E-06
731	0.000153784	1.04E-05
732	0.000149328	1.10E-05
733	0.00014465	1.11E-05
734	0.000139739	1.08E-05
735	0.00013503	1.02E-05
736	0.000131258	9.79E-06
737	0.000128503	9.63E-06
738	0.000126534	9.79E-06
739	0.000124945	1.02E-05
740	0.000123332	1.09E-05
741	0.000121594	1.19E-05
742	0.000119726	1.29E-05
743	0.000117797	1.40E-05
744	0.000115839	1.51E-05
745	0.00011379	1.60E-05
746	0.000111631	1.67E-05
747	0.00010924	1.70E-05
748	0.00010673	1.70E-05
749	0.000104303	1.72E-05
750	0.000102158	1.78E-05
751	0.000100478	1.89E-05
752	9.88E-05	2.01E-05
753	9.68E-05	2.08E-05
754	9.43E-05	2.10E-05
755	9.19E-05	2.09E-05
756	9.04E-05	2.11E-05
757	9.03E-05	2.23E-05
758	9.09E-05	2.42E-05
759	9.13E-05	2.61E-05
760	9.03E-05	2.73E-05
761	8.75E-05	2.74E-05
762	8.42E-05	2.73E-05
763	8.18E-05	2.75E-05
764	8.13E-05	2.86E-05
765	8.18E-05	3.02E-05
766	8.23E-05	3.16E-05
767	8.18E-05	3.23E-05
768	8.03E-05	3.26E-05
769	7.81E-05	3.29E-05
770	7.56E-05	3.36E-05
771	7.31E-05	3.48E-05
772	7.12E-05	3.60E-05
773	7.01E-05	3.69E-05
774	7.00E-05	3.72E-05
775	7.03E-05	3.74E-05
776	7.02E-05	3.79E-05
777	6.91E-05	3.93E-05
778	6.75E-05	4.10E-05
779	6.62E-05	4.25E-05
780	6.62E-05	4.33E-05
