Name	0	17	34	51	68	85	102	119	136	153	170	187	204	221	238	255
Date	15/02/2018	15/02/2018	15/02/2018	15/02/2018	15/02/2018	15/02/2018	15/02/2018	15/02/2018	15/02/2018	15/02/2018	15/02/2018	15/02/2018	15/02/2018	15/02/2018	15/02/2018	15/02/2018
Time	06:25pm	06:28pm	06:30pm	06:32pm	06:34pm	06:36pm	06:38pm	06:40pm	06:41pm	06:43pm	06:44pm	06:46pm	06:47pm	06:48pm	06:50pm	06:50pm
Integration time [ms]	60000	60000	60000	60000	30443	19825	13920	8571	6258	4987	4088	3363	2854	2424	2092	1747
Luminance[cd/sqm]	2.32E-01	3.42E-01	1.55E+00	4.35E+00	1.09E+01	1.84E+01	2.80E+01	4.06E+01	5.50E+01	7.14E+01	9.04E+01	1.13E+02	1.36E+02	1.62E+02	1.91E+02	2.28E+02
Radiance[W/sr*sqm]	1.66E-03	2.07E-03	6.16E-03	1.56E-02	3.79E-02	6.37E-02	9.62E-02	1.39E-01	1.88E-01	2.45E-01	3.09E-01	3.85E-01	4.64E-01	5.52E-01	6.51E-01	7.82E-01
CCT [K]	11366	10015	6821	6855	6760	6769	6691	6723	6753	6792	6748	6752	6738	6764	6730	6718
DWl[nm]	479	479	487	489	488	487	488	488	488	487	487	487	487	487	487	486
PE[%]	24.8	21.9	9.4	9.5	8.9	9	8.5	8.8	8.9	9.2	8.9	9	8.9	9	8.8	8.8
x	0.2743	0.2808	0.3077	0.3065	0.3083	0.3084	0.3095	0.309	0.3086	0.3082	0.3089	0.3089	0.309	0.3087	0.3091	0.3096
y	0.2806	0.2879	0.3244	0.3274	0.3271	0.3254	0.3267	0.3263	0.3258	0.3242	0.3246	0.3242	0.325	0.3243	0.3251	0.3237
u'	0.1886	0.1906	0.196	0.1941	0.1954	0.1962	0.1965	0.1963	0.1962	0.1965	0.1968	0.197	0.1968	0.1968	0.1968	0.1977
v'	0.434	0.4397	0.4651	0.4666	0.4667	0.4657	0.4666	0.4663	0.466	0.4651	0.4654	0.4651	0.4656	0.4652	0.4657	0.465
Reference Illuminant	daylight >7000K	daylight >7000K	daylight 5000-7000K	daylight 5000-7000K	daylight 5000-7000K	daylight 5000-7000K	daylight 5000-7000K	daylight 5000-7000K	daylight 5000-7000K	daylight 5000-7000K	daylight 5000-7000K	daylight 5000-7000K	daylight 5000-7000K	daylight 5000-7000K	daylight 5000-7000K	daylight 5000-7000K
CCT [K]	11366	10015	6821	6855	6760	6769	6691	6723	6753	6792	6748	6752	6738	6764	6730	6718
R1	98	98.3	97.2	94.6	95.6	96.7	96.5	96.2	96.2	96.8	96.9	97	96.4	96.2	95.8	96.8
R2	88.2	85.9	87.5	86	86.7	87.3	87.2	87	87	87.2	87.3	87.4	87.1	87	86.8	87.3
R3	70.9	68.9	74.1	73.9	74	73.9	74	73.9	73.8	73.7	73.7	73.7	73.7	73.6	73.7	73.6
R4	81.2	81.3	83.3	83.4	83.5	83.5	83.5	83.5	83.6	83.5	83.6	83.7	83.9	84	84.1	84.2
R5	97.3	94	93.1	90.9	91.8	92.6	92.5	92.2	92.2	92.7	92.8	92.9	92.4	92.3	92	92.8
R6	82.9	78.9	82.2	80.6	81.2	81.8	81.7	81.4	81.3	81.6	81.6	81.6	81.2	81	80.8	81.2
R7	85	83.6	85.8	85.6	85.8	85.8	85.8	85.7	85.7	85.7	85.8	85.8	85.8	85.8	85.9	85.9
R8	87.2	88.1	90.3	89.7	89.9	90.2	90.2	90.1	90.1	90.2	90.3	90.3	90.3	90.3	90.2	90.5
R9	87.2	97.4	83.9	77.1	78.2	81.8	81.1	80.2	80.6	82.6	83.1	83.6	81.9	81.9	80.7	84.3
R10	66.6	60.5	65.5	62.5	63.8	64.8	64.7	64.3	64.1	64.6	64.8	64.9	64.3	64	63.6	64.6
R11	78.6	79.6	81.8	81.7	81.9	82	82	82.1	82.2	82.1	82.3	82.4	82.6	82.7	82.9	83.1
R12	58.7	54.5	60	57.6	58.5	59.1	59.1	58.7	58.5	58.8	58.9	58.8	58.3	58	57.6	58.1
R13	97.7	94.7	94.1	91.6	92.7	93.7	93.5	93.2	93.2	93.7	93.9	93.9	93.4	93.2	92.9	93.8
R14	83.4	82.3	84.7	84.7	84.7	84.5	84.6	84.6	84.5	84.4	84.4	84.4	84.4	84.4	84.5	84.3
Ra	86.34	84.88	86.7	85.6	86.07	86.47	86.4	86.27	86.25	86.42	86.5	86.54	86.35	86.27	86.17	86.53
																
wavelength [nm]	Radiance[W/(sr*sqm*nm)]	Radiance[W/(sr*sqm*nm)]	Radiance[W/(sr*sqm*nm)]	Radiance[W/(sr*sqm*nm)]	Radiance[W/(sr*sqm*nm)]	Radiance[W/(sr*sqm*nm)]	Radiance[W/(sr*sqm*nm)]	Radiance[W/(sr*sqm*nm)]	Radiance[W/(sr*sqm*nm)]	Radiance[W/(sr*sqm*nm)]	Radiance[W/(sr*sqm*nm)]	Radiance[W/(sr*sqm*nm)]	Radiance[W/(sr*sqm*nm)]	Radiance[W/(sr*sqm*nm)]	Radiance[W/(sr*sqm*nm)]	Radiance[W/(sr*sqm*nm)]
																
380	1.53877E-06	4.31765E-07	1.25519E-06	4.76145E-07	1.03486E-06	9.26721E-07	5.66714E-07	1.125E-07	2.26397E-07	1.36724E-06	1.72226E-06	5.66995E-07	5.28172E-06	1.32476E-06	0	0
381	2.061E-06	1.89784E-07	1.63878E-06	2.17127E-07	3.49221E-07	3.02582E-07	2.41645E-07	2.69148E-07	1.12177E-07	6.36811E-07	2.11298E-06	8.72232E-07	5.41092E-06	1.63353E-06	1.30626E-07	0
382	2.40209E-06	4.89346E-09	1.75939E-06	5.49124E-09	6.40556E-09	8.1345E-09	1.30707E-08	4.81441E-07	2.3479E-08	3.71688E-08	2.70333E-06	1.23117E-06	5.35311E-06	1.71905E-06	6.55413E-07	7.05561E-08
383	2.50093E-06	0	1.54203E-06	0	1.33913E-07	1.64582E-07	0	7.36072E-07	0	0	3.50609E-06	1.62659E-06	5.12675E-06	1.54542E-06	9.78536E-07	5.23164E-07
384	2.40297E-06	0	1.10582E-06	0	5.61602E-07	6.09677E-07	0	9.88984E-07	0	0	4.35811E-06	1.98844E-06	4.77161E-06	1.24452E-06	1.09194E-06	9.786E-07
385	2.1753E-06	0	6.06608E-07	0	1.06204E-06	1.12664E-06	0	1.19207E-06	1.3633E-08	0	5.06681E-06	2.23929E-06	4.32968E-06	9.7801E-07	1.0291E-06	1.51437E-06
386	1.90264E-06	0	1.88075E-07	0	1.4473E-06	1.53832E-06	0	1.3183E-06	1.03904E-07	0	5.52719E-06	2.33841E-06	3.88793E-06	9.03805E-07	8.30843E-07	2.22879E-06
387	1.60779E-06	1.07249E-08	0	3.5803E-08	1.51394E-06	1.6498E-06	1.57923E-08	1.31109E-06	2.45504E-07	4.31659E-07	5.50887E-06	2.18829E-06	3.41826E-06	1.148E-06	5.06205E-07	3.17863E-06
388	1.32545E-06	2.93608E-08	2.60821E-09	1.69564E-07	1.2069E-06	1.3995E-06	2.15812E-08	1.18629E-06	4.40739E-07	1.20717E-06	4.99244E-06	1.7976E-06	2.95914E-06	1.7285E-06	1.16222E-07	4.31803E-06
389	1.0578E-06	3.14485E-08	1.91546E-07	2.87631E-07	7.1515E-07	9.42248E-07	1.00603E-08	1.06417E-06	6.91205E-07	2.04239E-06	4.22666E-06	1.31516E-06	2.55811E-06	2.44691E-06	0	5.39833E-06
390	8.03636E-07	2.26684E-08	4.31234E-07	3.52342E-07	2.45439E-07	4.49129E-07	0	1.07114E-06	9.98363E-07	2.78198E-06	3.47832E-06	8.98552E-07	2.26184E-06	3.09021E-06	0	6.15947E-06
391	5.61824E-07	8.46616E-09	6.20526E-07	3.27624E-07	0	8.41651E-08	0	1.32847E-06	1.36373E-06	3.27735E-06	3.00343E-06	6.98862E-07	2.11526E-06	3.4545E-06	0	6.35276E-06
392	3.32143E-07	0	6.67321E-07	1.83379E-07	1.43848E-07	0	2.9712E-08	1.94083E-06	1.78592E-06	3.39428E-06	3.03148E-06	8.52493E-07	2.15806E-06	3.35763E-06	4.6941E-07	5.76109E-06
393	1.30946E-07	0	5.66676E-07	0	6.42698E-07	1.93881E-07	7.70468E-08	2.81592E-06	2.21851E-06	3.15203E-06	3.52438E-06	1.35012E-06	2.37802E-06	2.85873E-06	1.48563E-06	4.55444E-06
394	0	0	3.82555E-07	0	1.26972E-06	5.72181E-07	1.11322E-07	3.70636E-06	2.57982E-06	2.69084E-06	4.23249E-06	2.06723E-06	2.7218E-06	2.20708E-06	2.74E-06	3.20712E-06
395	0	0	1.78466E-07	0	1.80553E-06	1.02802E-06	1.02902E-07	4.36977E-06	2.79027E-06	2.14909E-06	4.90963E-06	2.88073E-06	3.13689E-06	1.6479E-06	4.07872E-06	2.18412E-06
396	0	0	1.54439E-08	0	2.04048E-06	1.46289E-06	2.33258E-08	4.57578E-06	2.77494E-06	1.66069E-06	5.32222E-06	3.6744E-06	3.57486E-06	1.41762E-06	5.35702E-06	1.93333E-06
397	1.71502E-07	2.78087E-08	0	4.74879E-07	1.82083E-06	1.79239E-06	0	4.16071E-06	2.49205E-06	1.3386E-06	5.29131E-06	4.34148E-06	3.99741E-06	1.70458E-06	6.44956E-06	2.77446E-06
398	4.30537E-07	6.11691E-08	0	1.17725E-06	1.28233E-06	2.00055E-06	0	3.3253E-06	2.09218E-06	1.21695E-06	4.93705E-06	4.82688E-06	4.43542E-06	2.47924E-06	7.3416E-06	4.40023E-06
399	6.88345E-07	8.87408E-08	0	1.87889E-06	6.54766E-07	2.09474E-06	0	2.3875E-06	1.78664E-06	1.30204E-06	4.47659E-06	5.0938E-06	4.94182E-06	3.63904E-06	8.05542E-06	6.2989E-06
400	8.72008E-07	1.00363E-07	4.31778E-08	2.40054E-06	1.59861E-07	2.08205E-06	0	1.65412E-06	1.7793E-06	1.59989E-06	4.1195E-06	5.10678E-06	5.56769E-06	5.08498E-06	8.61257E-06	7.97667E-06
401	9.14276E-07	8.65549E-08	7.78253E-08	2.57782E-06	1.09283E-08	1.97563E-06	1.20482E-07	1.42475E-06	2.27316E-06	2.12285E-06	4.0803E-06	4.84724E-06	6.38214E-06	6.74274E-06	9.06249E-06	8.98709E-06
402	7.85978E-07	4.67606E-08	8.07698E-08	2.33033E-06	3.00265E-07	1.78894E-06	8.29126E-07	1.82315E-06	3.30955E-06	2.85185E-06	4.45965E-06	4.34924E-06	7.38931E-06	8.51726E-06	9.44092E-06	9.168E-06
403	5.52097E-07	1.00747E-09	8.15836E-08	1.79253E-06	8.70614E-07	1.57251E-06	1.71568E-06	2.63363E-06	4.61643E-06	3.72391E-06	5.18945E-06	3.84625E-06	8.54545E-06	1.03434E-05	9.89884E-06	9.08047E-06
404	2.88021E-07	0	1.14459E-07	1.12275E-06	1.53585E-06	1.37972E-06	2.6309E-06	3.60067E-06	5.8866E-06	4.67122E-06	6.17972E-06	3.59047E-06	9.79964E-06	1.21596E-05	1.05957E-05	9.36387E-06
405	6.74578E-08	0	2.12826E-07	4.75819E-07	2.11398E-06	1.26277E-06	3.42888E-06	4.47445E-06	6.81968E-06	5.62745E-06	7.34247E-06	3.82847E-06	1.11021E-05	1.39057E-05	1.16873E-05	1.06433E-05
406	0	4.59664E-08	4.06859E-07	0	2.43562E-06	1.27103E-06	3.97509E-06	5.02452E-06	7.14287E-06	6.53227E-06	8.59756E-06	4.79286E-06	1.24128E-05	1.5535E-05	1.33242E-05	1.35012E-05
407	0	1.5728E-07	6.78141E-07	0	2.47699E-06	1.41519E-06	4.26389E-06	5.24925E-06	6.92935E-06	7.37251E-06	9.92549E-06	6.53024E-06	1.37832E-05	1.71382E-05	1.55457E-05	1.79073E-05
408	5.11333E-08	2.74728E-07	9.66988E-07	0	2.34004E-06	1.67388E-06	4.40201E-06	5.34529E-06	6.5521E-06	8.17922E-06	1.13638E-05	8.93117E-06	1.53506E-05	1.89328E-05	1.83045E-05	2.33168E-05
409	1.56949E-07	3.5901E-07	1.21355E-06	0	2.12875E-06	2.02512E-06	4.49769E-06	5.51182E-06	6.38643E-06	8.98425E-06	1.2951E-05	1.18832E-05	1.72521E-05	2.11361E-05	2.15514E-05	2.91784E-05
410	2.40062E-07	3.71633E-07	1.35923E-06	0	1.945E-06	2.44737E-06	4.65695E-06	5.94391E-06	6.79995E-06	9.81879E-06	1.47249E-05	1.52763E-05	1.9622E-05	2.39608E-05	2.52381E-05	3.49527E-05
411	2.62794E-07	2.87707E-07	1.36256E-06	2.83675E-07	1.88183E-06	2.92841E-06	4.98299E-06	6.81237E-06	8.10002E-06	1.07576E-05	1.67572E-05	1.9046E-05	2.26171E-05	2.76312E-05	2.94065E-05	4.03194E-05
412	2.29678E-07	1.49291E-07	1.26103E-06	6.4547E-07	1.98566E-06	3.49005E-06	5.55009E-06	8.14551E-06	1.02718E-05	1.20577E-05	1.92253E-05	2.3273E-05	2.64194E-05	3.23249E-05	3.44352E-05	4.58849E-05
413	1.59122E-07	2.01305E-08	1.11874E-06	1.01987E-06	2.28946E-06	4.16726E-06	6.42727E-06	9.93115E-06	1.32026E-05	1.4043E-05	2.23534E-05	2.80984E-05	3.12368E-05	3.82259E-05	4.08326E-05	5.25839E-05
414	6.92225E-08	0	9.98669E-07	1.36629E-06	2.82563E-06	4.9944E-06	7.68228E-06	1.21573E-05	1.67821E-05	1.70312E-05	2.63619E-05	3.36611E-05	3.72735E-05	4.55152E-05	4.90984E-05	6.13347E-05
415	0	3.84931E-08	9.62348E-07	1.64529E-06	3.62577E-06	6.00555E-06	9.38168E-06	1.48128E-05	2.09025E-05	2.13341E-05	3.14674E-05	4.00986E-05	4.47315E-05	5.43719E-05	5.9723E-05	7.30377E-05
416	0	2.55766E-07	1.037E-06	1.86785E-06	4.71096E-06	7.28083E-06	1.16137E-05	1.79857E-05	2.56164E-05	2.72329E-05	3.79799E-05	4.77926E-05	5.40521E-05	6.52739E-05	7.33003E-05	8.85899E-05
417	0	5.28883E-07	1.18079E-06	2.12107E-06	6.05042E-06	8.93088E-06	1.44226E-05	2.18109E-05	3.10756E-05	3.47661E-05	4.61019E-05	5.72114E-05	6.57148E-05	7.87588E-05	9.00835E-05	0.000108246
418	0	7.62591E-07	1.34746E-06	2.50315E-06	7.61583E-06	1.10822E-05	1.78685E-05	2.64604E-05	3.74871E-05	4.39921E-05	5.60941E-05	6.89205E-05	8.03004E-05	9.54891E-05	0.000110421	0.000132357
419	0	8.62469E-07	1.49116E-06	3.11146E-06	9.37911E-06	1.38603E-05	2.20109E-05	3.21043E-05	4.50559E-05	5.4969E-05	6.82147E-05	8.348E-05	9.83844E-05	0.000116122	0.000134657	0.000161269
420	1.20469E-07	7.45742E-07	1.57218E-06	4.03457E-06	1.13193E-05	1.73829E-05	2.69153E-05	3.89142E-05	5.39956E-05	6.7773E-05	8.27462E-05	0.000101456	0.000120543	0.000141333	0.00016321	0.000195414
421	3.54971E-07	4.62954E-07	1.6212E-06	5.2614E-06	1.3496E-05	2.16794E-05	3.27176E-05	4.70813E-05	6.46244E-05	8.26908E-05	0.000100267	0.000123516	0.000147371	0.000172066	0.000197353	0.000236217
422	6.17096E-07	1.53538E-07	1.71657E-06	6.7175E-06	1.60302E-05	2.67328E-05	3.96188E-05	5.68357E-05	7.73663E-05	0.000100194	0.000121604	0.000150456	0.000179559	0.000209531	0.000239038	0.000285893
423	8.66919E-07	0	1.9364E-06	8.32714E-06	1.90403E-05	3.25217E-05	4.78131E-05	6.83976E-05	9.26311E-05	0.000120738	0.000147567	0.000183048	0.000217767	0.000254902	0.000290175	0.000346612
424	1.0649E-06	1.15672E-08	2.35805E-06	1.00153E-05	2.26434E-05	3.90248E-05	5.74931E-05	8.19853E-05	0.000110825	0.000144775	0.000178954	0.000222057	0.000262647	0.000309343	0.000352657	0.000420519
425	1.18856E-06	4.02039E-07	3.03962E-06	1.17497E-05	2.69597E-05	4.63061E-05	6.88829E-05	9.79056E-05	0.000132428	0.000172895	0.00021655	0.000268327	0.000315163	0.00037413	0.000428341	0.00050976
426	1.27299E-06	1.0309E-06	3.97224E-06	1.36369E-05	3.21053E-05	5.46972E-05	8.22787E-05	0.000116719	0.000158108	0.000206068	0.000260978	0.000322834	0.000377183	0.000450725	0.000518746	0.000616216
427	1.36681E-06	1.76246E-06	5.13595E-06	1.5826E-05	3.82247E-05	6.46364E-05	9.80672E-05	0.000139145	0.000188715	0.000245533	0.000313062	0.000386875	0.000451106	0.000541041	0.000625783	0.000742265
428	1.51751E-06	2.4626E-06	6.50982E-06	1.84594E-05	4.54495E-05	7.65373E-05	0.000116601	0.000165855	0.000225031	0.000292442	0.000373524	0.00046162	0.00053917	0.00064681	0.000751162	0.000890044
429	1.77065E-06	3.0027E-06	8.074E-06	2.16763E-05	5.39106E-05	9.08057E-05	0.000138234	0.00019751	0.000267835	0.000347936	0.000443107	0.000548247	0.000643588	0.000769778	0.000896617	0.001061723
430	2.13074E-06	3.36914E-06	9.83231E-06	2.55757E-05	6.37748E-05	0.000107762	0.000163441	0.000234759	0.000317991	0.000413238	0.000523336	0.000648613	0.000766604	0.00091271	0.001065144	0.00126109
431	2.55956E-06	3.68051E-06	1.18282E-05	3.0246E-05	7.53329E-05	0.000127774	0.000193049	0.000278549	0.000376881	0.000490215	0.000617305	0.00076619	0.00091152	0.001080717	0.001262556	0.001495422
432	3.01213E-06	4.05343E-06	1.40846E-05	3.57168E-05	8.87364E-05	0.000150966	0.000227528	0.000329308	0.000445186	0.000579821	0.000726982	0.000903043	0.001079941	0.001276935	0.00149237	0.001769277
433	3.44578E-06	4.60711E-06	1.66333E-05	4.20415E-05	0.000104196	0.000177566	0.000267501	0.000387681	0.000523884	0.000683393	0.000854817	0.001061837	0.001274179	0.00150534	0.001759079	0.002088369
434	3.83293E-06	5.4361E-06	1.94944E-05	4.92713E-05	0.000121912	0.000207807	0.000313533	0.000454297	0.000613924	0.000802206	0.001003045	0.001245097	0.001496502	0.001769627	0.002066919	0.002458014
435	4.23234E-06	6.49554E-06	2.26196E-05	5.74447E-05	0.00014204	0.000241982	0.000365884	0.000529729	0.00071613	0.000937208	0.001172708	0.001454623	0.001748988	0.002072003	0.002418762	0.002881388
436	4.7393E-06	7.70029E-06	2.59688E-05	6.66779E-05	0.000164922	0.000280746	0.000425227	0.000615284	0.000832306	0.001090573	0.001366104	0.001694031	0.002036146	0.002417103	0.002820457	0.003365034
437	5.43855E-06	8.94986E-06	2.94466E-05	7.69472E-05	0.000190551	0.000324168	0.000491346	0.000710981	0.000962512	0.001262198	0.001582684	0.001963411	0.002358236	0.002804541	0.003271984	0.003908507
438	6.418E-06	1.01513E-05	3.29823E-05	8.82863E-05	0.000219066	0.000372557	0.000564391	0.000817364	0.001107522	0.001452909	0.001823065	0.002264285	0.002717245	0.003235975	0.003775707	0.004514207
439	7.66793E-06	1.12556E-05	3.65293E-05	0.000100486	0.00024992	0.00042505	0.000642967	0.000932488	0.001264719	0.001659223	0.002082676	0.002591128	0.003106835	0.003703406	0.00432254	0.005171178
440	9.0184E-06	1.2286E-05	4.00806E-05	0.000112937	0.000281448	0.000478865	0.000723143	0.001050322	0.001425932	0.001870591	0.002348429	0.002926838	0.003506998	0.00418298	0.004884592	0.00584655
441	1.02971E-05	1.32882E-05	4.36853E-05	0.000125143	0.000312256	0.000531681	0.000801717	0.001165854	0.001584373	0.002078299	0.002609579	0.003257153	0.00390114	0.004654959	0.005438756	0.006513234
442	1.13101E-05	1.42785E-05	4.72966E-05	0.000136338	0.000340274	0.000580029	0.000873753	0.001271557	0.001729843	0.002269156	0.002849757	0.003560801	0.004264273	0.005089594	0.005950234	0.007130149
443	1.18936E-05	1.52765E-05	5.08838E-05	0.000145898	0.000363822	0.000621081	0.000935248	0.001361307	0.001854013	0.002432404	0.003055635	0.003820371	0.004575974	0.005462578	0.006390572	0.007663701
444	1.20656E-05	1.62157E-05	5.41844E-05	0.000153409	0.000382014	0.000653194	0.000983681	0.001431539	0.001951803	0.002561337	0.003218855	0.004025307	0.004823509	0.005758797	0.006741939	0.00809211
445	1.1935E-05	1.69863E-05	5.68195E-05	0.00015856	0.00039436	0.000675316	0.001017268	0.00147997	0.002019752	0.002651271	0.003333541	0.004168474	0.004997984	0.005967724	0.006991802	0.008399493
446	1.16121E-05	1.74783E-05	5.84096E-05	0.000161044	0.000400382	0.000686409	0.001034245	0.001504347	0.00205444	0.002697575	0.003393883	0.00424282	0.005090598	0.006078948	0.007127769	0.008570125
447	1.12065E-05	1.7581E-05	5.85731E-05	0.000160547	0.000399585	0.000685413	0.001032815	0.001502368	0.002052382	0.002695531	0.003393958	0.004241159	0.00509239	0.006081862	0.007137214	0.008588
448	1.08047E-05	1.72514E-05	5.71801E-05	0.000157058	0.000392005	0.000672307	0.001012863	0.001473975	0.002013378	0.0026448	0.003333191	0.004163076	0.005002551	0.005975577	0.007018756	0.008451018
449	1.04423E-05	1.65865E-05	5.46223E-05	0.000151189	0.000378763	0.000649207	0.000977732	0.001423729	0.001944005	0.002554071	0.003222029	0.004022119	0.004837088	0.005779243	0.006794202	0.008185743
450	1.01493E-05	1.57009E-05	5.13576E-05	0.00014363	0.000361122	0.000618501	0.000931211	0.001356781	0.001851704	0.002433183	0.00307232	0.003833616	0.004614147	0.005514561	0.00648831	0.007822393
451	9.9403E-06	1.46873E-05	4.77722E-05	0.000134865	0.000339823	0.000581692	0.000875754	0.001276336	0.001741264	0.002288492	0.002891509	0.0036074	0.004345257	0.00519532	0.00611652	0.00737994
452	9.85061E-06	1.36802E-05	4.43804E-05	0.000125797	0.000316716	0.000542148	0.000816598	0.001189702	0.001623032	0.00213364	0.00269632	0.003364812	0.004055822	0.004851865	0.005713868	0.006900918
453	9.7978E-06	1.27249E-05	4.13085E-05	0.00011682	0.000292939	0.000501766	0.000756497	0.001101021	0.001502629	0.001975897	0.002496194	0.003117399	0.003759693	0.004500512	0.005299996	0.006408661
454	9.64035E-06	1.18293E-05	3.85059E-05	0.00010817	0.00026956	0.00046216	0.000697628	0.00101386	0.001384661	0.0018211	0.002299206	0.002874591	0.003468307	0.004154559	0.004891642	0.005922623
455	9.23648E-06	1.10008E-05	3.59199E-05	0.000100077	0.000247639	0.000424935	0.000642157	0.000931769	0.001273704	0.001675049	0.002113386	0.002645762	0.003193038	0.003827224	0.004505454	0.005462149
456	8.45333E-06	1.02563E-05	3.35298E-05	9.28602E-05	0.000228448	0.00039206	0.000592793	0.000859086	0.001175416	0.001544968	0.001948554	0.002442537	0.002947971	0.003534985	0.004161909	0.005051234
457	7.25057E-06	9.57736E-06	3.12648E-05	8.65058E-05	0.000212251	0.000363887	0.000549974	0.000796669	0.001090794	0.001432184	0.001806746	0.002267014	0.002735756	0.003280884	0.003865089	0.004694441
458	5.84507E-06	8.92352E-06	2.91293E-05	8.07802E-05	0.000198348	0.000339371	0.00051239	0.000742439	0.001017024	0.001333536	0.001683559	0.002113742	0.002550068	0.003057821	0.003605821	0.004381263
459	4.48765E-06	8.24971E-06	2.71332E-05	7.54057E-05	0.000185873	0.000317215	0.000478399	0.000693784	0.000950592	0.001245018	0.001573416	0.001975867	0.002382905	0.002856774	0.003372494	0.004098371
460	3.42924E-06	7.51087E-06	2.52862E-05	7.01043E-05	0.000173958	0.000296121	0.000446364	0.00064809	0.000887985	0.001162623	0.001470736	0.001846534	0.002226262	0.002668716	0.00315349	0.00383243
461	2.89916E-06	6.67969E-06	2.36295E-05	6.47235E-05	0.000162044	0.000275308	0.000415377	0.000603827	0.000827167	0.001084191	0.001372329	0.001721896	0.002075737	0.00248888	0.002942327	0.00357628
462	2.85563E-06	5.7895E-06	2.2104E-05	5.92309E-05	0.00014982	0.000254323	0.000384597	0.000559707	0.000766407	0.001007077	0.001274858	0.001598074	0.00192658	0.002311462	0.002732332	0.003321874
463	3.10979E-06	4.93402E-06	2.06732E-05	5.38921E-05	0.000137679	0.000233869	0.000354667	0.000516687	0.000707022	0.000932104	0.001179651	0.001477129	0.001781035	0.002138683	0.002526913	0.003073028
464	3.4697E-06	4.20811E-06	1.93006E-05	4.89767E-05	0.000126023	0.000214661	0.000326242	0.000475741	0.00065036	0.000860121	0.001088076	0.001361176	0.001641404	0.001972823	0.002329564	0.002833654
465	3.74269E-06	3.70692E-06	1.79492E-05	4.47552E-05	0.000115256	0.000197414	0.00029998	0.000437849	0.000597774	0.000791982	0.001001507	0.001252341	0.001509999	0.001816175	0.002143795	0.002607687
466	3.82141E-06	3.47472E-06	1.66288E-05	4.14249E-05	0.000105827	0.000182828	0.000276772	0.000404331	0.000551137	0.00072975	0.00092273	0.001154226	0.001391076	0.001673579	0.001975696	0.002402444
467	3.74893E-06	3.4248E-06	1.53224E-05	3.87239E-05	9.74925E-05	0.00017021	0.000255938	0.000374207	0.000509302	0.000672552	0.000850586	0.001064901	0.00128256	0.001542697	0.001821996	0.002214369
468	3.59552E-06	3.46196E-06	1.40514E-05	3.64359E-05	9.01896E-05	0.00015915	0.000237298	0.000347233	0.00047214	0.000621012	0.000785774	0.000984682	0.001185126	0.001424553	0.001683276	0.002044663
469	3.43243E-06	3.4897E-06	1.28375E-05	3.43416E-05	8.38566E-05	0.00014923	0.000220673	0.000323159	0.000439522	0.00057576	0.000729004	0.000913889	0.001099461	0.001320184	0.001560128	0.001894543
470	3.32307E-06	3.42198E-06	1.17042E-05	3.22455E-05	7.84352E-05	0.000140076	0.000205907	0.000301762	0.000411304	0.000537332	0.000680865	0.000852775	0.001026127	0.001230469	0.001453055	0.001765025
471	3.24767E-06	3.25784E-06	1.06501E-05	3.00703E-05	7.36554E-05	0.000131245	0.00019242	0.000282081	0.000385913	0.000503694	0.000638712	0.000798301	0.000961326	0.001150927	0.001357182	0.0016497
472	3.17279E-06	3.06809E-06	9.75833E-06	2.80675E-05	6.97937E-05	0.000123432	0.000181136	0.0002653	0.000364487	0.00047599	0.00060394	0.000752871	0.00090761	0.001084626	0.001277016	0.00155312
473	3.0531E-06	2.91204E-06	9.06842E-06	2.63727E-05	6.68418E-05	0.000116823	0.000172225	0.000251507	0.000346669	0.00045341	0.000575466	0.000715785	0.000863794	0.001030143	0.001211762	0.001473393
474	2.84377E-06	2.84827E-06	8.61941E-06	2.512E-05	6.47899E-05	0.000111605	0.000165857	0.000240784	0.000332105	0.000435141	0.000552208	0.000686337	0.00082869	0.000986057	0.001160616	0.001408627
475	2.53477E-06	2.88781E-06	8.4153E-06	2.4358E-05	6.35379E-05	0.000107787	0.000161856	0.000232944	0.000320432	0.00042046	0.000533251	0.000663568	0.000801031	0.000950945	0.001121964	0.001356809
476	2.16768E-06	2.95857E-06	8.38565E-06	2.39456E-05	6.27052E-05	0.000104874	0.000159156	0.00022688	0.000310621	0.000407919	0.000516846	0.000644737	0.000777757	0.000921419	0.001090569	0.001312933
477	1.79997E-06	2.99393E-06	8.49018E-06	2.38314E-05	6.21677E-05	0.000102799	0.000157325	0.00022243	0.000302997	0.000397862	0.000503525	0.000629876	0.000759192	0.000898114	0.001065824	0.001277716
478	1.48261E-06	2.9218E-06	8.67066E-06	2.39114E-05	6.16647E-05	0.000101259	0.000155585	0.000218924	0.00029718	0.000389708	0.000492649	0.000617563	0.000743901	0.000879574	0.001044673	0.001248889
479	1.25773E-06	2.68808E-06	8.87249E-06	2.40848E-05	6.09804E-05	9.9995E-05	0.000153316	0.000215806	0.000292838	0.000382985	0.000483699	0.000606629	0.000730698	0.000864556	0.00102465	0.001224559
480	1.11969E-06	2.33732E-06	9.05895E-06	2.42661E-05	6.01392E-05	9.89731E-05	0.000150775	0.000213133	0.000289906	0.000377782	0.000476808	0.000597276	0.000719742	0.000852963	0.001006506	0.001204841
481	1.04471E-06	1.94529E-06	9.18656E-06	2.43402E-05	5.91639E-05	9.80974E-05	0.000148305	0.000210872	0.000287997	0.000373853	0.00047166	0.000589333	0.00071064	0.000843887	0.000990686	0.001188848
482	1.01232E-06	1.59376E-06	9.23839E-06	2.42628E-05	5.82492E-05	9.75555E-05	0.000146677	0.000209601	0.000287555	0.000372028	0.000469296	0.000584335	0.000705051	0.000838858	0.000980498	0.001179132
483	1.00128E-06	1.35786E-06	9.18641E-06	2.39615E-05	5.75009E-05	9.73909E-05	0.000146418	0.000209573	0.000288597	0.00037257	0.000470045	0.000582918	0.000703564	0.000838152	0.000977699	0.001176448
484	1.01088E-06	1.26734E-06	9.03817E-06	2.35011E-05	5.70297E-05	9.76671E-05	0.000147614	0.000210899	0.000291086	0.00037549	0.000473889	0.000585376	0.000706458	0.000841964	0.000982764	0.00118102
485	1.06236E-06	1.30339E-06	8.83929E-06	2.30942E-05	5.69528E-05	9.84693E-05	0.000149888	0.000213532	0.000294922	0.000380523	0.000480441	0.000591634	0.000713688	0.000850399	0.000994798	0.00119251
486	1.18039E-06	1.44826E-06	8.65569E-06	2.30084E-05	5.75125E-05	0.000100103	0.000153178	0.000217898	0.000300668	0.000388253	0.000490378	0.000602929	0.000726794	0.000865467	0.001015087	0.001213226
487	1.38497E-06	1.6791E-06	8.5138E-06	2.34083E-05	5.87005E-05	0.000102441	0.000156768	0.000223486	0.000307587	0.000397588	0.000502271	0.000617899	0.00074418	0.000885433	0.001040553	0.001240238
488	1.68164E-06	1.96677E-06	8.46212E-06	2.44184E-05	6.0577E-05	0.000105538	0.000160423	0.000230254	0.000315643	0.000408372	0.000515902	0.000636435	0.000765775	0.000910359	0.001070509	0.001273358
489	2.02117E-06	2.25203E-06	8.55659E-06	2.58633E-05	6.30131E-05	0.000109337	0.000164409	0.000238165	0.000324984	0.000420775	0.000531593	0.000658297	0.000791393	0.000940073	0.001104962	0.001312824
490	2.34339E-06	2.46976E-06	8.8544E-06	2.75071E-05	6.58424E-05	0.000113761	0.000169092	0.000247189	0.000335793	0.000435035	0.000549774	0.000683213	0.000820822	0.000974355	0.001144062	0.001358956
491	2.59308E-06	2.55975E-06	9.42942E-06	2.91673E-05	6.90227E-05	0.000118946	0.000175153	0.000257752	0.000348876	0.0004522	0.0005719	0.000712195	0.000855384	0.001014809	0.001190093	0.001414612
492	2.71166E-06	2.46163E-06	1.03126E-05	3.05818E-05	7.22889E-05	0.000124618	0.000182629	0.000269393	0.000363814	0.000471726	0.000597387	0.000743804	0.000893455	0.001059522	0.001241203	0.001477678
493	2.70274E-06	2.22047E-06	1.14172E-05	3.17455E-05	7.56269E-05	0.000130669	0.000191436	0.000281969	0.000380443	0.000493423	0.000625805	0.000777748	0.000934662	0.0011079	0.001297054	0.001547102
494	2.60671E-06	1.94505E-06	1.25729E-05	3.27854E-05	7.91089E-05	0.000136972	0.000201228	0.000295272	0.0003984	0.000516848	0.000656224	0.000813711	0.000978533	0.001159118	0.001357012	0.001621022
495	2.46461E-06	1.74534E-06	1.36077E-05	3.38308E-05	8.28085E-05	0.000143399	0.000211656	0.000309094	0.000417314	0.000541553	0.000687702	0.000851376	0.00102459	0.001212347	0.001420437	0.001697558
496	2.3191E-06	1.73204E-06	1.43608E-05	3.50354E-05	8.68599E-05	0.000149928	0.000222526	0.000323453	0.000437127	0.000567491	0.000719806	0.000891051	0.001073111	0.001267652	0.001487733	0.001776088
497	2.20346E-06	1.95981E-06	1.47658E-05	3.64665E-05	9.1242E-05	0.000156438	0.000233522	0.000338142	0.000457434	0.000594141	0.000751811	0.000932082	0.00112323	0.001324126	0.001557641	0.001854929
498	2.14277E-06	2.39439E-06	1.49555E-05	3.81491E-05	9.59226E-05	0.000163077	0.00024476	0.000353497	0.000478519	0.000621819	0.000784563	0.00097476	0.001175255	0.001382878	0.001630382	0.001935727
499	2.16129E-06	2.99274E-06	1.50816E-05	4.0102E-05	0.000100863	0.000170009	0.000256381	0.000369892	0.000500701	0.000650887	0.000819021	0.001019414	0.001229538	0.00144514	0.001706233	0.002020348
500	2.28341E-06	3.7116E-06	1.52965E-05	4.23442E-05	0.000106023	0.0001774	0.000268531	0.000387701	0.000524303	0.00068171	0.000856145	0.001066373	0.001286435	0.001512147	0.00178547	0.002110665
501	2.51329E-06	4.48579E-06	1.56806E-05	4.47524E-05	0.000111072	0.000184906	0.000280611	0.00040614	0.000548171	0.000712752	0.000894416	0.001113111	0.001342862	0.001580825	0.00186364	0.002202616
502	2.79909E-06	5.21672E-06	1.62237E-05	4.72438E-05	0.00011606	0.000192734	0.000292996	0.000425421	0.000572901	0.000744845	0.000934827	0.001161329	0.001400878	0.001652901	0.001943644	0.002299159
503	3.0648E-06	5.78432E-06	1.68325E-05	4.95934E-05	0.00012076	0.000200598	0.000305352	0.000444623	0.000597671	0.000777005	0.000975949	0.001210037	0.001459304	0.001725936	0.002023949	0.00239752
504	3.23473E-06	6.06909E-06	1.74138E-05	5.15773E-05	0.000124948	0.000208211	0.000317348	0.000462827	0.000621663	0.000808251	0.001016362	0.001258246	0.001516964	0.001797504	0.002103028	0.002494942
505	3.24045E-06	5.96367E-06	1.78816E-05	5.29913E-05	0.000128425	0.000215308	0.000328678	0.000479184	0.000644117	0.000837668	0.001054727	0.001305024	0.001572755	0.00186533	0.002179463	0.002588833
506	3.11607E-06	5.53363E-06	1.82588E-05	5.39489E-05	0.00013146	0.000222087	0.000339614	0.000494132	0.000665553	0.000865895	0.001091638	0.001351231	0.001627804	0.001930688	0.002255073	0.002680969
507	2.96566E-06	4.96131E-06	1.86122E-05	5.46877E-05	0.000134395	0.000228626	0.000350162	0.000508046	0.000686072	0.000892935	0.001126876	0.00139627	0.001681532	0.001993509	0.002329433	0.002770842
508	2.89744E-06	4.43656E-06	1.90231E-05	5.549E-05	0.00013768	0.000235172	0.000360576	0.000521678	0.000706271	0.000919434	0.001161027	0.00144053	0.001734552	0.002055149	0.002403766	0.002859912
509	3.01868E-06	4.14785E-06	1.95728E-05	5.66359E-05	0.000141755	0.00024197	0.000371112	0.000535773	0.00072674	0.000946031	0.001194673	0.001484397	0.00178747	0.002116954	0.002479281	0.002949624
510	3.3635E-06	4.18412E-06	2.02974E-05	5.82647E-05	0.000146786	0.00024918	0.000381917	0.00055077	0.000747835	0.000973095	0.001228224	0.001528033	0.001840469	0.002179502	0.002556236	0.003040366
511	3.82793E-06	4.44819E-06	2.11074E-05	6.0133E-05	0.000152111	0.000256242	0.000392087	0.000565319	0.000767795	0.000998306	0.001258992	0.001567743	0.001888803	0.002237072	0.002627383	0.003123738
512	4.30964E-06	4.84284E-06	2.19945E-05	6.22289E-05	0.000157665	0.000263684	0.000402388	0.000580447	0.000788128	0.0010236	0.001289699	0.001606555	0.001935803	0.002293456	0.002696624	0.00320462
513	4.70071E-06	5.26272E-06	2.29079E-05	6.44163E-05	0.000163073	0.000271497	0.000412764	0.000595996	0.000808726	0.001048819	0.001320413	0.001644211	0.00198084	0.002347759	0.002762381	0.003281365
514	4.91707E-06	5.61949E-06	2.38018E-05	6.65724E-05	0.000168026	0.00027961	0.000423165	0.000611781	0.000829449	0.001073818	0.001351157	0.001680576	0.002023558	0.00239937	0.002823573	0.00335282
515	4.97392E-06	5.89469E-06	2.4653E-05	6.86277E-05	0.000172493	0.000287682	0.000433569	0.000627497	0.000849999	0.00109852	0.001381764	0.00171606	0.002064759	0.002448897	0.002881241	0.003419915
516	4.91319E-06	6.08896E-06	2.54452E-05	7.05306E-05	0.000176523	0.000295319	0.00044398	0.000642836	0.000870074	0.001122916	0.001412084	0.001751291	0.002105645	0.002497375	0.002937117	0.003484291
517	4.77592E-06	6.20244E-06	2.61602E-05	7.22242E-05	0.000180148	0.000302102	0.000454365	0.000657437	0.000889305	0.0011469	0.001441842	0.001786741	0.00214722	0.002545615	0.002992656	0.003547264
518	4.60203E-06	6.23659E-06	2.67812E-05	7.36601E-05	0.000183404	0.000307665	0.000464676	0.000670979	0.000907365	0.001170375	0.001470803	0.001822833	0.002190396	0.002594388	0.00304924	0.003610143
519	4.4206E-06	6.20506E-06	2.72944E-05	7.48518E-05	0.000186274	0.000312042	0.000474502	0.000683199	0.000924007	0.001192798	0.001498472	0.001858702	0.002234126	0.002642949	0.003106145	0.003672617
520	4.25392E-06	6.12896E-06	2.76871E-05	7.58505E-05	0.000188705	0.000315507	0.000483207	0.000693879	0.000939034	0.001213357	0.001524197	0.001892688	0.002276159	0.00268962	0.003161353	0.00373337
521	4.13156E-06	6.04045E-06	2.79989E-05	7.68487E-05	0.000190996	0.000318925	0.00049106	0.000704095	0.000954003	0.001233509	0.001550176	0.001926675	0.00231851	0.002737756	0.003218762	0.003798069
522	4.06688E-06	5.94893E-06	2.81671E-05	7.77579E-05	0.000192753	0.00032199	0.000496565	0.00071237	0.000967011	0.001250254	0.001572998	0.001955604	0.002354847	0.002780824	0.003270646	0.003858632
523	4.06101E-06	5.87902E-06	2.8208E-05	7.86061E-05	0.000194029	0.00032487	0.000499783	0.000718854	0.000978035	0.001263559	0.001592477	0.001979074	0.002384575	0.002818209	0.003316185	0.003914305
524	4.08867E-06	5.86017E-06	2.81749E-05	7.93926E-05	0.000195016	0.000327598	0.000501656	0.000724165	0.00098728	0.001274379	0.001609025	0.001998281	0.002409203	0.002850653	0.003356089	0.003965059
525	4.12284E-06	5.92207E-06	2.8123E-05	8.0115E-05	0.000195914	0.000330198	0.000503187	0.000728955	0.000994967	0.001283736	0.001623092	0.002014527	0.002430373	0.002878985	0.003391166	0.004010913
526	4.13819E-06	6.0966E-06	2.81184E-05	8.08014E-05	0.000196997	0.000332822	0.000505562	0.000734147	0.001001693	0.001293134	0.001635743	0.002029873	0.002450646	0.002905124	0.003423508	0.004053411
527	4.12244E-06	6.38579E-06	2.81932E-05	8.1408E-05	0.000198322	0.000335353	0.000509178	0.000739817	0.001007321	0.001302704	0.001646723	0.002044406	0.002470108	0.002928544	0.003452392	0.004091062
528	4.10806E-06	6.72587E-06	2.83573E-05	8.18908E-05	0.000199842	0.000337753	0.000513517	0.000745507	0.001012123	0.001311979	0.00165613	0.002057753	0.002488035	0.002949059	0.003477666	0.004123843
529	4.1346E-06	7.04189E-06	2.86149E-05	8.22007E-05	0.00020148	0.000339979	0.000517879	0.000750631	0.001016381	0.001320312	0.001664017	0.002069339	0.002503424	0.002966362	0.00349906	0.004151725
530	4.24159E-06	7.259E-06	2.89704E-05	8.2289E-05	0.000203159	0.000341986	0.000521566	0.0007546	0.001020376	0.001327058	0.001670439	0.002078593	0.00251527	0.002980147	0.003516309	0.00417468
531	4.45283E-06	7.3141E-06	2.94137E-05	8.21303E-05	0.000204786	0.000343724	0.000523996	0.000756958	0.001024316	0.001331705	0.001675482	0.002085085	0.002522841	0.002990247	0.003529259	0.004192751
532	4.70442E-06	7.2093E-06	2.98527E-05	8.18288E-05	0.000206184	0.000345108	0.000525214	0.000757957	0.001027975	0.001334435	0.001679352	0.002089119	0.002526828	0.002997169	0.003538281	0.004206249
533	4.90209E-06	6.96932E-06	3.01673E-05	8.15338E-05	0.000207146	0.000346041	0.000525485	0.000758095	0.001030985	0.001335683	0.001682308	0.002091271	0.002528436	0.00300168	0.003543954	0.004215603
534	4.95164E-06	6.61894E-06	3.02375E-05	8.13948E-05	0.000207465	0.000346429	0.000525077	0.000757873	0.001032978	0.001335884	0.001684613	0.002092114	0.002528869	0.003004544	0.003546856	0.004221247
535	4.77077E-06	6.18662E-06	2.99574E-05	8.15454E-05	0.000206959	0.000346186	0.000524246	0.000757749	0.001033609	0.001335439	0.001686473	0.002092169	0.002529212	0.003006429	0.003547502	0.004223546
536	4.41779E-06	5.74358E-06	2.93784E-05	8.19004E-05	0.000205663	0.00034526	0.00052296	0.0007574	0.001032462	0.00133389	0.001686875	0.002090584	0.002528232	0.003005779	0.003544365	0.004220565
537	4.04821E-06	5.39503E-06	2.86845E-05	8.23089E-05	0.000203952	0.000343944	0.000521498	0.000756718	0.001030061	0.001331492	0.001685614	0.002087602	0.002525593	0.00300245	0.003537973	0.004212902
538	3.81705E-06	5.24404E-06	2.80502E-05	8.25887E-05	0.00020213	0.000342412	0.000519947	0.000755314	0.001026562	0.001328014	0.001681874	0.00208271	0.002520032	0.002995206	0.003527567	0.004199626
539	3.87387E-06	5.38949E-06	2.76458E-05	8.25624E-05	0.000200493	0.000340829	0.00051839	0.000752811	0.001022119	0.001323228	0.001674869	0.002075406	0.002510329	0.002982858	0.003512427	0.004179858
540	4.21103E-06	5.80853E-06	2.75172E-05	8.21791E-05	0.000199161	0.000339231	0.000516755	0.00074914	0.001016859	0.001317057	0.001664702	0.002065603	0.002496515	0.002965618	0.003492929	0.004154279
541	4.64632E-06	6.34767E-06	2.76122E-05	8.16706E-05	0.000198374	0.000338056	0.000515648	0.000745818	0.001012549	0.001311763	0.001655236	0.002057092	0.002484169	0.002950195	0.003476463	0.004132199
542	4.97351E-06	6.82645E-06	2.77798E-05	8.10039E-05	0.000197701	0.000336611	0.000513952	0.000741904	0.001007591	0.001305258	0.001644887	0.002046855	0.00247069	0.002933575	0.003458933	0.004109288
543	4.99283E-06	7.07334E-06	2.79148E-05	8.02829E-05	0.000197044	0.000334767	0.000511408	0.000737698	0.001002074	0.00129764	0.001634833	0.002035302	0.002457623	0.00291767	0.003442045	0.004088119
544	4.62856E-06	7.01168E-06	2.79354E-05	7.95555E-05	0.000196286	0.000332423	0.000507859	0.000733265	0.000995922	0.001288903	0.001625481	0.002022589	0.002445461	0.002903169	0.003426308	0.004069589
545	4.05243E-06	6.7542E-06	2.7808E-05	7.87591E-05	0.000195274	0.000329534	0.000503352	0.000728204	0.000988729	0.001278845	0.001615699	0.00200837	0.002432604	0.002888323	0.00340985	0.004051264
546	3.46511E-06	6.4346E-06	2.74967E-05	7.77952E-05	0.000193797	0.000325969	0.000497818	0.000721846	0.000979767	0.001266872	0.001603711	0.001991666	0.002416504	0.002870267	0.003389541	0.004029153
547	3.07032E-06	6.19102E-06	2.69813E-05	7.66103E-05	0.000191752	0.000321785	0.000491475	0.000713941	0.000968874	0.001253125	0.001588659	0.001972649	0.002396003	0.002847782	0.003364195	0.004001571
548	3.00944E-06	6.1157E-06	2.62745E-05	7.5182E-05	0.000189073	0.000317029	0.000484443	0.000704269	0.000955854	0.001237522	0.001569748	0.001951079	0.002369917	0.002819494	0.003332346	0.003966553
549	3.21719E-06	6.15253E-06	2.55259E-05	7.36697E-05	0.000186	0.000312034	0.000476996	0.00069343	0.000941346	0.001220468	0.001547951	0.001927278	0.002339348	0.002786301	0.003294886	0.003925099
550	3.58469E-06	6.21408E-06	2.49142E-05	7.22714E-05	0.000182836	0.000307193	0.000469439	0.000682195	0.000926171	0.001202473	0.001524616	0.00190169	0.00230588	0.002749586	0.00325321	0.00387884
551	4.00137E-06	6.21053E-06	2.46105E-05	7.11617E-05	0.000179827	0.000302798	0.000461927	0.000671113	0.000910845	0.001183652	0.001500593	0.001874129	0.002270341	0.002709823	0.003207638	0.003828125
552	4.36545E-06	6.07116E-06	2.47463E-05	7.05091E-05	0.000177268	0.000299233	0.000454863	0.000661023	0.000896355	0.001164847	0.001477501	0.001845611	0.002234858	0.002669116	0.003160458	0.003775574
553	4.61094E-06	5.8069E-06	2.51309E-05	7.01511E-05	0.000175	0.000296133	0.000448134	0.000651592	0.000882531	0.00114603	0.001455012	0.001816088	0.002199368	0.002627387	0.003111635	0.003720615
554	4.68458E-06	5.4577E-06	2.54647E-05	6.9819E-05	0.000172726	0.000292913	0.000441506	0.000642158	0.000868907	0.001127018	0.001432302	0.001785362	0.002163319	0.002584131	0.003060708	0.003662024
555	4.533E-06	5.06358E-06	2.54476E-05	6.92435E-05	0.000170148	0.000288982	0.000434742	0.000632061	0.000855018	0.001107626	0.001408548	0.001753236	0.002126161	0.00253884	0.003007216	0.003598575
556	4.1284E-06	4.67811E-06	2.4894E-05	6.83825E-05	0.00016749	0.00028465	0.00042886	0.000622517	0.000842869	0.001090841	0.001387025	0.001724556	0.002093449	0.00249831	0.002959343	0.003539513
557	3.54042E-06	4.32644E-06	2.38667E-05	6.70775E-05	0.000164368	0.000279283	0.000422607	0.000611943	0.000830042	0.001073701	0.001364053	0.00169499	0.00205949	0.002456024	0.002909441	0.003476334
558	2.91985E-06	4.05008E-06	2.27152E-05	6.55222E-05	0.000161094	0.000273474	0.000416108	0.000601042	0.000816865	0.001056679	0.001340652	0.001665784	0.002025284	0.002413533	0.002859385	0.003412581
559	2.4201E-06	3.89108E-06	2.17956E-05	6.39139E-05	0.000157984	0.000267829	0.000409496	0.000590531	0.000803669	0.001040261	0.001317861	0.001638207	0.00199185	0.002372414	0.002811084	0.003351859
560	2.18645E-06	3.88906E-06	2.14435E-05	6.24424E-05	0.000155335	0.000262919	0.000402888	0.000581076	0.000790766	0.00102488	0.001296655	0.001613429	0.001960143	0.002334151	0.002766329	0.003297562
561	2.20589E-06	4.024E-06	2.15358E-05	6.09038E-05	0.000152499	0.000257689	0.000394658	0.000570245	0.000775008	0.001006178	0.001271788	0.001584632	0.001922322	0.002289422	0.002714059	0.003236446
562	2.3656E-06	4.27175E-06	2.18276E-05	5.94693E-05	0.000149787	0.000252688	0.000386223	0.000559543	0.000759204	0.000987276	0.001247352	0.001556427	0.001885138	0.002246018	0.002663459	0.003178368
563	2.54058E-06	4.59206E-06	2.19813E-05	5.80544E-05	0.000146878	0.000247398	0.000377379	0.000548125	0.000742974	0.000967167	0.001222208	0.001526915	0.001847441	0.002202318	0.002612556	0.00311986
564	2.60998E-06	4.94375E-06	2.16716E-05	5.65784E-05	0.000143467	0.000241319	0.000367934	0.000535186	0.000725961	0.000944893	0.001195261	0.001494277	0.001808129	0.002156754	0.00255945	0.003057577
565	2.54976E-06	5.26106E-06	2.08532E-05	5.50443E-05	0.000139551	0.00023447	0.000358038	0.000520815	0.000708246	0.000920656	0.001166515	0.001458524	0.00176721	0.002109087	0.0025039	0.002991016
566	2.43602E-06	5.45147E-06	1.9768E-05	5.35317E-05	0.000135414	0.000227354	0.000348121	0.000505928	0.000690225	0.000895673	0.001136871	0.001421265	0.001725479	0.002060022	0.00244687	0.002922009
567	2.35046E-06	5.4238E-06	1.868E-05	5.21471E-05	0.000131412	0.000220601	0.000338779	0.000491703	0.000672612	0.000871606	0.00110778	0.001384818	0.001684535	0.002011219	0.00239047	0.002853796
568	2.3724E-06	5.08873E-06	1.78442E-05	5.0983E-05	0.000127867	0.000214773	0.00033052	0.000479182	0.00065596	0.000849887	0.001080413	0.001351142	0.001645566	0.001963863	0.002336232	0.002788916
569	2.51099E-06	4.47238E-06	1.73643E-05	5.00534E-05	0.000124863	0.000210002	0.000323405	0.000468641	0.000640424	0.000830862	0.001055156	0.001320788	0.001608784	0.001918444	0.002284564	0.002728229
570	2.67978E-06	3.75833E-06	1.71376E-05	4.92649E-05	0.000122162	0.000205825	0.00031689	0.000459306	0.00062562	0.000813397	0.001031322	0.001292389	0.001573078	0.001874508	0.002234346	0.002670309
571	2.78593E-06	3.14123E-06	1.70482E-05	4.85212E-05	0.000119515	0.000201758	0.000310415	0.00045037	0.000611181	0.000796326	0.001008235	0.001264552	0.001537374	0.001831693	0.002184537	0.002613791
572	2.73741E-06	2.81296E-06	1.69779E-05	4.77181E-05	0.000116655	0.000197284	0.000303374	0.000440956	0.000596637	0.000778353	0.00098505	0.00123568	0.001500347	0.001789323	0.002133728	0.002556871
573	2.52669E-06	2.84029E-06	1.68346E-05	4.67946E-05	0.000113518	0.000192242	0.000295627	0.000430747	0.000581974	0.000759135	0.000961609	0.001205458	0.001462027	0.001747501	0.002081955	0.002499275
574	2.2915E-06	3.0737E-06	1.65677E-05	4.57573E-05	0.000110377	0.000187052	0.000287791	0.000420329	0.00056787	0.000739839	0.000938782	0.00117559	0.001424553	0.00170739	0.002031396	0.002442961
575	2.18362E-06	3.3426E-06	1.61311E-05	4.46193E-05	0.000107535	0.000182191	0.000280556	0.000410374	0.000555071	0.000721778	0.000917537	0.001147975	0.001390261	0.001670256	0.00198444	0.002390102
576	2.35115E-06	3.47369E-06	1.54626E-05	4.33477E-05	0.000105183	0.000177941	0.000274318	0.000401121	0.000543738	0.000705508	0.000897881	0.001123303	0.001360029	0.001635615	0.001941389	0.002340366
577	2.82013E-06	3.38222E-06	1.4607E-05	4.20432E-05	0.000103598	0.000174796	0.000269759	0.000393479	0.000534871	0.000692619	0.000881474	0.001103825	0.00133658	0.001606049	0.001905786	0.00229773
578	3.3506E-06	3.14961E-06	1.37416E-05	4.08388E-05	0.000102642	0.000172675	0.000266607	0.000387474	0.000528155	0.000682867	0.000868353	0.001088703	0.001318808	0.001581297	0.001876952	0.002261936
579	3.67102E-06	2.87799E-06	1.30617E-05	3.98762E-05	0.00010214	0.000171453	0.000264516	0.000383078	0.000523185	0.00067588	0.000858478	0.001076874	0.001305325	0.001560971	0.001853956	0.002232525
580	3.51224E-06	2.66868E-06	1.27608E-05	3.92962E-05	0.000101919	0.000171005	0.000263138	0.000380262	0.000519561	0.000671287	0.000851808	0.001067283	0.001294754	0.001544689	0.001835875	0.002209041
581	2.7812E-06	2.59376E-06	1.29534E-05	3.92336E-05	0.000102048	0.000171529	0.000262764	0.0003797	0.000518056	0.000670114	0.000849911	0.001061552	0.00128892	0.001535417	0.001825866	0.002195683
582	1.7858E-06	2.63281E-06	1.34533E-05	3.94767E-05	0.000102311	0.000172552	0.000263003	0.000380547	0.000517893	0.000671095	0.000851059	0.001058793	0.001286488	0.00153123	0.001821504	0.002189306
583	9.04066E-07	2.75843E-06	1.40612E-05	3.98602E-05	0.000102708	0.000173928	0.000264017	0.000382683	0.000519364	0.000674297	0.000855162	0.001060418	0.001288894	0.001533345	0.001824133	0.002191212
584	5.14021E-07	2.9432E-06	1.45779E-05	4.02189E-05	0.000103236	0.000175513	0.00026597	0.000385986	0.000522764	0.00067979	0.000862131	0.00106784	0.001297574	0.001542979	0.001835099	0.002202704
585	8.20646E-07	3.16073E-06	1.48784E-05	4.04611E-05	0.000103912	0.000177243	0.000268954	0.000390356	0.000528246	0.000687562	0.000871834	0.001081697	0.001313167	0.001560603	0.001854904	0.002224297
586	1.55353E-06	3.39172E-06	1.50616E-05	4.07488E-05	0.000104942	0.000179514	0.000273206	0.000396244	0.000536262	0.000698256	0.000885147	0.001101881	0.001335792	0.001586625	0.001884105	0.002257189
587	2.35865E-06	3.60935E-06	1.5224E-05	4.11773E-05	0.00010628	0.000182316	0.000278255	0.000403129	0.000545868	0.000710748	0.000900733	0.001125196	0.001361893	0.001617178	0.0019182	0.002296618
588	2.88075E-06	3.79035E-06	1.5481E-05	4.18931E-05	0.000108008	0.000185861	0.000283961	0.000410976	0.000556778	0.000724768	0.000918338	0.001149784	0.001389534	0.001650325	0.001954984	0.00234058
589	2.88855E-06	3.91591E-06	1.5908E-05	4.29852E-05	0.000110188	0.000190242	0.000290204	0.000419743	0.000568765	0.00074011	0.000937738	0.001174349	0.001417405	0.001684636	0.00199291	0.002387542
590	2.5215E-06	3.98051E-06	1.64603E-05	4.43708E-05	0.000112813	0.000195203	0.000296916	0.000429365	0.000581774	0.000756758	0.000958793	0.001199291	0.001446061	0.001720192	0.002032404	0.002437376
591	1.9934E-06	3.99149E-06	1.71156E-05	4.60549E-05	0.000116165	0.000200942	0.000304835	0.000440924	0.000597345	0.000776759	0.000983947	0.001228527	0.001480269	0.001761952	0.002079686	0.002496729
592	1.50628E-06	3.93512E-06	1.77654E-05	4.78113E-05	0.000119944	0.000206642	0.000313153	0.000453269	0.000613987	0.000798224	0.001010652	0.00125974	0.001517277	0.001805925	0.002130406	0.002559564
593	1.21979E-06	3.82453E-06	1.83519E-05	4.95232E-05	0.000124063	0.00021206	0.000321786	0.000466259	0.000631552	0.00082096	0.001038666	0.001293269	0.001557469	0.001852197	0.002184809	0.002625593
594	1.13501E-06	3.72396E-06	1.88486E-05	5.10715E-05	0.000128228	0.000217218	0.000330569	0.000479514	0.000649469	0.000844094	0.001067345	0.001328231	0.001599535	0.00189994	0.002241356	0.002693164
595	1.22272E-06	3.70823E-06	1.92349E-05	5.23351E-05	0.000132103	0.000222187	0.000339316	0.000492604	0.000667081	0.00086661	0.001095964	0.0013635	0.001641829	0.001948144	0.002298149	0.002760341
596	1.45083E-06	3.84702E-06	1.94574E-05	5.31034E-05	0.000135121	0.000226667	0.000347267	0.000504261	0.000682595	0.000886014	0.001121932	0.001395627	0.001679899	0.001992489	0.002349375	0.002820498
597	1.78755E-06	4.17214E-06	1.95485E-05	5.3442E-05	0.000137331	0.00023109	0.000354834	0.000514963	0.000696651	0.000903108	0.001146445	0.001425953	0.001715209	0.002035255	0.0023974	0.002876791
598	2.19067E-06	4.56078E-06	1.95758E-05	5.36401E-05	0.000139102	0.00023554	0.000362061	0.00052479	0.000709551	0.000918651	0.001169505	0.001454578	0.00174815	0.002076189	0.002442769	0.002930066
599	2.61605E-06	4.8617E-06	1.96191E-05	5.40462E-05	0.00014091	0.000240101	0.000369023	0.000533893	0.000721734	0.000933654	0.001191217	0.001481773	0.001779403	0.002115147	0.002486377	0.00298157
600	3.01909E-06	4.92228E-06	1.97595E-05	5.50118E-05	0.00014323	0.000244858	0.000375797	0.000542425	0.000733641	0.000949138	0.001211686	0.001507812	0.001809654	0.002151981	0.002529127	0.003032557
601	3.3504E-06	4.66044E-06	2.0005E-05	5.65519E-05	0.000145926	0.000249152	0.000381385	0.000549049	0.000743521	0.000963055	0.001227672	0.001528673	0.0018343	0.00218058	0.002564394	0.003075137
602	3.58844E-06	4.25037E-06	2.04085E-05	5.84419E-05	0.000148949	0.000253332	0.00038653	0.000555112	0.000752749	0.000976777	0.001241887	0.001547363	0.001856808	0.002205338	0.002596469	0.003114169
603	3.70688E-06	3.8923E-06	2.0962E-05	6.02278E-05	0.000151778	0.000257082	0.000390977	0.000560542	0.000760702	0.000988982	0.001253869	0.00156289	0.001875775	0.002225013	0.002622775	0.003146226
604	3.67947E-06	3.78605E-06	2.16575E-05	6.14564E-05	0.000153889	0.000260081	0.000394473	0.000565267	0.00076676	0.000998351	0.001263162	0.001574261	0.001889802	0.002238368	0.002640745	0.00316789
605	3.50446E-06	4.02225E-06	2.24507E-05	6.18716E-05	0.000154975	0.000262121	0.000396925	0.000569258	0.000770677	0.001004238	0.001269666	0.001581186	0.001898382	0.002245178	0.002649353	0.003177826
606	3.23992E-06	4.42735E-06	2.32133E-05	6.17036E-05	0.00015527	0.00026329	0.00039869	0.000572658	0.000773224	0.00100776	0.001274318	0.001585287	0.001903434	0.002247975	0.002651675	0.003180182
607	2.95178E-06	4.78738E-06	2.37978E-05	6.1237E-05	0.000155046	0.000263644	0.000400076	0.000575475	0.000775103	0.001010008	0.001277845	0.001588017	0.001906688	0.002249056	0.002650635	0.003179008
608	2.70637E-06	4.88963E-06	2.40602E-05	6.07637E-05	0.000154592	0.000263276	0.000401443	0.000577791	0.000777112	0.001012202	0.00128114	0.00159103	0.00191012	0.002251009	0.002649499	0.003178763
609	2.55279E-06	4.63709E-06	2.39388E-05	6.04482E-05	0.000154091	0.000262324	0.000402846	0.00057951	0.000779482	0.001014817	0.001284474	0.001594986	0.001914565	0.002255028	0.002650154	0.003181814
610	2.50445E-06	4.17226E-06	2.35421E-05	6.01905E-05	0.000153504	0.000261021	0.000403708	0.000580161	0.000781265	0.00101679	0.001286841	0.001598478	0.001918489	0.002259432	0.002651625	0.003186195
611	2.56578E-06	3.66077E-06	2.29588E-05	5.97516E-05	0.00015249	0.000259152	0.000402656	0.000578199	0.000779972	0.001015056	0.001284779	0.00159699	0.001916638	0.002258146	0.002647854	0.003183714
612	2.74912E-06	3.28182E-06	2.23611E-05	5.91094E-05	0.000151259	0.000257431	0.000399775	0.000574162	0.000775927	0.001010203	0.001279445	0.001591747	0.001910648	0.002253196	0.002642267	0.003177595
613	3.0173E-06	3.13677E-06	2.18309E-05	5.82537E-05	0.000149809	0.000255942	0.000395027	0.000568076	0.000768889	0.001001911	0.001270562	0.001582175	0.001899892	0.002243679	0.002633912	0.003166716
614	3.25749E-06	3.21073E-06	2.13707E-05	5.73756E-05	0.000148248	0.00025451	0.000389383	0.000560846	0.000760013	0.000991384	0.00125929	0.00156948	0.001885697	0.002230546	0.002622438	0.003152208
615	3.35029E-06	3.47771E-06	2.09754E-05	5.66842E-05	0.000146691	0.000252931	0.000383905	0.000553455	0.00075058	0.000979962	0.001246926	0.00155503	0.00186957	0.002214918	0.002607556	0.003135416
616	3.17406E-06	3.90231E-06	2.05965E-05	5.62636E-05	0.000144945	0.000250479	0.000378828	0.00054571	0.000740282	0.000966917	0.001232131	0.001536917	0.001849078	0.002193255	0.002583524	0.003111066
617	2.77472E-06	4.40809E-06	2.02787E-05	5.6246E-05	0.000143398	0.000247653	0.000375279	0.00053924	0.000731343	0.000955056	0.001218186	0.001519203	0.001828925	0.002170809	0.002556282	0.003086207
618	2.39164E-06	4.83929E-06	2.00275E-05	5.63909E-05	0.000142067	0.000244608	0.000372594	0.000533787	0.000723528	0.000944259	0.001204814	0.001501784	0.001808766	0.002147293	0.002526988	0.003059901
619	2.27454E-06	5.03737E-06	1.98484E-05	5.64437E-05	0.000140966	0.000241512	0.000370052	0.000529052	0.000716544	0.000934355	0.001191682	0.001484506	0.001788189	0.002122369	0.002496839	0.003031134
620	2.65606E-06	4.85347E-06	1.9746E-05	5.61625E-05	0.000140105	0.000238529	0.000366966	0.000524745	0.00071011	0.000925181	0.001178485	0.001467235	0.001766827	0.002095755	0.002467007	0.002998979
621	3.45674E-06	4.31698E-06	1.9722E-05	5.55802E-05	0.000139554	0.000236091	0.000363664	0.000521364	0.000704975	0.000917898	0.001166909	0.001452179	0.001747419	0.002070974	0.002441553	0.002967883
622	4.27512E-06	3.61699E-06	1.9701E-05	5.47928E-05	0.000138922	0.000233997	0.000360105	0.000518224	0.000700247	0.00091151	0.001156207	0.00143837	0.00172917	0.002047484	0.002418159	0.0029364
623	4.70245E-06	2.95468E-06	1.96321E-05	5.39744E-05	0.000137993	0.000232352	0.000356739	0.000515313	0.000695946	0.000906209	0.001147151	0.001426729	0.001713567	0.002027453	0.002397645	0.002906957
624	4.3691E-06	2.51924E-06	1.94685E-05	5.3288E-05	0.00013657	0.000231235	0.000353969	0.000512599	0.000692071	0.000902122	0.001140408	0.001418053	0.001701923	0.002012815	0.002380686	0.002881755
625	3.40199E-06	2.3575E-06	1.92153E-05	5.27549E-05	0.000134731	0.000230398	0.000351676	0.000509758	0.000688326	0.000898545	0.001135273	0.00141155	0.001693282	0.002002532	0.002366072	0.002860137
626	2.29335E-06	2.41506E-06	1.89388E-05	5.23571E-05	0.000132913	0.000229631	0.000349782	0.000506875	0.000685039	0.000895252	0.00113142	0.001406972	0.001687084	0.001995821	0.002354082	0.002842817
627	1.53163E-06	2.63031E-06	1.86589E-05	5.1946E-05	0.000131228	0.000228161	0.000347344	0.000502787	0.000680856	0.000889823	0.001125739	0.00140062	0.001678619	0.001986991	0.002339207	0.002823507
628	1.53922E-06	2.94407E-06	1.84154E-05	5.14442E-05	0.00012991	0.000225572	0.000343921	0.000497044	0.000675309	0.000881121	0.001116717	0.001390735	0.001665569	0.001973171	0.002319215	0.002799791
629	2.14085E-06	3.28953E-06	1.82174E-05	5.08212E-05	0.000128816	0.000222086	0.000339629	0.000489935	0.000668293	0.000869568	0.001104515	0.0013773	0.001648206	0.001954503	0.002294945	0.002772208
630	2.85743E-06	3.59615E-06	1.80585E-05	5.00707E-05	0.000127609	0.000218249	0.000334867	0.000482122	0.000659884	0.000856373	0.001090148	0.001361187	0.001628119	0.001932659	0.002268796	0.002742796
631	3.21471E-06	3.79952E-06	1.79593E-05	4.92618E-05	0.000126147	0.000214935	0.000330542	0.000474992	0.000651153	0.000844038	0.001076275	0.001345323	0.001609356	0.001912239	0.002246598	0.002717747
632	2.84537E-06	3.83985E-06	1.78851E-05	4.83278E-05	0.00012399	0.00021223	0.000326442	0.000468331	0.000641201	0.000832222	0.001062044	0.001328334	0.001590668	0.001891565	0.002226572	0.002694277
633	2.00292E-06	3.74681E-06	1.78261E-05	4.7375E-05	0.000121382	0.000209917	0.000322398	0.000462003	0.000630413	0.000820759	0.001047382	0.001310259	0.001571659	0.00187004	0.002206874	0.002670736
634	1.14653E-06	3.57815E-06	1.77719E-05	4.65409E-05	0.000118731	0.000207568	0.000318081	0.000455648	0.000619266	0.000809096	0.001031913	0.001290909	0.001551375	0.001846437	0.00218447	0.002644435
635	7.35892E-07	3.3917E-06	1.77119E-05	4.59636E-05	0.000116444	0.000204754	0.000313159	0.000448906	0.000608238	0.00079668	0.00101526	0.00127009	0.001528863	0.001819524	0.002156324	0.002612684
636	1.05572E-06	3.25466E-06	1.76683E-05	4.58105E-05	0.000115057	0.000201678	0.000308168	0.000442572	0.000599044	0.000784975	0.000999579	0.001250655	0.001507005	0.001792761	0.00212552	0.002579707
637	1.81729E-06	3.22629E-06	1.75631E-05	4.58112E-05	0.000114171	0.000198225	0.000302821	0.000435992	0.000590384	0.000772755	0.000983498	0.001230641	0.001483415	0.001763748	0.00208999	0.002541846
638	2.61582E-06	3.37583E-06	1.73531E-05	4.57499E-05	0.000113567	0.000194863	0.000297661	0.00042964	0.000582274	0.000760773	0.000968145	0.001211127	0.001459477	0.001734656	0.002053451	0.002502102
639	3.04442E-06	3.77222E-06	1.69952E-05	4.54097E-05	0.000113023	0.000192064	0.000293231	0.000423989	0.000574728	0.000749785	0.000954654	0.001193198	0.001436581	0.001707671	0.002019642	0.002463493
640	2.91284E-06	4.37545E-06	1.649E-05	4.47054E-05	0.000112348	0.000190011	0.000289765	0.000419202	0.000567718	0.000740144	0.000943427	0.001177343	0.001415589	0.001683952	0.001990558	0.002427778
641	2.44918E-06	4.93339E-06	1.59151E-05	4.37859E-05	0.000111368	0.000188243	0.00028676	0.00041464	0.000560863	0.000731072	0.000933015	0.001162338	0.00139567	0.001661882	0.001963891	0.002393134
642	1.93408E-06	5.17228E-06	1.53743E-05	4.2873E-05	0.000110019	0.000186415	0.000283918	0.000409989	0.000554312	0.0007224	0.000922692	0.001147942	0.001377215	0.001641206	0.001938822	0.002359753
643	1.6418E-06	4.82478E-06	1.49618E-05	4.21626E-05	0.00010819	0.000184096	0.000280804	0.000404739	0.000547934	0.000713602	0.000911296	0.001133346	0.00135992	0.001620857	0.001913584	0.002326665
644	1.6434E-06	3.9194E-06	1.47077E-05	4.1687E-05	0.00010592	0.000181143	0.000277187	0.000398685	0.000541405	0.000704219	0.000898317	0.001117974	0.001343064	0.001599926	0.001887112	0.002293161
645	1.78022E-06	2.81885E-06	1.45699E-05	4.12934E-05	0.00010342	0.000177743	0.000273071	0.000391956	0.000534187	0.000693863	0.000883989	0.001101513	0.001325461	0.001577679	0.001859131	0.002258827
646	1.87986E-06	1.90629E-06	1.45002E-05	4.08121E-05	0.000100898	0.000174074	0.000268431	0.000384647	0.000525648	0.000682051	0.000868459	0.001083502	0.001305705	0.001553164	0.001829141	0.002222944
647	1.78376E-06	1.53745E-06	1.44546E-05	4.00973E-05	9.85745E-05	0.000170356	0.000263317	0.000376958	0.000515369	0.000668548	0.000852115	0.001063833	0.001282879	0.001525948	0.001797214	0.002185472
648	1.49916E-06	1.71512E-06	1.43945E-05	3.915E-05	9.64509E-05	0.000166619	0.000257711	0.00036892	0.000503549	0.000653624	0.000835029	0.001042664	0.00125725	0.001496178	0.001763574	0.002146444
649	1.13979E-06	2.21619E-06	1.42855E-05	3.8069E-05	9.43992E-05	0.000162789	0.000251573	0.000360491	0.000490835	0.000637938	0.000817152	0.001020424	0.001229968	0.001464523	0.001728721	0.002106152
650	8.21935E-07	2.81222E-06	1.40934E-05	3.69554E-05	9.22881E-05	0.000158791	0.000244864	0.000351632	0.000477884	0.000622158	0.000798433	0.000997551	0.001202203	0.001431664	0.001693162	0.002064892
651	6.45376E-07	3.2939E-06	1.37939E-05	3.59068E-05	9.00442E-05	0.000154615	0.000237664	0.000342418	0.000465367	0.000606979	0.000779052	0.000974615	0.001175174	0.001398508	0.001657622	0.002023272
652	6.16639E-07	3.55851E-06	1.34035E-05	3.49582E-05	8.78077E-05	0.000150422	0.000230431	0.000333172	0.000453479	0.000592514	0.000759542	0.000951769	0.00114897	0.001365565	0.001622107	0.001981268
653	7.11212E-07	3.53922E-06	1.29557E-05	3.41333E-05	8.58152E-05	0.000146472	0.000223813	0.000324395	0.000442378	0.000578842	0.000740766	0.000929285	0.001123617	0.001333583	0.001586816	0.001939175
654	9.04333E-07	3.16885E-06	1.24846E-05	3.3456E-05	8.43051E-05	0.000143029	0.000218468	0.00031659	0.000432223	0.000566044	0.000723596	0.00090744	0.001099139	0.001303317	0.001551953	0.001897292
655	1.16326E-06	2.46615E-06	1.20216E-05	3.2932E-05	8.33534E-05	0.00014026	0.000214713	0.000310038	0.000423088	0.000554152	0.000708478	0.000886482	0.001075514	0.001275235	0.001517688	0.001855852
656	1.4316E-06	1.66835E-06	1.15637E-05	3.24427E-05	8.24174E-05	0.000137752	0.000211485	0.000303718	0.000413832	0.00054177	0.000693095	0.000864522	0.001050083	0.001246073	0.001480564	0.001810583
657	1.65509E-06	1.06079E-06	1.1164E-05	3.20186E-05	8.12837E-05	0.000135718	0.000208601	0.000297992	0.000405293	0.000530127	0.000678331	0.000843885	0.0010253	0.001218527	0.001444356	0.001766046
658	1.77888E-06	9.14876E-07	1.08454E-05	3.16107E-05	7.95483E-05	0.00013403	0.000205368	0.000292471	0.000397279	0.000519099	0.000663365	0.000824727	0.001001003	0.001192186	0.001409139	0.001722282
659	1.80182E-06	1.2834E-06	1.0609E-05	3.11912E-05	7.71883E-05	0.00013249	0.000201519	0.000286984	0.00038964	0.000508616	0.000648105	0.000807087	0.000977341	0.001166772	0.00137525	0.001679815
660	1.79006E-06	1.94523E-06	1.04288E-05	3.07582E-05	7.46576E-05	0.000130816	0.000197316	0.000281629	0.000382274	0.000498677	0.000633378	0.000790853	0.00095485	0.001142176	0.001343351	0.001639767
661	1.8116E-06	2.6587E-06	1.02641E-05	3.02722E-05	7.23461E-05	0.000128555	0.000192808	0.000276166	0.000374599	0.00048865	0.000619264	0.000774899	0.000932882	0.00111685	0.001312426	0.001601224
662	1.93154E-06	3.20121E-06	1.01017E-05	2.97694E-05	7.07822E-05	0.000125625	0.000188522	0.000271051	0.000367017	0.000479168	0.000607346	0.000760102	0.00091316	0.001092195	0.001284806	0.001567324
663	2.13583E-06	3.49111E-06	9.92409E-06	2.91997E-05	6.9831E-05	0.000122115	0.000184402	0.00026605	0.000359376	0.00046991	0.000596953	0.000745774	0.000895069	0.001067943	0.001259715	0.001537044
664	2.36438E-06	3.53247E-06	9.71923E-06	2.84855E-05	6.90206E-05	0.000118314	0.000180199	0.000260739	0.000351496	0.000460379	0.000586563	0.000730923	0.000877357	0.001043734	0.00123558	0.001508174
665	2.55685E-06	3.33054E-06	9.47517E-06	2.75495E-05	6.78771E-05	0.000114516	0.000175664	0.000254691	0.000343193	0.000450078	0.000574655	0.000714558	0.000858771	0.00101921	0.001210831	0.001478503
666	2.66415E-06	2.92111E-06	9.20045E-06	2.64039E-05	6.61638E-05	0.000111126	0.000170897	0.000248011	0.000334868	0.000439333	0.000561017	0.000697131	0.000839708	0.00099571	0.001186104	0.001448592
667	2.65736E-06	2.43812E-06	8.89892E-06	2.5173E-05	6.39774E-05	0.000107958	0.000165791	0.000240582	0.000326069	0.000427598	0.000545415	0.000678297	0.000819251	0.000971936	0.001159674	0.001416425
668	2.51865E-06	2.04967E-06	8.59624E-06	2.40785E-05	6.16662E-05	0.000104943	0.00016061	0.000232849	0.000316956	0.000415194	0.000529001	0.000659235	0.000798222	0.000948378	0.001132131	0.001382891
669	2.23093E-06	1.92243E-06	8.31801E-06	2.33397E-05	5.95766E-05	0.000102017	0.00015562	0.000225256	0.000307689	0.000402441	0.000512922	0.000641118	0.000777437	0.00092552	0.001104063	0.001348877
670	1.83777E-06	2.10231E-06	8.08123E-06	2.30054E-05	5.78758E-05	9.91423E-05	0.000150973	0.000218139	0.000298447	0.000389698	0.000497877	0.000624467	0.000757379	0.000903461	0.001075928	0.001315052
671	1.4854E-06	2.42289E-06	7.87658E-06	2.27957E-05	5.63382E-05	9.61856E-05	0.000146416	0.000211334	0.000289012	0.000376833	0.000483082	0.000607786	0.000736868	0.000880334	0.001046417	0.001279815
672	1.33531E-06	2.70331E-06	7.71691E-06	2.24697E-05	5.48779E-05	9.33121E-05	0.000142124	0.000205303	0.000280046	0.000364867	0.000469142	0.000591304	0.000716897	0.000856868	0.001017369	0.001245405
673	1.5284E-06	2.77049E-06	7.60547E-06	2.17745E-05	5.33355E-05	9.05399E-05	0.000138043	0.000200146	0.000271747	0.000354195	0.000455909	0.000574373	0.000697326	0.000832503	0.00098899	0.001212061
674	1.97582E-06	2.58604E-06	7.58264E-06	2.07571E-05	5.17397E-05	8.7944E-05	0.000134197	0.000195608	0.000264142	0.000344764	0.000443317	0.000557231	0.000678236	0.000807641	0.000961449	0.001179966
675	2.42066E-06	2.21019E-06	7.71596E-06	1.9683E-05	5.02573E-05	8.5641E-05	0.000130663	0.00019117	0.000257138	0.000336203	0.00043136	0.000540768	0.000659866	0.000783395	0.00093489	0.001149258
676	2.6005E-06	1.70311E-06	8.0636E-06	1.87995E-05	4.89988E-05	8.36483E-05	0.000127368	0.00018609	0.000250341	0.00032774	0.000419533	0.000525255	0.000641693	0.000759982	0.000908375	0.001118742
677	2.33393E-06	1.14464E-06	8.64098E-06	1.83328E-05	4.8131E-05	8.21321E-05	0.0001245	0.000180273	0.000243967	0.000319464	0.000408347	0.000511966	0.000624665	0.000739155	0.000883135	0.001089831
678	1.76994E-06	6.77537E-07	9.18033E-06	1.81876E-05	4.7478E-05	8.0909E-05	0.000121879	0.000174232	0.000237904	0.000311295	0.000397721	0.000500237	0.000608461	0.000720247	0.000859017	0.001061946
679	1.15033E-06	4.62127E-07	9.33859E-06	1.81853E-05	4.67861E-05	7.97282E-05	0.000119264	0.00016872	0.00023204	0.000303227	0.000387564	0.00048905	0.000592639	0.000702182	0.000835799	0.001034354
680	7.12728E-07	6.54644E-07	8.78066E-06	1.81504E-05	4.58063E-05	7.83426E-05	0.00011642	0.000164471	0.000226264	0.000295249	0.000377782	0.000477405	0.000576762	0.000683907	0.000813266	0.001006331
681	5.79863E-07	1.24195E-06	7.51997E-06	1.80543E-05	4.46217E-05	7.68957E-05	0.000113727	0.000162267	0.000221366	0.000288476	0.000369722	0.000466618	0.00056284	0.000667576	0.000794299	0.000981429
682	6.80341E-07	1.92221E-06	6.02212E-06	1.78544E-05	4.32224E-05	7.50783E-05	0.000110959	0.000160685	0.00021647	0.000281765	0.000361851	0.000455172	0.000548899	0.000651114	0.000775596	0.000956259
683	9.28959E-07	2.36694E-06	4.84049E-06	1.75897E-05	4.18042E-05	7.29025E-05	0.00010838	0.000158859	0.000211602	0.000275141	0.000354131	0.000443513	0.000535288	0.000635255	0.000757077	0.00093149
684	1.24018E-06	2.28141E-06	4.47941E-06	1.72948E-05	4.05456E-05	7.0391E-05	0.000106214	0.000155981	0.000206775	0.000268626	0.000346498	0.000432055	0.000522311	0.00062064	0.000738657	0.000907725
685	1.52901E-06	1.76464E-06	4.86736E-06	1.69482E-05	3.94218E-05	6.76855E-05	0.000104252	0.000151917	0.000201869	0.000262167	0.000338629	0.00042083	0.000509702	0.000606904	0.000720213	0.000884765
686	1.71325E-06	1.1656E-06	5.57859E-06	1.65185E-05	3.83386E-05	6.51024E-05	0.00010217	0.000147184	0.000196983	0.000256062	0.000330537	0.000410254	0.000497601	0.000593949	0.00070267	0.000863223
687	1.70506E-06	8.34137E-07	6.16441E-06	1.59214E-05	3.70784E-05	6.27543E-05	9.93181E-05	0.00014184	0.000191594	0.000249804	0.000321197	0.000399457	0.000484581	0.000579807	0.000684752	0.000841001
688	1.46549E-06	9.94713E-07	6.29927E-06	1.51459E-05	3.55682E-05	6.07898E-05	9.54486E-05	0.000136215	0.000185606	0.000243314	0.000310447	0.000388314	0.000470286	0.000563872	0.000666413	0.000817717
689	1.11519E-06	1.43138E-06	6.05808E-06	1.43406E-05	3.40164E-05	5.9114E-05	9.11416E-05	0.000130735	0.000179297	0.000236565	0.000299276	0.000377019	0.0004553	0.000546955	0.000647967	0.000794134
690	8.09465E-07	1.83359E-06	5.60072E-06	1.36886E-05	3.26928E-05	5.75798E-05	8.71564E-05	0.000125854	0.000173029	0.000229542	0.000288924	0.00036583	0.000440412	0.000530177	0.000629808	0.000771263
691	7.01398E-07	1.89822E-06	5.09017E-06	1.33757E-05	3.18771E-05	5.60723E-05	8.42848E-05	0.000122079	0.000167255	0.000222362	0.000280757	0.000355199	0.000426642	0.000514926	0.000612661	0.000750518
692	8.23508E-07	1.59232E-06	4.6402E-06	1.33676E-05	3.15167E-05	5.4465E-05	8.25833E-05	0.00011926	0.000162043	0.000215011	0.000274567	0.000344861	0.000414028	0.00050114	0.000596075	0.000731562
693	1.07391E-06	1.19073E-06	4.31977E-06	1.3408E-05	3.12437E-05	5.27253E-05	8.14404E-05	0.000116738	0.000157345	0.000207754	0.000268909	0.000334416	0.000402316	0.000488097	0.000579433	0.000713509
694	1.34227E-06	9.88087E-07	4.19616E-06	1.32251E-05	3.06682E-05	5.08231E-05	8.01984E-05	0.000113816	0.000153103	0.000200867	0.000262244	0.000323441	0.000391219	0.000475015	0.000562086	0.000695408
695	1.52897E-06	1.2149E-06	4.31123E-06	1.26052E-05	2.94864E-05	4.87584E-05	7.82929E-05	0.00010994	0.000149228	0.000194575	0.00025334	0.000311662	0.000380455	0.000461236	0.000543548	0.000676421
696	1.60616E-06	1.70513E-06	4.55551E-06	1.17038E-05	2.79491E-05	4.67393E-05	7.58013E-05	0.000105527	0.000145543	0.000188892	0.000243062	0.000299912	0.000370048	0.000447187	0.000524697	0.000656864
697	1.56967E-06	2.14269E-06	4.75575E-06	1.07947E-05	2.64682E-05	4.49777E-05	7.29173E-05	0.000101184	0.000141609	0.000183458	0.000232657	0.000288956	0.000359539	0.000432979	0.000506082	0.000636434
698	1.41675E-06	2.20949E-06	4.74003E-06	1.01634E-05	2.54797E-05	4.37204E-05	6.9891E-05	9.76027E-05	0.000137084	0.000178037	0.000223563	0.000279775	0.000348728	0.000419041	0.000488628	0.000615286
699	1.18713E-06	1.79565E-06	4.44436E-06	9.95069E-06	2.51386E-05	4.30321E-05	6.69705E-05	9.50927E-05	0.000131964	0.000172519	0.000216493	0.000272615	0.000337563	0.000405583	0.000472794	0.000593852
700	9.93181E-07	1.15102E-06	3.99136E-06	1.00465E-05	2.51148E-05	4.26641E-05	6.43975E-05	9.33093E-05	0.000126829	0.000167002	0.000210913	0.000266443	0.000326255	0.000392432	0.000458231	0.000573027
701	9.58077E-07	5.65723E-07	3.53096E-06	1.03356E-05	2.50763E-05	4.24183E-05	6.25431E-05	9.2024E-05	0.000122571	0.000161934	0.000206575	0.000260616	0.000315684	0.000380149	0.000445405	0.000554892
702	1.1822E-06	3.03615E-07	3.1937E-06	1.066E-05	2.46268E-05	4.19416E-05	6.14721E-05	9.06453E-05	0.00011949	0.000157084	0.000202398	0.000253531	0.000305399	0.00036775	0.000432961	0.000539063
703	1.57477E-06	3.89608E-07	3.06655E-06	1.08778E-05	2.38141E-05	4.11579E-05	6.09021E-05	8.89422E-05	0.000117285	0.000152483	0.000197939	0.000245388	0.000295454	0.000355455	0.000420732	0.000524777
704	1.93948E-06	7.18052E-07	3.20922E-06	1.08432E-05	2.28987E-05	4.00934E-05	6.02874E-05	8.67731E-05	0.00011518	0.000148115	0.000192866	0.000237061	0.000285809	0.000343701	0.000408684	0.000510412
705	2.07467E-06	1.17941E-06	3.68219E-06	1.04075E-05	2.21495E-05	3.87761E-05	5.90679E-05	8.39942E-05	0.000112382	0.000143967	0.000186839	0.000229452	0.000276423	0.000332932	0.000396783	0.000494303
706	1.88974E-06	1.65377E-06	4.43533E-06	9.56171E-06	2.16763E-05	3.72103E-05	5.69194E-05	8.0534E-05	0.000108373	0.000139824	0.000179591	0.000222727	0.000266973	0.000322909	0.000384545	0.000475307
707	1.56286E-06	2.00907E-06	5.18795E-06	8.67159E-06	2.13383E-05	3.55496E-05	5.43803E-05	7.69282E-05	0.000103888	0.00013578	0.000172008	0.000216568	0.000257949	0.000313574	0.00037256	0.000456099
708	1.30934E-06	2.10792E-06	5.61717E-06	8.14372E-06	2.09207E-05	3.39066E-05	5.20213E-05	7.36674E-05	9.96609E-05	0.000131734	0.000164843	0.000210201	0.000249505	0.000304343	0.000360923	0.000439117
709	1.32835E-06	1.83387E-06	5.42865E-06	8.34396E-06	2.02293E-05	3.23943E-05	5.0371E-05	7.12011E-05	9.63732E-05	0.000127589	0.000158803	0.000202927	0.000241787	0.000294679	0.000349713	0.000426576
710	1.58661E-06	1.34082E-06	4.72577E-06	9.08157E-06	1.93541E-05	3.11049E-05	4.93503E-05	6.94027E-05	9.3956E-05	0.000123278	0.000153876	0.000195012	0.000234816	0.000284668	0.000338815	0.00041763
711	1.8969E-06	9.5911E-07	3.86803E-06	9.79067E-06	1.85512E-05	3.00851E-05	4.8431E-05	6.76957E-05	9.17501E-05	0.000118631	0.000149425	0.000187157	0.000228289	0.000274516	0.00032763	0.000408988
712	2.06958E-06	1.03039E-06	3.23609E-06	9.9092E-06	1.81256E-05	2.94487E-05	4.71755E-05	6.56369E-05	8.92785E-05	0.00011374	0.000145124	0.000180505	0.000222399	0.000265049	0.000316279	0.000398169
713	2.0064E-06	1.70497E-06	3.0619E-06	9.13676E-06	1.81959E-05	2.91591E-05	4.53102E-05	6.29302E-05	8.61949E-05	0.000108662	0.000140572	0.00017545	0.000216839	0.000256479	0.000304626	0.000383466
714	1.85017E-06	2.64291E-06	3.2043E-06	7.87577E-06	1.84541E-05	2.88827E-05	4.31291E-05	5.98599E-05	8.27598E-05	0.000103721	0.00013561	0.00017101	0.000210685	0.000248236	0.000292828	0.000366369
715	1.78383E-06	3.42185E-06	3.46111E-06	6.64555E-06	1.85202E-05	2.82343E-05	4.102E-05	5.68063E-05	7.93334E-05	9.92821E-05	0.000130119	0.000165972	0.0002029	0.000239617	0.000281096	0.000348897
716	1.97727E-06	3.65268E-06	3.64534E-06	5.94337E-06	1.80604E-05	2.68969E-05	3.93823E-05	5.41844E-05	7.63204E-05	9.57719E-05	0.000124124	0.000159359	0.000192755	0.000230189	0.000269871	0.000333272
717	2.38204E-06	3.38133E-06	3.74527E-06	5.82267E-06	1.71314E-05	2.51006E-05	3.81664E-05	5.20474E-05	7.35878E-05	9.30012E-05	0.000117795	0.00015121	0.000180884	0.000219885	0.000258835	0.000319416
718	2.80487E-06	2.95649E-06	3.8753E-06	6.05134E-06	1.60966E-05	2.35112E-05	3.71082E-05	5.03289E-05	7.08129E-05	9.05817E-05	0.000111689	0.000142624	0.000169306	0.000209419	0.000247774	0.000306468
719	3.04604E-06	2.73911E-06	4.15422E-06	6.3873E-06	1.53315E-05	2.28146E-05	3.59339E-05	4.89583E-05	6.7662E-05	8.81115E-05	0.000106381	0.000134735	0.000160099	0.000199529	0.000236469	0.000293528
720	2.99078E-06	2.92185E-06	4.61904E-06	6.669E-06	1.50634E-05	2.32954E-05	3.44949E-05	4.78076E-05	6.40103E-05	8.52935E-05	0.000102184	0.000128297	0.000154355	0.000190683	0.000224931	0.000280146
721	2.73603E-06	3.26855E-06	5.09581E-06	6.93184E-06	1.51237E-05	2.42002E-05	3.29185E-05	4.65539E-05	6.01835E-05	8.19995E-05	9.86345E-05	0.000122931	0.000150501	0.000182435	0.000213493	0.000266674
722	2.42084E-06	3.48131E-06	5.38791E-06	7.25941E-06	1.53199E-05	2.4666E-05	3.14668E-05	4.49654E-05	5.67494E-05	7.83499E-05	9.541E-05	0.000118414	0.000146932	0.000174697	0.000203129	0.000254329
723	2.17371E-06	3.29427E-06	5.31004E-06	7.71109E-06	1.54473E-05	2.38834E-05	3.03452E-05	4.27923E-05	5.41569E-05	7.43736E-05	9.20932E-05	0.000114372	0.000141967	0.000167158	0.000194454	0.000243881
724	2.03E-06	2.85931E-06	4.87988E-06	8.16157E-06	1.54015E-05	2.2035E-05	2.95837E-05	4.02629E-05	5.23933E-05	7.02521E-05	8.86988E-05	0.000110581	0.000135462	0.000159801	0.000187223	0.000235013
725	1.9689E-06	2.58253E-06	4.2383E-06	8.37274E-06	1.5138E-05	1.99052E-05	2.91067E-05	3.78967E-05	5.11658E-05	6.62609E-05	8.55032E-05	0.000106905	0.000128203	0.000152782	0.000180665	0.000226748
726	1.96721E-06	2.87575E-06	3.52754E-06	8.09641E-06	1.4602E-05	1.82835E-05	2.88132E-05	3.61961E-05	5.01354E-05	6.26326E-05	8.27265E-05	0.000103134	0.000120904	0.000146153	0.000173859	0.00021792
727	2.03826E-06	3.84566E-06	2.91129E-06	7.31627E-06	1.38527E-05	1.7666E-05	2.85839E-05	3.54186E-05	4.91374E-05	5.96215E-05	8.05483E-05	9.93394E-05	0.000114311	0.000140128	0.000166628	0.000208338
728	2.26219E-06	4.96572E-06	2.57708E-06	6.45607E-06	1.3122E-05	1.78651E-05	2.81514E-05	3.5172E-05	4.81676E-05	5.7263E-05	7.87321E-05	9.5756E-05	0.000108706	0.000134665	0.000159612	0.000198922
729	2.72846E-06	5.62628E-06	2.71808E-06	5.99896E-06	1.26667E-05	1.86093E-05	2.72299E-05	3.49838E-05	4.72463E-05	5.55732E-05	7.69958E-05	9.26528E-05	0.000104334	0.000129705	0.000153574	0.000190759
730	3.49526E-06	5.31337E-06	3.48068E-06	6.34872E-06	1.26964E-05	1.96116E-05	2.56159E-05	3.44468E-05	4.63753E-05	5.45416E-05	7.50827E-05	9.02367E-05	0.000101383	0.000125201	0.000149149	0.000184765
731	4.36829E-06	4.28977E-06	4.63059E-06	7.25024E-06	1.30157E-05	2.04573E-05	2.37221E-05	3.36391E-05	4.53436E-05	5.38699E-05	7.284E-05	8.80837E-05	9.94238E-05	0.000121033	0.000145689	0.000180172
732	5.04905E-06	3.20141E-06	5.769E-06	8.16521E-06	1.32888E-05	2.07471E-05	2.23463E-05	3.29971E-05	4.40186E-05	5.33336E-05	7.04508E-05	8.58205E-05	9.81284E-05	0.00011752	0.000142521	0.000176134
733	5.23753E-06	2.68435E-06	6.49411E-06	8.54824E-06	1.31623E-05	2.00591E-05	2.22373E-05	3.29001E-05	4.21994E-05	5.26222E-05	6.79808E-05	8.29344E-05	9.70027E-05	0.000114776	0.000138735	0.000171509
734	4.91421E-06	2.98178E-06	6.66273E-06	8.25179E-06	1.25673E-05	1.84599E-05	2.34372E-05	3.33752E-05	4.00348E-05	5.15969E-05	6.55664E-05	7.9418E-05	9.56709E-05	0.000112665	0.000134072	0.00016589
735	4.46729E-06	3.765E-06	6.50817E-06	7.7072E-06	1.18491E-05	1.67262E-05	2.49605E-05	3.39381E-05	3.81817E-05	5.03689E-05	6.34467E-05	7.59978E-05	9.393E-05	0.000110685	0.00012922	0.00015994
736	4.32858E-06	4.66753E-06	6.3077E-06	7.40935E-06	1.14107E-05	1.57275E-05	2.57863E-05	3.41298E-05	3.74172E-05	4.91692E-05	6.19957E-05	7.36123E-05	9.17746E-05	0.000108521	0.000125201	0.000154724
737	4.79989E-06	5.38037E-06	6.27363E-06	7.70618E-06	1.15392E-05	1.60509E-05	2.50689E-05	3.34906E-05	3.81231E-05	4.80185E-05	6.12276E-05	7.27021E-05	8.89226E-05	0.000105568	0.000122333	0.00015055
738	5.63316E-06	5.96222E-06	6.43635E-06	8.38297E-06	1.21973E-05	1.72414E-05	2.33899E-05	3.23106E-05	3.95558E-05	4.70025E-05	6.07704E-05	7.29028E-05	8.57932E-05	0.000102222	0.000120289	0.000147499
739	6.40794E-06	6.58204E-06	6.76743E-06	9.04703E-06	1.32418E-05	1.8512E-05	2.17556E-05	3.10902E-05	4.05983E-05	4.61962E-05	6.00906E-05	7.35537E-05	8.29647E-05	9.91187E-05	0.000118463	0.000145479
740	6.71694E-06	7.39799E-06	7.23845E-06	9.31801E-06	1.45227E-05	1.90991E-05	2.11468E-05	3.03166E-05	4.01732E-05	4.56706E-05	5.86804E-05	7.39976E-05	8.09957E-05	9.68767E-05	0.000116263	0.000144379
741	6.54147E-06	8.31029E-06	7.83363E-06	9.18054E-06	1.58153E-05	1.89483E-05	2.17429E-05	3.00815E-05	3.83357E-05	4.54153E-05	5.6721E-05	7.38887E-05	7.99292E-05	9.56289E-05	0.000113651	0.00014383
742	6.21311E-06	8.96844E-06	8.53816E-06	8.94391E-06	1.68029E-05	1.86346E-05	2.29507E-05	3.00664E-05	3.61334E-05	4.52783E-05	5.4948E-05	7.30605E-05	7.92128E-05	9.49183E-05	0.00011093	0.000143009
743	6.08569E-06	9.01044E-06	9.34064E-06	8.93968E-06	1.71673E-05	1.87761E-05	2.415E-05	2.99488E-05	3.46904E-05	4.51245E-05	5.41624E-05	7.13905E-05	7.83071E-05	9.43118E-05	0.000108486	0.000141139
744	6.40144E-06	8.32651E-06	1.01988E-05	9.3889E-06	1.68124E-05	1.96846E-05	2.4904E-05	2.95463E-05	3.46896E-05	4.48557E-05	5.47462E-05	6.89684E-05	7.68655E-05	9.34456E-05	0.000106522	0.000137775
745	7.09698E-06	7.48447E-06	1.09895E-05	1.02104E-05	1.62385E-05	2.08437E-05	2.52814E-05	2.90561E-05	3.56135E-05	4.44745E-05	5.59485E-05	6.64478E-05	7.50664E-05	9.21519E-05	0.00010474	0.000133369
746	8.06172E-06	7.17678E-06	1.158E-05	1.12778E-05	1.60609E-05	2.16036E-05	2.54483E-05	2.87563E-05	3.67579E-05	4.40238E-05	5.68499E-05	6.46201E-05	7.32165E-05	9.03409E-05	0.000102812	0.000128593
747	9.16556E-06	7.99221E-06	1.18479E-05	1.24464E-05	1.67996E-05	2.13926E-05	2.55496E-05	2.88647E-05	3.74322E-05	4.35082E-05	5.65884E-05	6.40888E-05	7.1544E-05	8.78632E-05	0.000100373	0.000123952
748	1.01953E-05	9.61868E-06	1.18782E-05	1.35309E-05	1.8239E-05	2.05845E-05	2.57659E-05	2.93259E-05	3.74937E-05	4.30263E-05	5.54446E-05	6.43895E-05	7.02827E-05	8.49589E-05	9.77772E-05	0.000119686
749	1.08916E-05	1.12813E-05	1.18592E-05	1.43207E-05	1.97837E-05	2.00316E-05	2.62913E-05	2.99373E-05	3.70676E-05	4.27133E-05	5.4267E-05	6.44931E-05	6.96516E-05	8.20434E-05	9.57229E-05	0.000115868
750	1.09975E-05	1.22003E-05	1.19805E-05	1.4607E-05	2.08325E-05	2.05887E-05	2.73163E-05	3.04921E-05	3.62862E-05	4.27063E-05	5.39086E-05	6.33698E-05	6.98629E-05	7.95396E-05	9.49076E-05	0.00011257
751	1.05945E-05	1.21942E-05	1.23064E-05	1.44515E-05	2.12065E-05	2.24026E-05	2.878E-05	3.08804E-05	3.54586E-05	4.31684E-05	5.46278E-05	6.10833E-05	7.08221E-05	7.7915E-05	9.55548E-05	0.000110052
752	1.01512E-05	1.18086E-05	1.26588E-05	1.41886E-05	2.11631E-05	2.45386E-05	3.01121E-05	3.09322E-05	3.49077E-05	4.40335E-05	5.55504E-05	5.87788E-05	7.1589E-05	7.72105E-05	9.66638E-05	0.000108133
753	1.01993E-05	1.16794E-05	1.28629E-05	1.42119E-05	2.10403E-05	2.6004E-05	3.07475E-05	3.05335E-05	3.50456E-05	4.53091E-05	5.58151E-05	5.78467E-05	7.12879E-05	7.76134E-05	9.73259E-05	0.000106846
754	1.10818E-05	1.22695E-05	1.28311E-05	1.47672E-05	2.1115E-05	2.6144E-05	3.03626E-05	2.97284E-05	3.61027E-05	4.68748E-05	5.48439E-05	5.9159E-05	6.94492E-05	7.9042E-05	9.68744E-05	0.000106148
755	1.24288E-05	1.33775E-05	1.27986E-05	1.55441E-05	2.14229E-05	2.55848E-05	2.95385E-05	2.91351E-05	3.76293E-05	4.81549E-05	5.31352E-05	6.16358E-05	6.71176E-05	8.0441E-05	9.55745E-05	0.000105737
756	1.37234E-05	1.46713E-05	1.31028E-05	1.61264E-05	2.19844E-05	2.5303E-05	2.91268E-05	2.9569E-05	3.90792E-05	4.85414E-05	5.15341E-05	6.38392E-05	6.58229E-05	8.06504E-05	9.40752E-05	0.000105423
757	1.44403E-05	1.57838E-05	1.40087E-05	1.609E-05	2.27426E-05	2.61062E-05	2.9809E-05	3.16545E-05	3.98145E-05	4.73418E-05	5.06598E-05	6.42136E-05	6.67317E-05	7.83758E-05	9.2681E-05	0.000104677
758	1.46086E-05	1.6591E-05	1.5404E-05	1.56608E-05	2.36522E-05	2.77125E-05	3.13577E-05	3.48619E-05	3.98674E-05	4.50641E-05	5.05622E-05	6.28122E-05	6.93113E-05	7.44341E-05	9.16084E-05	0.000103536
759	1.45874E-05	1.71039E-05	1.69293E-05	1.54532E-05	2.46515E-05	2.91377E-05	3.29505E-05	3.79113E-05	3.96444E-05	4.29133E-05	5.08835E-05	6.06165E-05	7.19014E-05	7.08699E-05	9.09205E-05	0.000102272
760	1.47495E-05	1.73371E-05	1.82129E-05	1.60985E-05	2.56777E-05	2.9371E-05	3.37389E-05	3.94853E-05	3.95693E-05	4.21312E-05	5.12492E-05	5.86477E-05	7.27878E-05	6.97882E-05	9.06747E-05	0.000101168
761	1.52585E-05	1.73651E-05	1.9072E-05	1.77017E-05	2.66929E-05	2.82611E-05	3.34118E-05	3.91361E-05	3.98562E-05	4.31013E-05	5.12967E-05	5.74139E-05	7.12354E-05	7.16614E-05	9.05197E-05	0.0001002
762	1.60464E-05	1.7439E-05	1.97019E-05	1.96802E-05	2.78325E-05	2.70721E-05	3.26293E-05	3.79083E-05	4.06159E-05	4.51607E-05	5.0957E-05	5.69658E-05	6.83399E-05	7.49266E-05	8.99865E-05	9.94197E-05
763	1.69987E-05	1.78006E-05	2.03028E-05	2.13525E-05	2.92054E-05	2.71646E-05	3.2088E-05	3.69264E-05	4.18839E-05	4.74688E-05	5.00909E-05	5.72121E-05	6.52441E-05	7.76888E-05	8.84207E-05	9.8706E-05
764	1.80045E-05	1.85957E-05	2.10157E-05	2.22274E-05	3.08258E-05	2.93666E-05	3.2291E-05	3.70319E-05	4.35779E-05	4.93176E-05	4.87391E-05	5.79957E-05	6.28829E-05	7.84779E-05	8.5508E-05	9.79195E-05
765	1.89725E-05	1.96171E-05	2.17608E-05	2.25274E-05	3.2371E-05	3.25534E-05	3.30142E-05	3.79977E-05	4.5206E-05	5.05252E-05	4.75766E-05	5.89374E-05	6.13803E-05	7.74468E-05	8.2166E-05	9.68728E-05
766	1.97753E-05	2.05347E-05	2.23642E-05	2.25951E-05	3.33713E-05	3.50701E-05	3.38018E-05	3.92781E-05	4.60835E-05	5.09231E-05	4.73456E-05	5.94844E-05	6.05671E-05	7.49673E-05	7.9456E-05	9.51788E-05
767	2.03682E-05	2.11188E-05	2.27512E-05	2.28339E-05	3.35337E-05	3.55575E-05	3.43589E-05	4.04836E-05	4.57736E-05	5.05604E-05	4.88423E-05	5.93545E-05	6.04811E-05	7.17324E-05	7.86056E-05	9.28658E-05
768	2.07791E-05	2.13996E-05	2.29745E-05	2.32821E-05	3.30606E-05	3.44752E-05	3.47349E-05	4.13783E-05	4.45399E-05	4.95992E-05	5.14765E-05	5.86544E-05	6.08353E-05	6.83359E-05	7.91086E-05	9.02047E-05
769	2.10936E-05	2.15651E-05	2.31773E-05	2.38057E-05	3.24522E-05	3.32888E-05	3.51967E-05	4.18424E-05	4.30679E-05	4.83139E-05	5.396E-05	5.77582E-05	6.1229E-05	6.54064E-05	7.96137E-05	8.76987E-05
770	2.13979E-05	2.18078E-05	2.35046E-05	2.42712E-05	3.22132E-05	3.347E-05	3.60103E-05	4.17615E-05	4.20486E-05	4.69862E-05	5.49987E-05	5.70463E-05	6.12645E-05	6.35726E-05	7.87649E-05	8.58539E-05
771	2.17177E-05	2.22641E-05	2.40095E-05	2.468E-05	3.25071E-05	3.52934E-05	3.71531E-05	4.1206E-05	4.17003E-05	4.58402E-05	5.42526E-05	5.67078E-05	6.09235E-05	6.29593E-05	7.6266E-05	8.47857E-05
772	2.20401E-05	2.30372E-05	2.46739E-05	2.52273E-05	3.3149E-05	3.76924E-05	3.83217E-05	4.05242E-05	4.1754E-05	4.5103E-05	5.25741E-05	5.67944E-05	6.07208E-05	6.32002E-05	7.3171E-05	8.42836E-05
773	2.23389E-05	2.42188E-05	2.54632E-05	2.61103E-05	3.39129E-05	3.94844E-05	3.91714E-05	4.00655E-05	4.1885E-05	4.49808E-05	5.08725E-05	5.73199E-05	6.1179E-05	6.38579E-05	7.05902E-05	8.40669E-05
774	2.26453E-05	2.57595E-05	2.63288E-05	2.73814E-05	3.46538E-05	3.99426E-05	3.95134E-05	4.0061E-05	4.19907E-05	4.5506E-05	4.98236E-05	5.8101E-05	6.24918E-05	6.45789E-05	6.92994E-05	8.38213E-05
775	2.31322E-05	2.72603E-05	2.71908E-05	2.87309E-05	3.54318E-05	3.94988E-05	3.95529E-05	4.044E-05	4.25244E-05	4.62786E-05	4.94999E-05	5.84713E-05	6.40275E-05	6.52299E-05	6.92161E-05	8.3161E-05
776	2.39989E-05	2.82615E-05	2.79638E-05	2.97887E-05	3.63419E-05	3.8773E-05	3.95612E-05	4.10863E-05	4.4036E-05	4.68258E-05	4.98855E-05	5.76788E-05	6.50184E-05	6.57117E-05	7.01285E-05	8.16845E-05
777	2.53648E-05	2.84263E-05	2.85809E-05	3.02679E-05	3.74461E-05	3.83478E-05	3.97928E-05	4.18988E-05	4.68375E-05	4.67982E-05	5.08866E-05	5.52599E-05	6.48298E-05	6.59684E-05	7.17566E-05	7.91221E-05
778	2.6902E-05	2.81557E-05	2.91009E-05	3.03945E-05	3.86391E-05	3.85526E-05	4.03992E-05	4.28958E-05	4.99063E-05	4.65979E-05	5.20146E-05	5.24402E-05	6.36795E-05	6.62313E-05	7.3513E-05	7.6015E-05
779	2.81222E-05	2.81122E-05	2.96266E-05	3.05751E-05	3.97549E-05	3.96353E-05	4.1499E-05	4.41366E-05	5.17403E-05	4.68929E-05	5.2635E-05	5.10495E-05	6.20828E-05	6.68339E-05	7.46925E-05	7.31933E-05
780	2.85716E-05	2.89153E-05	3.02546E-05	3.11947E-05	4.06454E-05	4.18019E-05	4.31851E-05	4.56656E-05	5.09596E-05	4.82958E-05	5.21772E-05	5.27769E-05	6.05533E-05	6.8074E-05	7.46346E-05	7.14729E-05
