Name	0	17	34	51	68	85	102	119	136	153	170	187	204	221	238	255
Date	15/02/2018	15/02/2018	15/02/2018	15/02/2018	15/02/2018	15/02/2018	15/02/2018	15/02/2018	15/02/2018	15/02/2018	15/02/2018	15/02/2018	15/02/2018	15/02/2018	15/02/2018	15/02/2018
Time	08:33pm	08:36pm	08:37pm	08:39pm	08:40pm	08:42pm	08:42pm	08:42pm	08:43pm	08:43pm	08:43pm	08:44pm	08:44pm	08:44pm	08:44pm	08:44pm
Integration time [ms]	60000	19049	8571	6313	5126	4320	3395	2931	2628	2851	2158	1990	2192	2074	1910	1760
Luminance[cd/sqm]	3.85E-01	1.66E+01	3.33E+01	4.91E+01	6.46E+01	7.94E+01	9.48E+01	1.09E+02	1.25E+02	1.38E+02	1.52E+02	1.66E+02	1.79E+02	1.94E+02	2.09E+02	2.28E+02
Radiance[W/sr*sqm]	2.44E-03	6.19E-02	1.21E-01	1.76E-01	2.29E-01	2.80E-01	3.31E-01	3.83E-01	4.33E-01	4.79E-01	5.28E-01	5.73E-01	6.18E-01	6.67E-01	7.21E-01	7.85E-01
CCT [K]	8855	7073	6932	6895	6884	6880	6864	6872	6796	6832	6853	6825	6846	6823	6829	6753
DWl[nm]	478	471	475	477	480	481	482	482	484	484	484	485	485	486	485	485
PE[%]	18.6	11.8	10.8	10.4	10.2	10.1	9.9	9.9	9.4	9.6	9.7	9.5	9.6	9.4	9.5	9
x	0.2896	0.3083	0.3093	0.3092	0.3088	0.3086	0.3083	0.3084	0.309	0.3084	0.308	0.3083	0.3079	0.308	0.3081	0.3092
y	0.2928	0.3014	0.3064	0.3098	0.3129	0.3139	0.3169	0.3161	0.3192	0.3196	0.3197	0.3207	0.321	0.3222	0.3213	0.3222
u'	0.1952	0.2055	0.2042	0.2028	0.2012	0.2008	0.1994	0.1997	0.199	0.1983	0.1981	0.1979	0.1975	0.1972	0.1975	0.198
v'	0.4441	0.4521	0.4552	0.4571	0.4589	0.4594	0.461	0.4606	0.4624	0.4626	0.4626	0.4632	0.4632	0.4639	0.4634	0.4641
Reference Illuminant	daylight >7000K	daylight >7000K	daylight 5000-7000K	daylight 5000-7000K	daylight 5000-7000K	daylight 5000-7000K	daylight 5000-7000K	daylight 5000-7000K	daylight 5000-7000K	daylight 5000-7000K	daylight 5000-7000K	daylight 5000-7000K	daylight 5000-7000K	daylight 5000-7000K	daylight 5000-7000K	daylight 5000-7000K
CCT [K]	8855	7073	6932	6895	6884	6880	6864	6872	6796	6832	6853	6825	6846	6823	6829	6753
R1	96.9	87.6	90.5	92.9	95.4	96.3	98.5	98.1	99.4	99.1	98.8	98.1	97.6	96.9	97.3	97.4
R2	89.8	93.5	92.7	91.8	90.8	90.4	89.3	89.5	88.9	88.4	88.2	87.9	87.6	87.3	87.5	87.6
R3	72.3	71.3	71.8	72.1	72.4	72.5	72.8	72.7	73	73.1	73.1	73.2	73.2	73.4	73.3	73.4
R4	83.5	76.3	78.1	79.6	80.9	81.4	82.3	82.2	82.9	83.2	83.3	83.5	83.7	83.9	83.9	84
R5	98.1	93.2	95.5	97.1	97.8	97.6	96.2	96.6	95.4	94.7	94.4	93.9	93.5	92.8	93.2	93.2
R6	82.8	87.7	86.9	86.1	85	84.6	83.5	83.7	83	82.5	82.2	81.9	81.6	81.2	81.3	81.4
R7	85.8	84.8	85	85.1	85.3	85.3	85.4	85.4	85.5	85.6	85.6	85.6	85.7	85.7	85.7	85.8
R8	87.2	83	85.3	86.8	88.3	88.7	89.6	89.5	90	90.1	90.2	90.3	90.3	90.3	90.4	90.4
R9	84.6	71.7	80.6	87.1	94.1	96.2	96	97.3	93	90.7	89.8	87.9	86.5	84.5	86.1	86.1
R10	69.4	78.6	76.1	74	71.6	70.8	68.6	69	67.6	66.7	66.2	65.6	65.1	64.4	64.8	64.9
R11	82.3	73.7	75.9	77.7	79.3	79.9	81	80.9	81.6	82	82.1	82.3	82.5	82.7	82.8	82.9
R12	59.8	69.2	67.5	65.8	64	63.3	61.6	61.9	60.8	60.1	59.7	59.2	58.7	58.2	58.4	58.4
R13	98.8	91.5	94.3	96.5	98.7	99.2	97.9	98.2	96.8	96	95.6	95	94.5	93.8	94.3	94.3
R14	83.8	82.1	82.5	82.9	83.2	83.3	83.6	83.5	83.8	83.9	83.9	84	84.1	84.2	84.1	84.2
Ra	87.03	84.67	85.72	86.44	86.98	87.1	87.22	87.2	87.26	87.08	86.95	86.8	86.65	86.43	86.59	86.64
																
wavelength [nm]	Radiance[W/(sr*sqm*nm)]	Radiance[W/(sr*sqm*nm)]	Radiance[W/(sr*sqm*nm)]	Radiance[W/(sr*sqm*nm)]	Radiance[W/(sr*sqm*nm)]	Radiance[W/(sr*sqm*nm)]	Radiance[W/(sr*sqm*nm)]	Radiance[W/(sr*sqm*nm)]	Radiance[W/(sr*sqm*nm)]	Radiance[W/(sr*sqm*nm)]	Radiance[W/(sr*sqm*nm)]	Radiance[W/(sr*sqm*nm)]	Radiance[W/(sr*sqm*nm)]	Radiance[W/(sr*sqm*nm)]	Radiance[W/(sr*sqm*nm)]	Radiance[W/(sr*sqm*nm)]
																
380	3.21275E-07	8.58996E-07	1.84351E-06	5.88243E-07	2.50218E-06	0	0	8.67674E-07	0	1.75844E-06	5.49722E-06	0	2.52307E-06	3.40271E-06	0	8.48069E-06
381	1.35676E-07	3.79326E-07	2.20104E-06	6.81672E-07	2.89481E-06	2.73269E-08	0	3.43807E-07	0	2.44752E-06	7.13461E-06	1.39717E-07	1.12509E-06	4.35789E-06	0	9.1659E-06
382	3.96368E-09	1.24107E-08	2.2696E-06	8.74785E-07	3.24365E-06	3.29092E-08	2.69241E-08	4.97454E-08	4.35835E-08	2.91572E-06	7.7213E-06	6.8909E-07	7.73668E-08	4.68677E-06	6.19709E-08	8.69831E-06
383	0	0	1.988E-06	1.18042E-06	3.53619E-06	0	8.72783E-07	8.99551E-08	5.99011E-07	3.07175E-06	6.95724E-06	1.01718E-06	0	4.22272E-06	6.95368E-07	6.88111E-06
384	0	0	1.4719E-06	1.51279E-06	3.71541E-06	0	1.80687E-06	4.14383E-07	1.2049E-06	3.0267E-06	5.25455E-06	1.09109E-06	0	3.20556E-06	1.37053E-06	4.36218E-06
385	2.19122E-08	0	8.69905E-07	1.76922E-06	3.71799E-06	0	2.67867E-06	9.40542E-07	1.76255E-06	2.93095E-06	3.16208E-06	9.19098E-07	8.63749E-08	1.95279E-06	1.97925E-06	1.94034E-06
386	6.76999E-08	2.64568E-07	3.20796E-07	1.8803E-06	3.53094E-06	0	3.39448E-06	1.61398E-06	2.21029E-06	2.95807E-06	1.19236E-06	5.15184E-07	6.76534E-07	7.61834E-07	2.45434E-06	3.44032E-07
387	8.45469E-08	6.41628E-07	0	1.73402E-06	3.04455E-06	1.24005E-07	3.79623E-06	2.36376E-06	2.44444E-06	3.19818E-06	0	0	1.32879E-06	0	2.68086E-06	2.18848E-07
388	6.23686E-08	1.07544E-06	0	1.33674E-06	2.29208E-06	5.87781E-07	3.8251E-06	3.1086E-06	2.4768E-06	3.7045E-06	0	0	1.94433E-06	0	2.66037E-06	1.7516E-06
389	2.29402E-08	1.47677E-06	0	8.67004E-07	1.47284E-06	1.12602E-06	3.55221E-06	3.73678E-06	2.49362E-06	4.39889E-06	0	0	2.48449E-06	0	2.56641E-06	4.23671E-06
390	0	1.75531E-06	0	5.14247E-07	7.95608E-07	1.60778E-06	3.05924E-06	4.13769E-06	2.69195E-06	5.19279E-06	0	0	2.91823E-06	0	2.58359E-06	6.90401E-06
391	0	1.82467E-06	0	4.60088E-07	4.60552E-07	1.90771E-06	2.42474E-06	4.20563E-06	3.26098E-06	6.00179E-06	0	0	3.21604E-06	0	2.88911E-06	9.01603E-06
392	3.66438E-08	1.60926E-06	5.96848E-08	8.64747E-07	6.45772E-07	1.9142E-06	1.72733E-06	3.84949E-06	4.3652E-06	6.74443E-06	3.84903E-07	1.3574E-06	3.35399E-06	3.54513E-07	3.63788E-06	9.90166E-06
393	1.28155E-07	1.16405E-06	1.00817E-07	1.64928E-06	1.29167E-06	1.66952E-06	1.10736E-06	3.16579E-06	5.88637E-06	7.34867E-06	9.61793E-07	4.22337E-06	3.39094E-06	9.78285E-07	4.73444E-06	9.54377E-06
394	2.32593E-07	6.46726E-07	1.01342E-07	2.54619E-06	2.15106E-06	1.33712E-06	7.52774E-07	2.39847E-06	7.4834E-06	7.75015E-06	1.57663E-06	7.18E-06	3.45062E-06	1.7922E-06	5.88583E-06	8.44191E-06
395	3.20354E-07	2.11898E-07	7.12748E-08	3.29276E-06	2.98081E-06	1.07774E-06	8.4568E-07	1.78636E-06	8.82181E-06	7.88718E-06	2.27219E-06	9.47965E-06	3.6539E-06	2.86109E-06	6.80463E-06	7.09143E-06
396	3.63197E-07	8.13956E-09	2.02483E-08	3.63859E-06	3.54927E-06	1.0464E-06	1.56196E-06	1.55989E-06	9.58555E-06	7.70482E-06	3.0913E-06	1.04097E-05	4.11922E-06	4.24965E-06	7.21867E-06	5.9717E-06
397	3.39774E-07	1.44516E-07	0	3.39968E-06	3.67742E-06	1.36529E-06	2.99596E-06	1.88044E-06	9.53351E-06	7.18021E-06	4.06052E-06	9.46853E-06	4.92662E-06	5.98277E-06	6.93182E-06	5.46979E-06
398	2.64741E-07	5.35637E-07	0	2.74361E-06	3.46111E-06	2.00636E-06	4.81924E-06	2.57445E-06	8.85055E-06	6.5159E-06	5.13745E-06	7.27945E-06	5.98547E-06	7.89113E-06	6.17391E-06	5.5888E-06
399	1.6448E-07	1.03253E-06	1.08434E-08	1.95194E-06	3.08606E-06	2.89136E-06	6.56854E-06	3.35919E-06	7.8592E-06	5.98405E-06	6.25712E-06	4.82872E-06	7.1491E-06	9.74368E-06	5.31165E-06	6.20092E-06
400	6.44474E-08	1.49145E-06	2.19289E-07	1.29633E-06	2.73148E-06	3.94481E-06	7.79691E-06	3.96186E-06	6.87063E-06	5.84726E-06	7.35688E-06	3.06788E-06	8.27602E-06	1.13175E-05	4.69885E-06	7.18274E-06
401	0	1.77966E-06	6.17773E-07	1.04149E-06	2.57802E-06	5.10988E-06	8.10021E-06	4.13325E-06	6.20397E-06	6.37801E-06	8.40287E-06	2.92141E-06	9.25915E-06	1.24373E-05	4.69083E-06	8.44195E-06
402	0	1.82408E-06	1.20131E-06	1.3185E-06	2.72364E-06	6.30686E-06	7.33649E-06	3.79291E-06	6.01979E-06	7.64923E-06	9.36543E-06	4.77612E-06	1.00136E-05	1.30075E-05	5.46664E-06	9.89574E-06
403	0	1.69901E-06	1.84967E-06	2.00272E-06	3.14106E-06	7.46565E-06	6.04358E-06	3.27919E-06	6.26658E-06	9.40835E-06	1.03416E-05	7.94583E-06	1.06331E-05	1.32838E-05	6.91596E-06	1.15901E-05
404	0	1.49555E-06	2.43032E-06	2.9387E-06	3.78644E-06	8.51758E-06	4.8324E-06	2.97566E-06	6.86372E-06	1.1364E-05	1.144E-05	1.16196E-05	1.12293E-05	1.35575E-05	8.89172E-06	1.35839E-05
405	0	1.30276E-06	2.81369E-06	3.97444E-06	4.61689E-06	9.3955E-06	4.30033E-06	3.25734E-06	7.73239E-06	1.32313E-05	1.2767E-05	1.50047E-05	1.19114E-05	1.41134E-05	1.12501E-05	1.59347E-05
406	1.75277E-08	1.20626E-06	2.88438E-06	4.96812E-06	5.59383E-06	1.00422E-05	5.00537E-06	4.47551E-06	8.80406E-06	1.47515E-05	1.44271E-05	1.73693E-05	1.27946E-05	1.52293E-05	1.38611E-05	1.87026E-05
407	4.06839E-08	1.25554E-06	2.71883E-06	5.87747E-06	6.70929E-06	1.05001E-05	6.99117E-06	6.66914E-06	1.0118E-05	1.59509E-05	1.6453E-05	1.86952E-05	1.40753E-05	1.70759E-05	1.67107E-05	2.19094E-05
408	5.10614E-08	1.47023E-06	2.5589E-06	6.74784E-06	7.98467E-06	1.09029E-05	9.86593E-06	9.61299E-06	1.18108E-05	1.71083E-05	1.88253E-05	1.95828E-05	1.6027E-05	1.97428E-05	1.98922E-05	2.55557E-05
409	4.19353E-08	1.86858E-06	2.64705E-06	7.62654E-06	9.44185E-06	1.13849E-05	1.32313E-05	1.30776E-05	1.40193E-05	1.85049E-05	2.15231E-05	2.06408E-05	1.89203E-05	2.33151E-05	2.35001E-05	2.96413E-05
410	6.71892E-09	2.46845E-06	3.22072E-06	8.55989E-06	1.11023E-05	1.20776E-05	1.66973E-05	1.68382E-05	1.68779E-05	2.04163E-05	2.45262E-05	2.24651E-05	2.30202E-05	2.78761E-05	2.76273E-05	3.41661E-05
411	0	3.2798E-06	4.46609E-06	9.61482E-06	1.30083E-05	1.31366E-05	1.99882E-05	2.0748E-05	2.05183E-05	2.31234E-05	2.78838E-05	2.56052E-05	2.85626E-05	3.35262E-05	3.24394E-05	3.92198E-05
412	0	4.25762E-06	6.29991E-06	1.09264E-05	1.52554E-05	1.4797E-05	2.33073E-05	2.49567E-05	2.4979E-05	2.68532E-05	3.1883E-05	3.02978E-05	3.55231E-05	4.03101E-05	3.83475E-05	4.51872E-05
413	0	5.34181E-06	8.55531E-06	1.2659E-05	1.79657E-05	1.73294E-05	2.7027E-05	2.97245E-05	3.02841E-05	3.18332E-05	3.69091E-05	3.66986E-05	4.38153E-05	4.82809E-05	4.58645E-05	5.25783E-05
414	0	6.47334E-06	1.10683E-05	1.49742E-05	2.12597E-05	2.09995E-05	3.15131E-05	3.53073E-05	3.64571E-05	3.82871E-05	4.33408E-05	4.49604E-05	5.33541E-05	5.74907E-05	5.54946E-05	6.18941E-05
415	5.54991E-08	7.59511E-06	1.36795E-05	1.80304E-05	2.52559E-05	2.6068E-05	3.71247E-05	4.19569E-05	4.35238E-05	4.64357E-05	5.15508E-05	5.5234E-05	6.40596E-05	6.79945E-05	6.7733E-05	7.36282E-05
416	3.09821E-07	8.76046E-06	1.64366E-05	2.20263E-05	3.02033E-05	3.28084E-05	4.42563E-05	5.00831E-05	5.18729E-05	5.67356E-05	6.21085E-05	6.78738E-05	7.6371E-05	8.03866E-05	8.32496E-05	8.85629E-05
417	5.86327E-07	1.01549E-05	1.96366E-05	2.7074E-05	3.63637E-05	4.12862E-05	5.30439E-05	6.00131E-05	6.21649E-05	6.96589E-05	7.5487E-05	8.31088E-05	9.10957E-05	9.56363E-05	0.00010243	0.000107357
418	7.98558E-07	1.19942E-05	2.36309E-05	3.33162E-05	4.40559E-05	5.16012E-05	6.36797E-05	7.21583E-05	7.51822E-05	8.57789E-05	9.22627E-05	0.000101275	0.000109219	0.000114901	0.000125778	0.000130819
419	8.6081E-07	1.4492E-05	2.87681E-05	4.08942E-05	5.35956E-05	6.38524E-05	7.63543E-05	8.69263E-05	9.17008E-05	0.000105664	0.000113007	0.000122704	0.000131716	0.000139327	0.000153793	0.000159749
420	6.99333E-07	1.78517E-05	3.53776E-05	4.9961E-05	6.52986E-05	7.8167E-05	9.13006E-05	0.000104752	0.000112481	0.000129886	0.00013831	0.000147799	0.000159572	0.000170048	0.000187026	0.000194986
421	3.78299E-07	2.21661E-05	4.3583E-05	6.08076E-05	7.94903E-05	9.50044E-05	0.000109258	0.000126412	0.000138135	0.000159064	0.000169004	0.000177804	0.000193939	0.000208094	0.000226682	0.000237845
422	5.37462E-08	2.74659E-05	5.3394E-05	7.38501E-05	9.65456E-05	0.000115096	0.000131362	0.000152977	0.000169253	0.000193937	0.000206174	0.000214619	0.000236175	0.000254538	0.000274519	0.000290087
423	0	3.37767E-05	6.48111E-05	8.94924E-05	0.000116823	0.000139156	0.000158726	0.000185491	0.000206394	0.000235209	0.000250872	0.000260104	0.000287602	0.000310405	0.00033225	0.000353421
424	1.66798E-08	4.11238E-05	7.78344E-05	0.000108134	0.000140677	0.000167889	0.000192451	0.000224988	0.000250111	0.00028358	0.000304136	0.000316102	0.000349524	0.000376715	0.00040157	0.000429543
425	5.48573E-07	4.9576E-05	9.26326E-05	0.000130242	0.000168605	0.000202088	0.000233576	0.000272501	0.000301232	0.000340025	0.000367177	0.000384385	0.000423364	0.000454776	0.000484358	0.000520285
426	1.34586E-06	5.93225E-05	0.000109902	0.000156444	0.0002015	0.000242725	0.000282798	0.000328923	0.000361359	0.000406283	0.000441593	0.000466274	0.000510712	0.000546654	0.00058286	0.000627679
427	2.23091E-06	7.06325E-05	0.00013055	0.00018754	0.000240521	0.000291036	0.000341	0.00039541	0.000432583	0.000484624	0.000529464	0.000563409	0.000613657	0.000655072	0.000699928	0.000754367
428	3.02816E-06	8.37513E-05	0.000155435	0.000224271	0.000286746	0.000348153	0.000408953	0.000472991	0.000516848	0.000577149	0.000632692	0.000677256	0.000734085	0.000782529	0.000838173	0.000902742
429	3.56899E-06	9.89249E-05	0.000185396	0.000267369	0.000341239	0.000415205	0.00048745	0.000562717	0.000616084	0.000685952	0.000753185	0.000809304	0.000873906	0.00093153	0.001000215	0.001075228
430	3.82923E-06	0.000116493	0.000221011	0.000317656	0.000405155	0.000493534	0.000578043	0.000666509	0.000732569	0.000813593	0.000893705	0.000962272	0.001036303	0.001105552	0.001189635	0.001275915
431	3.94989E-06	0.000137055	0.000262864	0.000376477	0.000480286	0.000585381	0.000683903	0.000788147	0.00086994	0.00096424	0.001059151	0.001141532	0.001227258	0.001310626	0.001412677	0.001512452
432	4.07036E-06	0.000160956	0.000311034	0.000444477	0.00056753	0.0006919	0.000806955	0.000929978	0.001030228	0.001140279	0.00125248	0.001350383	0.001450515	0.001550377	0.001672995	0.001789738
433	4.33307E-06	0.000188648	0.00036581	0.000522597	0.00066816	0.000814707	0.000949656	0.00109496	0.001216138	0.001344847	0.001477474	0.001593008	0.001710772	0.001829451	0.001975338	0.002113842
434	4.85914E-06	0.000220558	0.000427542	0.000611767	0.000783409	0.000955356	0.001114293	0.001285813	0.001430194	0.001580865	0.001737623	0.00187329	0.002012356	0.002152186	0.002324204	0.002490333
435	5.65051E-06	0.00025696	0.000496961	0.000712894	0.000914315	0.001115122	0.00130223	0.001503969	0.001673937	0.001850102	0.002034854	0.002193524	0.002357613	0.002521306	0.002722797	0.002922092
436	6.67456E-06	0.000298445	0.00057564	0.000827892	0.001063152	0.001296771	0.001516362	0.001752554	0.001950958	0.002156565	0.002373449	0.002558576	0.002751559	0.002942567	0.003177756	0.003415224
437	7.88544E-06	0.000344979	0.000663941	0.000956944	0.001229972	0.001500361	0.001756426	0.002031041	0.002260784	0.00249977	0.002752755	0.002967988	0.003193489	0.003415613	0.003689118	0.003968756
438	9.24329E-06	0.000396782	0.000762718	0.001100935	0.001415731	0.001727054	0.002023445	0.002340398	0.002604599	0.002881063	0.00317413	0.003423474	0.003685031	0.003942569	0.004259596	0.004584595
439	1.07039E-05	0.00045283	0.000870294	0.001257258	0.001617023	0.00197273	0.002312358	0.002674779	0.002976046	0.003293267	0.003629704	0.003916601	0.004216944	0.004513655	0.004878816	0.005251264
440	1.22159E-05	0.000510055	0.000980837	0.001417569	0.001823276	0.002224608	0.002608107	0.003017158	0.003356388	0.003715208	0.004096455	0.004422286	0.004762154	0.00509954	0.005514914	0.005935317
441	1.37437E-05	0.00056588	0.001089437	0.001574885	0.002025684	0.002472066	0.002898191	0.003353499	0.003730216	0.004129372	0.00455542	0.004919808	0.005298287	0.005675893	0.006141403	0.006609198
442	1.52226E-05	0.000616506	0.001188837	0.001718825	0.002211075	0.002699157	0.003163857	0.003662538	0.004074084	0.004509347	0.00497783	0.005377856	0.005791573	0.006206172	0.006718596	0.007231148
443	1.6595E-05	0.000658843	0.001273095	0.001840908	0.002368695	0.002892853	0.003389825	0.003926933	0.004368877	0.00483361	0.005340204	0.005770844	0.00621444	0.006660527	0.007214034	0.007767068
444	1.77575E-05	0.000691283	0.001338755	0.001936189	0.00249212	0.003045164	0.003567119	0.004135857	0.004602468	0.005089206	0.005627651	0.006082595	0.006549802	0.007020747	0.007607825	0.008195407
445	1.85834E-05	0.000712965	0.001383599	0.002001488	0.002577091	0.003150614	0.003689912	0.004281731	0.004766215	0.005267453	0.00582956	0.006301626	0.006785803	0.007274428	0.007886349	0.008500872
446	1.8946E-05	0.000723041	0.001405438	0.002033669	0.002619401	0.003203793	0.003752456	0.004357064	0.004851571	0.005359776	0.005935436	0.006416577	0.006910721	0.007409315	0.008036146	0.008668335
447	1.87182E-05	0.000720641	0.001402037	0.002029529	0.002614758	0.003199184	0.003748879	0.00435422	0.004849828	0.005357427	0.005934591	0.006415881	0.006912611	0.007412911	0.008043493	0.008682383
448	1.78823E-05	0.000705908	0.001373415	0.001989064	0.002563084	0.003136547	0.003678955	0.004272649	0.004760204	0.005259935	0.005826078	0.006298609	0.006790539	0.00728429	0.007907237	0.00854121
449	1.66485E-05	0.000681067	0.001324226	0.001918859	0.00247298	0.003026515	0.003554088	0.004126402	0.004598249	0.005083882	0.005629036	0.006085773	0.006566277	0.007046375	0.007652126	0.008271051
450	1.52559E-05	0.000648609	0.001259718	0.001826341	0.002354154	0.002881106	0.003387163	0.003931392	0.004381597	0.004848025	0.005365165	0.005801179	0.006264487	0.006725126	0.00730621	0.007901713
451	1.39229E-05	0.000610096	0.001183337	0.001716324	0.002212947	0.002708216	0.003186212	0.003697899	0.004121605	0.004564167	0.005048474	0.005460321	0.005900843	0.006336849	0.006887046	0.007451649
452	1.28945E-05	0.000569037	0.001102279	0.001599081	0.002062717	0.002524325	0.002969514	0.003447978	0.003842779	0.004258717	0.004709052	0.005096011	0.005509832	0.005918102	0.006434215	0.006963218
453	1.21879E-05	0.000527288	0.00102025	0.00148001	0.001910363	0.002337929	0.002747501	0.003193359	0.003558429	0.003946252	0.004363015	0.004725319	0.00511003	0.005488917	0.005969581	0.006460453
454	1.17023E-05	0.00048635	0.000940096	0.001363387	0.001761226	0.002155576	0.002529203	0.002943441	0.003279441	0.003638988	0.004023363	0.004361578	0.004716604	0.005065987	0.00551151	0.005964088
455	1.13362E-05	0.000447716	0.000864649	0.001253456	0.001620614	0.00198377	0.002323604	0.002707568	0.003016638	0.003349073	0.003703016	0.004018035	0.004344629	0.00466591	0.005078268	0.005494749
456	1.09987E-05	0.000413259	0.000797473	0.001155528	0.00149521	0.001830702	0.002141654	0.00249738	0.002783403	0.003091502	0.003418043	0.003711356	0.004012878	0.004309252	0.004692439	0.005077734
457	1.06052E-05	0.000383266	0.000739117	0.001070518	0.001386068	0.001697674	0.001985612	0.002314983	0.002582195	0.002869111	0.003171317	0.003444348	0.003724805	0.003999991	0.004358366	0.004718176
458	1.01442E-05	0.000356803	0.000687882	0.000996028	0.001290067	0.001580885	0.001850372	0.002155224	0.002406711	0.002674949	0.002955443	0.003209702	0.003472186	0.003729259	0.00406599	0.004404669
459	9.61257E-06	0.000332705	0.000641642	0.000929029	0.001203293	0.001475564	0.001729493	0.002011582	0.002249032	0.002500264	0.002761109	0.002998168	0.003244596	0.003485782	0.003802573	0.00412278
460	9.0072E-06	0.00030981	0.000598267	0.000866492	0.001121826	0.001376934	0.001616532	0.00187753	0.002101232	0.002336295	0.002578996	0.00280049	0.003031603	0.003258282	0.003555372	0.003858067
461	8.34001E-06	0.000287472	0.000556599	0.000806779	0.001043568	0.001282433	0.001507704	0.001749549	0.001958825	0.002178103	0.002403968	0.002611845	0.002827626	0.003040688	0.003317402	0.003602384
462	7.62703E-06	0.0002652	0.000515424	0.000748027	0.000966321	0.001189143	0.001399378	0.00162351	0.001817388	0.002020781	0.002230598	0.002425971	0.002626031	0.00282577	0.003081161	0.003347431
463	6.91607E-06	0.000243597	0.000475432	0.000691043	0.000891461	0.001098392	0.001293241	0.001500999	0.001679331	0.001866993	0.002061628	0.002244812	0.002429366	0.002616142	0.002850331	0.003097278
464	6.25545E-06	0.000223279	0.000437328	0.000636654	0.000820393	0.001011544	0.001191024	0.001383648	0.001547121	0.001719471	0.001899867	0.002070373	0.002240252	0.002414497	0.00262869	0.002856103
465	5.69369E-06	0.000204862	0.000401823	0.000585692	0.000754531	0.000929968	0.001094468	0.001273096	0.001423236	0.001580958	0.001748139	0.001904671	0.002061325	0.002223539	0.002420031	0.002628104
466	5.26885E-06	0.000189014	0.000370047	0.000539724	0.000696006	0.000856207	0.001006762	0.001172725	0.001311749	0.001456066	0.001611361	0.001752721	0.001898143	0.002049147	0.002231062	0.002420835
467	4.95826E-06	0.000175101	0.000341259	0.000497817	0.000643271	0.000788865	0.000926598	0.001080802	0.00121027	0.001342432	0.001486803	0.001612692	0.001748197	0.001888518	0.002057923	0.002230783
468	4.7449E-06	0.000162804	0.000315421	0.000460101	0.000596077	0.000728233	0.000854675	0.000997939	0.001118936	0.001240534	0.001374871	0.001486378	0.001612806	0.00174298	0.0019011	0.002059215
469	4.61151E-06	0.000151801	0.000292494	0.000426706	0.000554177	0.000674605	0.000791703	0.000924758	0.001037884	0.001150853	0.00127598	0.001375595	0.001493308	0.001613879	0.001761087	0.001907416
470	4.53786E-06	0.000141798	0.000272436	0.000397728	0.000517324	0.000628223	0.000738266	0.000861777	0.000967212	0.001073755	0.001190439	0.001281894	0.001390845	0.001502385	0.001638317	0.001776463
471	4.46541E-06	0.000132346	0.000254299	0.000371707	0.000483692	0.000586857	0.000691455	0.000805841	0.000903591	0.001005168	0.001113844	0.001200318	0.00130037	0.001403303	0.001527472	0.001659905
472	4.35481E-06	0.000124098	0.000238948	0.000349706	0.000454968	0.000552261	0.000652751	0.000759126	0.000850021	0.000947731	0.001049338	0.001133311	0.001225294	0.00132073	0.00143398	0.001562294
473	4.15099E-06	0.000117191	0.000226251	0.000331341	0.000430956	0.000523896	0.000620942	0.000720661	0.000805978	0.000900167	0.000995728	0.001078633	0.001163952	0.001253283	0.00135728	0.001481695
474	3.79969E-06	0.00011176	0.000216079	0.000316226	0.000411459	0.000501221	0.00059482	0.000689475	0.000770927	0.000861202	0.000951819	0.00103405	0.001114676	0.001199566	0.0012968	0.001416174
475	3.30137E-06	0.000107761	0.000208167	0.000303956	0.000396071	0.00048354	0.0005734	0.000664535	0.000743901	0.000829603	0.00091638	0.000997624	0.001075686	0.001157741	0.001250901	0.001363607
476	2.73903E-06	0.000104633	0.000201611	0.000293472	0.000383239	0.000468907	0.000554881	0.000643338	0.000721691	0.000802496	0.000886242	0.000965841	0.001042797	0.001122852	0.001213644	0.001318769
477	2.21763E-06	0.000102248	0.000196366	0.000284998	0.000373056	0.000457401	0.000539919	0.000626185	0.000704172	0.000780523	0.000862105	0.000939456	0.001016363	0.001094782	0.001184225	0.001282175
478	1.83316E-06	0.000100241	0.000191932	0.000278088	0.00036474	0.000448037	0.000527906	0.000611915	0.00068959	0.000762499	0.00084265	0.000917031	0.000994375	0.001070876	0.001159104	0.001251344
479	1.6619E-06	9.83103E-05	0.0001879	0.00027237	0.000357649	0.00044	0.000518314	0.000599578	0.000676519	0.000747452	0.000826748	0.000897431	0.000975175	0.001048996	0.001135416	0.001224264
480	1.67245E-06	9.65079E-05	0.000184369	0.00026789	0.00035187	0.000433383	0.000511032	0.000589371	0.000665316	0.000735555	0.000814292	0.000881177	0.000959004	0.001029814	0.001113949	0.001201495
481	1.79363E-06	9.48704E-05	0.000181351	0.000264456	0.000347251	0.000427979	0.000505366	0.000581052	0.000656015	0.000726336	0.000804374	0.000868119	0.000945405	0.001013524	0.001095188	0.001182791
482	1.95945E-06	9.37097E-05	0.000179385	0.000262644	0.000344639	0.000424817	0.000502089	0.000576062	0.000650547	0.000721423	0.000798417	0.000860618	0.000936659	0.001003248	0.001082787	0.001171327
483	2.10434E-06	9.31887E-05	0.000178725	0.000262624	0.000344353	0.000424276	0.000501226	0.00057495	0.000649822	0.000721337	0.000796647	0.000859686	0.00093361	0.001000531	0.001078682	0.001168453
484	2.21349E-06	9.33485E-05	0.00017942	0.0002644	0.000346403	0.000426424	0.000502872	0.000577849	0.000653983	0.000726075	0.000799298	0.000865389	0.000936643	0.001005731	0.00108343	0.001174433
485	2.3263E-06	9.41E-05	0.000181298	0.000267799	0.000350475	0.000430994	0.0005072	0.000584438	0.000662347	0.000735071	0.000806614	0.000876775	0.000945657	0.001017936	0.001096111	0.001188371
486	2.48983E-06	9.55595E-05	0.000184583	0.000273241	0.000357029	0.000438676	0.000515515	0.000595694	0.000675689	0.00074939	0.000820645	0.000894825	0.000962644	0.001038471	0.001118206	0.001211993
487	2.74065E-06	9.74299E-05	0.000188705	0.000279971	0.000364987	0.000448264	0.000526896	0.000610025	0.000691879	0.000766867	0.000839893	0.000916676	0.000985445	0.001064197	0.001146392	0.001241814
488	3.09291E-06	9.96469E-05	0.00019355	0.000287846	0.000374154	0.00045961	0.000541442	0.000627189	0.000710482	0.000787171	0.000864454	0.000941701	0.001013909	0.001094467	0.001179934	0.001277148
489	3.47159E-06	0.000102229	0.0001992	0.000296817	0.000384718	0.000472931	0.000558955	0.000647162	0.000731878	0.000810699	0.000893859	0.000970328	0.001047673	0.001129499	0.001218711	0.00131797
490	3.78377E-06	0.000105211	0.000205771	0.000306852	0.000396943	0.000488517	0.000579181	0.000669968	0.000756611	0.000837997	0.000927525	0.001003199	0.001086329	0.001169686	0.001262731	0.001364385
491	3.94406E-06	0.000108825	0.000213768	0.00031849	0.000411834	0.00050757	0.000602947	0.00069688	0.000786634	0.000871168	0.000966603	0.001042821	0.001131506	0.001217605	0.001314356	0.001419046
492	3.86384E-06	0.000112922	0.000222935	0.000331175	0.00042894	0.000529487	0.000629007	0.000726748	0.000821102	0.000909235	0.001008944	0.001088013	0.001180931	0.001271551	0.001371385	0.001479674
493	3.58121E-06	0.000117525	0.000233145	0.000344888	0.000448135	0.000553886	0.00065712	0.0007593	0.000859476	0.000951698	0.001054145	0.001138192	0.00123409	0.001330766	0.001433264	0.001545802
494	3.20995E-06	0.000122649	0.000244127	0.000359612	0.000469064	0.000579988	0.000687042	0.000794086	0.00090058	0.000997442	0.001101898	0.001192057	0.001290389	0.001393808	0.001499097	0.001616613
495	2.86523E-06	0.000128308	0.000255607	0.000375335	0.000491367	0.000607008	0.000718528	0.000830653	0.000943224	0.001045342	0.001151894	0.001248293	0.00134923	0.001459226	0.001567985	0.001691286
496	2.6636E-06	0.000134608	0.000267497	0.000392316	0.000515045	0.000634611	0.000751862	0.000869157	0.00098692	0.001095045	0.001204671	0.001306508	0.00141101	0.001526644	0.00164018	0.00177024
497	2.66518E-06	0.000141402	0.000279532	0.000410308	0.000539549	0.000662193	0.000786492	0.000908886	0.001030705	0.001145384	0.00125942	0.001365422	0.001474688	0.001594661	0.00171437	0.001851991
498	2.84402E-06	0.000148501	0.000291905	0.000429343	0.000564885	0.000690532	0.000822628	0.000950171	0.001075661	0.001196971	0.001316541	0.001426023	0.00154087	0.001664548	0.001791342	0.001936949
499	3.16563E-06	0.000155704	0.000304841	0.000449453	0.000591079	0.000720503	0.00086051	0.000993388	0.001123011	0.001250526	0.001376478	0.00148944	0.001610243	0.001737745	0.001871986	0.002025599
500	3.59537E-06	0.000162807	0.000318567	0.000470673	0.00061816	0.000752982	0.000900375	0.001038919	0.001173981	0.001306772	0.001439677	0.00155681	0.00168349	0.001815696	0.001957193	0.002118428
501	4.08547E-06	0.000169241	0.000332415	0.000491754	0.000644543	0.000786632	0.000940047	0.001084333	0.001226391	0.001362884	0.001502703	0.001624947	0.001756753	0.001894773	0.002042522	0.002210292
502	4.5907E-06	0.000175409	0.000346809	0.000513218	0.000671302	0.000822165	0.000980909	0.001131208	0.001281483	0.001420985	0.001567725	0.001696141	0.001832665	0.00197755	0.00213085	0.002304658
503	5.05426E-06	0.000181396	0.000361311	0.000534371	0.000698008	0.000858121	0.001022063	0.00117846	0.001337175	0.001479824	0.001633241	0.001768541	0.001909555	0.002061716	0.002219976	0.002399696
504	5.41959E-06	0.000187286	0.000375489	0.000554523	0.000724233	0.000893046	0.001062616	0.001225009	0.001391393	0.001538155	0.001697755	0.001840303	0.001985754	0.002144971	0.002307713	0.002493584
505	5.63399E-06	0.000193159	0.00038893	0.00057304	0.000749576	0.00092558	0.001101725	0.001269839	0.001442205	0.001594803	0.001759866	0.001909689	0.002059692	0.002225157	0.002392021	0.002584625
506	5.70079E-06	0.000199171	0.000401816	0.000590514	0.000774601	0.00095636	0.001140084	0.001313744	0.001490733	0.001650828	0.001820843	0.001977888	0.002132727	0.002303794	0.002474843	0.002674871
507	5.65314E-06	0.000205126	0.00041394	0.000607229	0.000798993	0.000985531	0.001177183	0.001356161	0.001537294	0.001705546	0.001880182	0.002044185	0.002203994	0.002380386	0.002555976	0.002763649
508	5.52927E-06	0.000210969	0.00042539	0.00062391	0.000823	0.001013953	0.001213339	0.001397485	0.001583312	0.001759476	0.001938713	0.002109313	0.002274187	0.002456127	0.002637034	0.002852238
509	5.36739E-06	0.000216648	0.000436255	0.000641277	0.00084687	0.001042478	0.001248873	0.00143811	0.001630202	0.001813135	0.001997258	0.002173999	0.002343992	0.002532199	0.002719613	0.002941905
510	5.20835E-06	0.000222207	0.000446749	0.000659662	0.000870759	0.001071555	0.001284006	0.001478308	0.001678487	0.001866672	0.002056083	0.002238486	0.002413631	0.002608872	0.002803989	0.003032841
511	5.08647E-06	0.000227361	0.000456292	0.000677217	0.000892693	0.001098485	0.001315882	0.001514787	0.001723306	0.001915356	0.002109795	0.002297087	0.002477028	0.002678875	0.002881717	0.003116435
512	5.05913E-06	0.000232823	0.000466304	0.00069494	0.000914533	0.00112524	0.001347315	0.001550778	0.001767075	0.001962658	0.002162012	0.002353943	0.002538714	0.002746334	0.002956543	0.003197322
513	5.17134E-06	0.000238824	0.000477231	0.000712412	0.000936264	0.001151484	0.001378344	0.001586322	0.001808602	0.002008031	0.002211927	0.002408376	0.002598028	0.002809768	0.003026198	0.003273627
514	5.44891E-06	0.000245481	0.000489337	0.000729295	0.000957864	0.001176973	0.001408996	0.001621464	0.001847099	0.002051136	0.002259059	0.00246	0.002654555	0.002868269	0.003089215	0.003344117
515	5.83617E-06	0.000252428	0.000502105	0.00074558	0.000979301	0.001201869	0.001439245	0.001656275	0.001883485	0.002092509	0.002304315	0.002509642	0.002708937	0.002923348	0.003147512	0.003410267
516	6.25635E-06	0.000259184	0.000514837	0.000761385	0.001000584	0.001226493	0.001469115	0.001690907	0.00191921	0.002133012	0.002349067	0.002558567	0.002762217	0.002977283	0.003204041	0.003474422
517	6.63291E-06	0.000265251	0.000526798	0.000776757	0.001021634	0.001251057	0.0014985	0.001725363	0.001955547	0.002173315	0.002394472	0.002607803	0.002815189	0.003032071	0.003261448	0.0035386
518	6.89572E-06	0.00027018	0.000537324	0.000791743	0.001042369	0.001275754	0.001527323	0.001759652	0.001993653	0.002214058	0.002441587	0.002658301	0.00286861	0.003089556	0.003322166	0.003604687
519	7.03537E-06	0.000273929	0.00054624	0.000806015	0.0010622	0.001300001	0.001555088	0.001793022	0.002032659	0.002254663	0.002489369	0.002709044	0.002921654	0.003148688	0.003385075	0.003671671
520	7.07999E-06	0.000276703	0.00055367	0.000819018	0.001080224	0.001322744	0.001581043	0.001824257	0.002070446	0.002293796	0.002535481	0.0027578	0.002972517	0.003206631	0.003446856	0.003736747
521	7.071E-06	0.000279221	0.000560776	0.000831727	0.001097561	0.0013454	0.001607394	0.001855558	0.002108772	0.002334416	0.002582337	0.002807505	0.003024957	0.003266556	0.003510643	0.003804106
522	7.02299E-06	0.000281181	0.000566672	0.000842107	0.001111367	0.001364533	0.00163053	0.001882418	0.002141804	0.002371047	0.002623047	0.002850966	0.003071807	0.003319861	0.003566932	0.003864216
523	6.95107E-06	0.000282773	0.00057153	0.000850146	0.001121645	0.001379919	0.001650277	0.001904593	0.002168895	0.002403177	0.002656958	0.002887556	0.003112528	0.003365529	0.003614771	0.003916281
524	6.85424E-06	0.000284179	0.000575589	0.000856529	0.001129552	0.001392395	0.001667199	0.001923074	0.002191268	0.002431338	0.00268555	0.002918678	0.003148192	0.00340485	0.003656209	0.003962053
525	6.73039E-06	0.000285577	0.00057909	0.00086198	0.001136318	0.001402866	0.001681905	0.001938931	0.002210265	0.002456132	0.002710444	0.002945867	0.003179975	0.003439261	0.003693492	0.00400345
526	6.57994E-06	0.000287254	0.000582493	0.000867553	0.001143597	0.001412765	0.001695645	0.001953966	0.002228063	0.002479091	0.00273428	0.002971773	0.003210258	0.003471502	0.003730258	0.004043905
527	6.40977E-06	0.000289208	0.000585745	0.000873339	0.001151686	0.001422172	0.001708157	0.001968125	0.002244689	0.002499612	0.002756979	0.002996217	0.003238481	0.003501187	0.003766256	0.004082923
528	6.26024E-06	0.000291341	0.000588809	0.000878926	0.00115996	0.001430901	0.001719173	0.001981021	0.002259702	0.002517259	0.002777658	0.003018505	0.003263818	0.003527789	0.003799654	0.004119081
529	6.17675E-06	0.000293523	0.000591616	0.000883767	0.00116757	0.001438634	0.001728317	0.001992095	0.002272446	0.002531469	0.002795135	0.003037673	0.003285207	0.003550547	0.003828134	0.004150552
530	6.20468E-06	0.000295627	0.000594094	0.000887315	0.001173672	0.001445056	0.001735218	0.002000787	0.002282268	0.002541683	0.002808228	0.003052762	0.003301585	0.0035687	0.00384938	0.004175515
531	6.3752E-06	0.000297517	0.000596178	0.000889165	0.001177582	0.001449905	0.001739636	0.002006684	0.002288705	0.002547558	0.002816073	0.003063069	0.003312216	0.003581719	0.003861704	0.004192596
532	6.64022E-06	0.000299023	0.000597811	0.000889667	0.001179472	0.001453186	0.001742032	0.002010104	0.002292281	0.002549881	0.002819464	0.003069231	0.00331807	0.003590239	0.003866777	0.00420278
533	6.92424E-06	0.000299962	0.000598942	0.000889443	0.001179825	0.001455007	0.001743122	0.002011639	0.00229388	0.00254985	0.00281979	0.003072369	0.003320732	0.003595326	0.003867466	0.004207899
534	7.15178E-06	0.000300151	0.000599518	0.000889111	0.001179122	0.001455474	0.001743621	0.002011881	0.002294383	0.002548665	0.002818444	0.003073607	0.003321789	0.003598045	0.003866637	0.004209789
535	7.25313E-06	0.000299436	0.00059949	0.00088923	0.001177815	0.001454689	0.001744166	0.002011361	0.002294584	0.002547413	0.002816701	0.003073955	0.003322657	0.003599349	0.003866893	0.00421012
536	7.22417E-06	0.000297849	0.000598606	0.000889294	0.001175607	0.001452144	0.001743851	0.002009213	0.002293362	0.002544951	0.002813477	0.003071975	0.003321573	0.003597543	0.003866328	0.004207142
537	7.1111E-06	0.000295841	0.000597054	0.000888949	0.001172834	0.001448326	0.001742422	0.002005576	0.00229054	0.002541106	0.002808834	0.003067563	0.003317857	0.003592639	0.003863772	0.004200879
538	6.95823E-06	0.000293754	0.000594807	0.000887513	0.001169403	0.001443198	0.001738986	0.001999856	0.0022851	0.002534774	0.002801801	0.003059495	0.003309614	0.00358334	0.00385663	0.00418982
539	6.80901E-06	0.000291922	0.00059184	0.000884324	0.001165222	0.001436724	0.00173268	0.00199148	0.00227606	0.002524888	0.002791439	0.003046591	0.00329502	0.003568395	0.00384239	0.004172512
540	6.68477E-06	0.000290427	0.000588201	0.000879234	0.001160185	0.001428974	0.001723384	0.001980479	0.002263441	0.00251142	0.0027777	0.003028989	0.003274319	0.003547983	0.003820979	0.004149169
541	6.592E-06	0.000289535	0.000584994	0.000874137	0.001156086	0.001422487	0.001714674	0.001970838	0.002252145	0.002499676	0.002766133	0.003013333	0.003255533	0.003529767	0.003801425	0.004128763
542	6.51372E-06	0.000288536	0.000581378	0.000868052	0.001150877	0.001415081	0.001704472	0.00196003	0.002239649	0.002486722	0.002753156	0.002996328	0.003235984	0.003509763	0.003780269	0.004106645
543	6.44424E-06	0.000287204	0.000577492	0.000861454	0.001144436	0.001406946	0.001693561	0.001948815	0.002227187	0.00247379	0.002739795	0.002979712	0.003218433	0.00348988	0.003760399	0.004085053
544	6.38783E-06	0.000285363	0.000573339	0.000854593	0.001136647	0.00139806	0.00168228	0.001937411	0.002215124	0.002461248	0.002726247	0.00296415	0.003203861	0.003470956	0.003742914	0.004064883
545	6.36855E-06	0.000282949	0.000568659	0.000847254	0.00112742	0.001387977	0.001670085	0.001924959	0.002202092	0.00244774	0.002711057	0.002948174	0.003189703	0.003451693	0.003725354	0.004044341
546	6.41107E-06	0.000279829	0.000562998	0.000838932	0.001116344	0.001375804	0.001655852	0.001909921	0.002185888	0.002431003	0.002691799	0.002929218	0.003172052	0.003429555	0.003703764	0.00402016
547	6.54375E-06	0.000276033	0.000556226	0.000829601	0.001103654	0.001361443	0.001639411	0.001891859	0.002165562	0.002410172	0.002667594	0.002906397	0.003148821	0.003403974	0.003676315	0.003991381
548	6.77136E-06	0.000271594	0.000548223	0.000819105	0.001089366	0.001344634	0.001620347	0.001870156	0.002140172	0.002384258	0.002637472	0.002878501	0.003117976	0.003373778	0.003641067	0.003956532
549	7.02525E-06	0.000266835	0.000539446	0.000807659	0.001073849	0.001325921	0.001599044	0.001845461	0.002110934	0.002354237	0.00260278	0.002846079	0.003080776	0.003339102	0.003599336	0.003916343
550	7.22115E-06	0.000262139	0.000530479	0.000795557	0.001057548	0.001306021	0.001576054	0.001818692	0.002079521	0.002321502	0.002565362	0.002810053	0.003039175	0.003300359	0.003553123	0.003872013
551	7.2721E-06	0.000257805	0.000521727	0.000782832	0.001040557	0.001285219	0.001551411	0.001790168	0.002046922	0.002286679	0.002526215	0.002770416	0.002994128	0.003256867	0.003503258	0.003823455
552	7.11361E-06	0.000254204	0.000513833	0.000770015	0.001023616	0.001264557	0.001526154	0.00176131	0.002015213	0.002251705	0.002487717	0.002728919	0.002948336	0.003210116	0.003452598	0.00377288
553	6.77724E-06	0.000251055	0.000506564	0.000757173	0.001006711	0.001243952	0.001500481	0.00173223	0.001983997	0.002216315	0.002449424	0.002685603	0.002901814	0.003160207	0.003400756	0.003719452
554	6.3287E-06	0.000247875	0.000499445	0.000744301	0.000989696	0.001223081	0.001474485	0.001702806	0.001952269	0.002179755	0.002410222	0.002640247	0.002854	0.003107147	0.00334664	0.003661736
555	5.83382E-06	0.000244183	0.000492004	0.000731398	0.000972424	0.001201624	0.001448261	0.001672914	0.001919019	0.002141268	0.002368992	0.002592631	0.002804331	0.003050945	0.003289152	0.003598296
556	5.37387E-06	0.000240254	0.00048521	0.000720533	0.000957529	0.001182721	0.001426002	0.001647195	0.001888829	0.00210631	0.002331504	0.002549983	0.002760297	0.003000354	0.003236727	0.003538218
557	4.99628E-06	0.000235573	0.000477706	0.00070963	0.000942406	0.001163254	0.001403681	0.001621065	0.001856833	0.002069597	0.002291758	0.002505855	0.002714514	0.002947908	0.003181141	0.003473355
558	4.76692E-06	0.000230663	0.000469828	0.000698767	0.000927457	0.001143948	0.001381532	0.001595004	0.001824595	0.002032915	0.002251631	0.002462003	0.002668418	0.002895719	0.003124943	0.003407889
559	4.75253E-06	0.000226059	0.00046192	0.000688023	0.000913094	0.001125539	0.001359794	0.001569504	0.001793705	0.001998083	0.002213034	0.002420211	0.002623469	0.002845938	0.003070727	0.003346073
560	5.01169E-06	0.000222262	0.000454302	0.000677462	0.000899682	0.001108703	0.001338677	0.00154501	0.001765654	0.001966797	0.002177762	0.002382138	0.002581043	0.002800572	0.003020937	0.003291915
561	5.44772E-06	0.000218325	0.000445161	0.000664305	0.000883342	0.001088768	0.001312728	0.001515201	0.001733245	0.001930947	0.002137041	0.00233797	0.002530959	0.002748237	0.002963556	0.003232129
562	5.89952E-06	0.000214599	0.000435986	0.000650962	0.000866737	0.001069029	0.001286724	0.001485381	0.001701832	0.0018963	0.002097681	0.002295012	0.002482253	0.002697746	0.002908335	0.003175964
563	6.18501E-06	0.000210534	0.000426432	0.000637122	0.000848905	0.001048313	0.001260057	0.001454638	0.001669642	0.001860682	0.002057702	0.002250958	0.00243356	0.002646612	0.002852833	0.003119355
564	6.12995E-06	0.000205602	0.000416174	0.000622487	0.000828931	0.001025493	0.001232148	0.001422102	0.001634966	0.001822002	0.002015197	0.002203593	0.002383563	0.002592442	0.0027947	0.003058378
565	5.7438E-06	0.000199808	0.000405311	0.00060715	0.000807024	0.00100058	0.001203102	0.001387983	0.001597606	0.001780102	0.001969923	0.002152848	0.002332111	0.002535058	0.002733701	0.002992363
566	5.22605E-06	0.000193675	0.000394302	0.000591482	0.000784393	0.000974564	0.001173491	0.001353325	0.001558604	0.00173647	0.001922956	0.002100435	0.002279781	0.00247606	0.002671234	0.002923405
567	4.78708E-06	0.000187834	0.000383797	0.000576129	0.000762643	0.000948911	0.001144428	0.001319813	0.001519752	0.001693439	0.001876291	0.002049082	0.002228195	0.002418226	0.00260996	0.002855026
568	4.6314E-06	0.00018286	0.000374348	0.000561599	0.000743175	0.000924849	0.00111675	0.001288797	0.001482469	0.001652919	0.001831466	0.002001006	0.002178445	0.002363741	0.002551902	0.002790044
569	4.79279E-06	0.00017893	0.000366084	0.000548102	0.000726419	0.000902825	0.001090707	0.001260556	0.001447377	0.00161551	0.001789078	0.001956878	0.002130729	0.002313097	0.002497502	0.002729427
570	5.0722E-06	0.000175671	0.000358559	0.000535452	0.000711484	0.00088222	0.001065758	0.001233903	0.001414002	0.001580029	0.001748441	0.001915264	0.002084031	0.002264481	0.002445048	0.00267162
571	5.25484E-06	0.000172688	0.000351322	0.000523478	0.000697447	0.000862418	0.001041396	0.001207652	0.001381916	0.001545299	0.001708928	0.001874741	0.002037423	0.002216113	0.002392887	0.002615119
572	5.12749E-06	0.000169559	0.00034386	0.000511919	0.000683268	0.000842657	0.001016937	0.001180422	0.001350452	0.001509889	0.001669617	0.001833578	0.001989637	0.002165847	0.002338965	0.002557978
573	4.62516E-06	0.000166112	0.000336043	0.000500754	0.000668541	0.0008228	0.000992409	0.001151978	0.00131954	0.00147359	0.00163049	0.001791382	0.001940799	0.002113439	0.002283103	0.00249985
574	3.93762E-06	0.000162574	0.000328341	0.000490287	0.00065383	0.00080365	0.000968905	0.001123877	0.001289918	0.00143806	0.001592808	0.001749775	0.001893119	0.002061578	0.002227973	0.002442738
575	3.27938E-06	0.00015921	0.000321281	0.000480855	0.000639796	0.000786098	0.000947619	0.001097848	0.001262403	0.001405139	0.001557955	0.00171058	0.001849007	0.002013236	0.002176525	0.002388871
576	2.86068E-06	0.00015612	0.000315053	0.000472292	0.00062643	0.000770215	0.000928749	0.001074464	0.001236492	0.001375189	0.001525685	0.001673821	0.001808935	0.001969269	0.002129422	0.002337977
577	2.79226E-06	0.000153672	0.000310327	0.000465328	0.000614986	0.000757429	0.000913958	0.001055923	0.001214176	0.001350833	0.001498508	0.001642567	0.001776286	0.001933497	0.002090708	0.002294088
578	2.9594E-06	0.000151914	0.000307004	0.000459919	0.000605814	0.000747667	0.000902727	0.001041732	0.001195679	0.001331632	0.001476074	0.00161677	0.001750293	0.001904779	0.002059439	0.002257011
579	3.22035E-06	0.000150878	0.000304932	0.000455988	0.000599239	0.000740774	0.000894398	0.001031216	0.001181169	0.001316959	0.001457889	0.001596223	0.001729929	0.001881636	0.002034353	0.002226347
580	3.43453E-06	0.000150593	0.000303961	0.000453458	0.000595582	0.000736598	0.000888316	0.001023706	0.001170817	0.001306193	0.001443466	0.001580724	0.001714175	0.001862602	0.002014198	0.002201703
581	3.52488E-06	0.00015136	0.000304615	0.000453215	0.000596133	0.000736489	0.000885927	0.001020906	0.001167055	0.001301553	0.001435552	0.001573296	0.001705841	0.001850669	0.002002346	0.002187363
582	3.53852E-06	0.000152855	0.000306475	0.000454639	0.000599497	0.000739217	0.000886259	0.001021634	0.001167921	0.001301114	0.001432575	0.001571457	0.001702553	0.001843924	0.001996399	0.002180404
583	3.54958E-06	0.000155038	0.000309744	0.000458023	0.000605366	0.000745006	0.000890205	0.001026836	0.001173727	0.001305604	0.001435938	0.001575862	0.001705465	0.001844403	0.001998152	0.002182348
584	3.63215E-06	0.000157866	0.000314623	0.000463657	0.000613427	0.00075408	0.000898654	0.001037461	0.001184784	0.00131575	0.001447044	0.001587169	0.001715727	0.001854139	0.002009398	0.002194722
585	3.81923E-06	0.000161289	0.000321155	0.000471644	0.000623399	0.000766443	0.000911979	0.001053821	0.001201066	0.001331849	0.001466426	0.001605541	0.001733857	0.001874099	0.002030892	0.002218076
586	4.03553E-06	0.000165436	0.000329364	0.000482181	0.000635869	0.000782479	0.000930285	0.001075833	0.001223144	0.001354711	0.001494098	0.001631837	0.001760846	0.001904705	0.002063116	0.002253116
587	4.17653E-06	0.000170026	0.000338392	0.000494191	0.000649871	0.000800545	0.000951143	0.001100462	0.001248413	0.001381596	0.00152598	0.001662647	0.001793029	0.001941165	0.002100961	0.002294512
588	4.14177E-06	0.000174975	0.000347774	0.000507178	0.000665208	0.000819938	0.000973245	0.001125972	0.001275749	0.001411413	0.001559799	0.001696554	0.001828892	0.001981009	0.002141828	0.002339685
589	3.88931E-06	0.000180203	0.00035721	0.000520818	0.000681731	0.000840183	0.000995724	0.001151273	0.00130439	0.001443306	0.001593989	0.001732521	0.001867266	0.002022406	0.002183954	0.00238679
590	3.55149E-06	0.000185635	0.000366891	0.000535301	0.000699421	0.000861467	0.001019032	0.001177213	0.001334653	0.001477121	0.0016291	0.001770653	0.001908023	0.002065445	0.002228066	0.002436191
591	3.30205E-06	0.0001917	0.000378086	0.000552354	0.000720163	0.000886416	0.001046594	0.001208153	0.001370631	0.001516791	0.001670434	0.001816012	0.001956334	0.002116092	0.002281309	0.00249517
592	3.29842E-06	0.000197857	0.000390158	0.000570926	0.000742206	0.000913176	0.001076545	0.001242342	0.001409479	0.001558562	0.001714824	0.001864445	0.002007439	0.002169567	0.002339246	0.002558343
593	3.63336E-06	0.000204062	0.00040324	0.000591044	0.000765452	0.000941759	0.001109158	0.001280336	0.001451255	0.001602218	0.001762616	0.001915881	0.002061122	0.002225894	0.002402263	0.002625852
594	4.16678E-06	0.000210354	0.000416983	0.000611902	0.000789453	0.000971211	0.001143334	0.001320581	0.001494529	0.001646904	0.001812225	0.001968974	0.002116246	0.002283727	0.002468122	0.002695794
595	4.71218E-06	0.000216792	0.000430937	0.000632526	0.000813689	0.001000376	0.001177698	0.001361097	0.001537567	0.001691633	0.001861677	0.002022111	0.002171481	0.002341442	0.002534058	0.002765845
596	5.07166E-06	0.000223064	0.000443916	0.000650847	0.000836248	0.001026386	0.001208855	0.001397562	0.001576006	0.001732541	0.001905818	0.002070237	0.002221807	0.002393435	0.002592974	0.002828974
597	5.13614E-06	0.00022952	0.000456248	0.000667209	0.000857957	0.00105008	0.001237662	0.001430733	0.001611126	0.00177156	0.001946336	0.00211542	0.002269725	0.002442344	0.002647029	0.002887981
598	5.00994E-06	0.000236012	0.000467892	0.000681941	0.00087853	0.00107195	0.001264252	0.001461011	0.00164352	0.001808626	0.001984116	0.002157928	0.002315417	0.00248868	0.002697089	0.002943461
599	4.83892E-06	0.000242361	0.00047886	0.000695556	0.000897714	0.001092722	0.001288971	0.001489136	0.001674115	0.001843807	0.002020449	0.002198293	0.00235928	0.002533262	0.00274454	0.002996424
600	4.77028E-06	0.000248385	0.000489168	0.000708573	0.000915254	0.00111313	0.001312168	0.001515854	0.001703846	0.001877168	0.002056638	0.002237054	0.002401714	0.002576914	0.002790778	0.003047891
601	4.8648E-06	0.000253261	0.000497511	0.000719418	0.00092857	0.001130527	0.001330502	0.001537476	0.001728601	0.00190355	0.002087635	0.002268264	0.002436163	0.002612861	0.002828853	0.00308995
602	5.00291E-06	0.000257519	0.000505093	0.000729608	0.000940142	0.001146894	0.001346893	0.00155706	0.001751697	0.001926901	0.002116638	0.002296111	0.002466986	0.002645644	0.002863725	0.003128227
603	5.01785E-06	0.000261067	0.00051186	0.000738752	0.000950159	0.001161166	0.0013608	0.00157359	0.001771836	0.001946244	0.002141161	0.002318793	0.00249212	0.002672843	0.002892754	0.003160142
604	4.74335E-06	0.000263814	0.000517759	0.000746454	0.000958808	0.001172278	0.001371685	0.00158605	0.001787725	0.001960606	0.002158725	0.002334514	0.002509507	0.002692041	0.002913308	0.003183118
605	4.14075E-06	0.000265765	0.000522724	0.000752522	0.00096623	0.001179755	0.001379393	0.001594089	0.001798751	0.0019697	0.002168245	0.002342753	0.002518429	0.002702258	0.002924281	0.003196069
606	3.48138E-06	0.000267202	0.000526731	0.000757347	0.000972583	0.001184712	0.001384888	0.001599186	0.001806187	0.001975168	0.002172316	0.0023464	0.002521757	0.002706349	0.002928665	0.003201947
607	3.0815E-06	0.000268369	0.000529609	0.000761193	0.000977748	0.001188159	0.001388903	0.001602632	0.001811072	0.001978372	0.002173457	0.002348177	0.002522171	0.002706962	0.002929222	0.00320339
608	3.25661E-06	0.000269546	0.000531258	0.00076442	0.000981735	0.001191259	0.001392351	0.001605924	0.001814679	0.001980931	0.002174466	0.002351107	0.002522677	0.002707099	0.002929093	0.003203448
609	4.10383E-06	0.000270791	0.000531642	0.000767091	0.000984428	0.001194509	0.001395553	0.001609781	0.001817611	0.001983682	0.002176856	0.002356522	0.002524879	0.002708418	0.002930083	0.003203979
610	5.26843E-06	0.000271706	0.000530852	0.000768647	0.000985449	0.001197022	0.001397611	0.001613304	0.001819093	0.001985845	0.00217948	0.002362253	0.002527474	0.002709806	0.00293123	0.003204362
611	6.32835E-06	0.00027135	0.000528054	0.000767083	0.000982634	0.001195604	0.00139498	0.001612512	0.001814935	0.001982894	0.00217697	0.002361479	0.00252429	0.00270497	0.002926001	0.003197954
612	6.8853E-06	0.000269766	0.000524315	0.000763159	0.000977356	0.001191357	0.001389134	0.001609204	0.001807467	0.001977416	0.002171769	0.002355857	0.002518206	0.002697323	0.002918353	0.003189578
613	6.78205E-06	0.000266902	0.000519856	0.000756834	0.000969718	0.001183924	0.001379866	0.001602773	0.001796546	0.00196896	0.00216315	0.00234446	0.00250836	0.002686252	0.002907684	0.0031787
614	6.27781E-06	0.000263367	0.000515079	0.000749039	0.000960651	0.001174076	0.001368343	0.001593404	0.001783333	0.001957929	0.002151613	0.002329099	0.002495185	0.002672523	0.002894531	0.003165421
615	5.67017E-06	0.000259829	0.000510399	0.000740789	0.000951159	0.001162692	0.001355857	0.001581355	0.001769109	0.001944809	0.00213777	0.002311836	0.002479236	0.002657033	0.002879541	0.003149906
616	5.23937E-06	0.0002564	0.000505153	0.000731534	0.000940238	0.001148209	0.001340834	0.001563585	0.001751416	0.001926001	0.002117743	0.002289841	0.002455864	0.002635074	0.002857291	0.003125695
617	5.11335E-06	0.000253895	0.000500545	0.000723318	0.000930281	0.001133807	0.001326689	0.001544105	0.001734437	0.001905986	0.002096398	0.002268659	0.002430752	0.002612429	0.002833922	0.00309945
618	5.17554E-06	0.000252049	0.0004963	0.000715884	0.00092081	0.001119914	0.001312927	0.001523985	0.001717429	0.001884853	0.002073595	0.002247009	0.002404021	0.00258817	0.002808556	0.003070774
619	5.29519E-06	0.000250564	0.000492116	0.000708927	0.000911297	0.001106936	0.00129899	0.00150431	0.001699578	0.001862673	0.002049168	0.002223499	0.002375776	0.00256131	0.002780272	0.003039254
620	5.34764E-06	0.000249152	0.00048771	0.000702161	0.000901255	0.001095264	0.001284366	0.00148613	0.001680138	0.00183955	0.002023003	0.002196842	0.002346163	0.002530959	0.002748238	0.003004547
621	5.31318E-06	0.000247974	0.000483707	0.000696479	0.000892062	0.001086429	0.001271049	0.001471876	0.001661635	0.001818605	0.001998625	0.002170511	0.00231923	0.002501309	0.002716871	0.002971468
622	5.25655E-06	0.0002467	0.000479802	0.000691312	0.000883583	0.001078989	0.001258705	0.001459785	0.00164356	0.001799072	0.001975604	0.002144472	0.00229412	0.00247212	0.002685508	0.0029387
623	5.25283E-06	0.000245323	0.000476322	0.000686999	0.000876851	0.001072887	0.001248671	0.001449967	0.001627585	0.001782552	0.001956127	0.002121566	0.002272997	0.002446438	0.002657047	0.002908805
624	5.36765E-06	0.000243826	0.000473548	0.000683821	0.000872772	0.001068024	0.001242114	0.001442461	0.001615217	0.001770459	0.001942135	0.002104368	0.002257777	0.002427023	0.002634128	0.00288411
625	5.54381E-06	0.000242105	0.000471156	0.000681313	0.000870546	0.001063658	0.001238035	0.001436288	0.001605863	0.001761782	0.001932451	0.002092163	0.002247166	0.002412967	0.002616091	0.002864042
626	5.64135E-06	0.000240274	0.00046895	0.000679294	0.00086919	0.001059875	0.001235354	0.001431474	0.00159934	0.001755878	0.001925962	0.002084366	0.002240253	0.002403604	0.002603039	0.002849375
627	5.50559E-06	0.000237862	0.000465581	0.000675916	0.00086558	0.00105416	0.001229955	0.001424531	0.001591532	0.001747787	0.001916817	0.002075262	0.002230624	0.002392353	0.002588666	0.002833874
628	5.0161E-06	0.000234726	0.000460393	0.00067028	0.000857933	0.001045447	0.001219572	0.00141392	0.001580511	0.001735031	0.001901967	0.002062002	0.002215042	0.002375995	0.002570203	0.002815055
629	4.28609E-06	0.000231029	0.000453696	0.000662453	0.00084675	0.001033859	0.001204725	0.00139964	0.001566112	0.001717775	0.001881973	0.002044194	0.002193813	0.002354604	0.002547535	0.002792333
630	3.54742E-06	0.00022709	0.000446293	0.000652994	0.000833692	0.001020126	0.00118735	0.001382466	0.001549073	0.001697531	0.00185923	0.002022697	0.002169039	0.00232993	0.002521902	0.002766085
631	3.03641E-06	0.000223566	0.000439658	0.000643442	0.000821676	0.001006517	0.001171174	0.001365265	0.001532475	0.001678378	0.001838944	0.002001435	0.002146107	0.002307255	0.002498363	0.002740886
632	2.93069E-06	0.000220357	0.000433738	0.000633286	0.000810733	0.000992105	0.001155923	0.001346608	0.001514538	0.001658909	0.001820056	0.001978037	0.002123302	0.002284316	0.002473954	0.002712801
633	3.15829E-06	0.000217388	0.000428316	0.000622757	0.000800407	0.000977168	0.001141219	0.001326903	0.001495254	0.001638807	0.001801327	0.001952758	0.00209983	0.002260287	0.002447993	0.002681987
634	3.56197E-06	0.00021447	0.000422891	0.000611992	0.000789655	0.000961864	0.001126037	0.001306458	0.00147441	0.001617247	0.001780504	0.001925687	0.002074084	0.002233619	0.002419261	0.002648542
635	3.9843E-06	0.000211415	0.000416959	0.000601132	0.000777429	0.000946348	0.001109353	0.001285581	0.00145179	0.001593404	0.001755328	0.001896913	0.002044457	0.002202761	0.002386538	0.002612562
636	4.30618E-06	0.000208582	0.000411141	0.000591704	0.000764898	0.000932857	0.001093023	0.001267403	0.001430627	0.001570435	0.001728537	0.001870872	0.002014687	0.002171811	0.002354532	0.002580056
637	4.48316E-06	0.000205652	0.000404871	0.000582787	0.00075142	0.000919432	0.001075414	0.001249338	0.001408523	0.001545973	0.001698738	0.00184415	0.001982171	0.002137664	0.002319515	0.002545926
638	4.49715E-06	0.000202841	0.000398659	0.00057487	0.000738453	0.000906249	0.001057694	0.001231707	0.001386532	0.001521573	0.001669262	0.001817734	0.001949492	0.002102725	0.002283598	0.002511075
639	4.33025E-06	0.000200361	0.000393019	0.000568441	0.000727462	0.00089349	0.00104104	0.001214831	0.001365715	0.001498798	0.00164346	0.001792619	0.001919246	0.002069414	0.002248901	0.002476409
640	4.00359E-06	0.000198283	0.000388182	0.000563507	0.000719054	0.000881299	0.00102615	0.001198828	0.001346664	0.001478439	0.001622842	0.001769243	0.00189273	0.00203908	0.002216664	0.002442428
641	3.61177E-06	0.0001963	0.000383644	0.00055888	0.000711842	0.000869339	0.001012319	0.001182864	0.001328429	0.001459098	0.001604592	0.001746145	0.00186783	0.002010046	0.002185367	0.002407696
642	3.26251E-06	0.00019426	0.000379202	0.00055379	0.000704921	0.000858099	0.000999704	0.001167193	0.001311232	0.001440601	0.001587013	0.001723413	0.001843929	0.001982326	0.002155399	0.002373004
643	3.05936E-06	0.000191918	0.000374473	0.000547216	0.000697058	0.000847631	0.000987957	0.001151493	0.001294637	0.001422068	0.001567656	0.001700286	0.00181952	0.001954959	0.002126074	0.002337973
644	3.02059E-06	0.000189152	0.00036922	0.000538824	0.000687661	0.000837543	0.000976421	0.001135406	0.001278035	0.001402885	0.001545508	0.001676182	0.001793906	0.001927354	0.002096775	0.002302402
645	3.06808E-06	0.000185974	0.00036338	0.000529058	0.000676871	0.00082694	0.000964088	0.001118541	0.001260618	0.001382736	0.001521172	0.001650712	0.001767307	0.001899334	0.002066953	0.002266292
646	3.11755E-06	0.000182378	0.000356843	0.000518331	0.000664772	0.000814774	0.000949786	0.00110034	0.001241385	0.001361125	0.001495131	0.001623264	0.001739746	0.001870477	0.002035768	0.002229337
647	3.09387E-06	0.000178416	0.000349617	0.000507185	0.000651648	0.000800305	0.000932715	0.001080593	0.001219758	0.001337963	0.001468255	0.001593754	0.001711696	0.001840879	0.002002982	0.002191853
648	3.02296E-06	0.000174153	0.000341781	0.000495787	0.000637724	0.000783519	0.000913071	0.00105925	0.001195742	0.001313134	0.001440597	0.001562495	0.001682697	0.001810081	0.001968206	0.002153544
649	2.99587E-06	0.000169679	0.000333494	0.000484109	0.000623255	0.000764946	0.000891781	0.001036469	0.001169835	0.001286629	0.001411829	0.001530211	0.001651858	0.001777441	0.001931151	0.002113928
650	3.10539E-06	0.000165087	0.000324915	0.00047212	0.000608496	0.000745128	0.00086979	0.001012408	0.001142548	0.001258444	0.001381614	0.001497636	0.001618274	0.001742311	0.001891522	0.002072517
651	3.41408E-06	0.000160519	0.000316291	0.000459945	0.000593791	0.00072479	0.000848112	0.0009875	0.001114611	0.001228893	0.001350016	0.001465609	0.001581618	0.001704594	0.001849568	0.002029378
652	3.8156E-06	0.000156204	0.000307942	0.000448014	0.000579273	0.000704794	0.000827138	0.000962507	0.001086658	0.001198613	0.001317717	0.00143383	0.001542896	0.001665223	0.001806347	0.001985266
653	4.14703E-06	0.000152446	0.000300305	0.000436983	0.000565163	0.000686248	0.000807274	0.000938568	0.00105959	0.001168682	0.001285972	0.001402003	0.001503985	0.001625939	0.001763686	0.00194171
654	4.24422E-06	0.00014955	0.000293819	0.000427516	0.000551684	0.000670266	0.000788932	0.00091683	0.001034316	0.001140184	0.001256045	0.00136983	0.001466782	0.001588495	0.001723426	0.00190025
655	4.03655E-06	0.000147606	0.000288656	0.000419865	0.000539038	0.000657344	0.000772272	0.000897882	0.001011373	0.001113866	0.0012287	0.001337386	0.001432575	0.001553955	0.001686651	0.001861645
656	3.68772E-06	0.000145797	0.000283618	0.000412239	0.000526111	0.000644825	0.000755	0.000878757	0.000987958	0.001086986	0.001200514	0.001302586	0.001397727	0.001517948	0.001648529	0.001820271
657	3.42045E-06	0.000143921	0.00027877	0.000404671	0.00051435	0.000632921	0.000738396	0.000860531	0.000965936	0.00106197	0.001173715	0.001269885	0.001365176	0.001483225	0.001611951	0.001779062
658	3.44133E-06	0.000141429	0.000273491	0.0003962	0.000503877	0.000620275	0.000721878	0.000842115	0.000944714	0.001038522	0.001147546	0.001240438	0.001334368	0.001448769	0.001575723	0.001736462
659	3.75146E-06	0.000138203	0.000267609	0.000386695	0.000494533	0.000606594	0.000705446	0.000823232	0.00092413	0.001016405	0.001121802	0.001214454	0.001305058	0.001414479	0.001539585	0.00169269
660	4.09441E-06	0.000134663	0.000261525	0.000377064	0.000485812	0.000592917	0.000689837	0.000804624	0.000904566	0.000995455	0.001096968	0.001190959	0.001277388	0.001381399	0.001504454	0.001650188
661	4.19228E-06	0.000131093	0.000255339	0.000367803	0.000476565	0.000579613	0.000674957	0.000786078	0.000885289	0.000974251	0.001072181	0.001167389	0.001249907	0.001348895	0.001469414	0.001609446
662	3.8139E-06	0.000128075	0.000249783	0.00036026	0.00046694	0.000568431	0.000662367	0.000769352	0.000867812	0.000953928	0.001049338	0.001144306	0.001224388	0.001319749	0.001437312	0.001574888
663	3.09113E-06	0.000125485	0.000244717	0.000354	0.000456794	0.000558682	0.000651306	0.000753986	0.000851442	0.000934053	0.001028011	0.001121057	0.001200059	0.001293234	0.001407598	0.00154523
664	2.37619E-06	0.000122887	0.000239691	0.000347819	0.000446194	0.000548694	0.000640182	0.000738828	0.000834885	0.000914044	0.001007253	0.001097211	0.001175635	0.00126762	0.001378887	0.001517085
665	2.02214E-06	0.000119841	0.000234252	0.00034051	0.000435211	0.00053679	0.000627396	0.000722722	0.000816847	0.000893323	0.000986113	0.001072344	0.001149831	0.001241172	0.001349791	0.001487057
666	2.26032E-06	0.000116243	0.000228421	0.000331754	0.000424587	0.00052266	0.00061277	0.000705955	0.000797683	0.000872883	0.000965337	0.001047819	0.00112355	0.001214492	0.001321321	0.001454984
667	2.8E-06	0.000112236	0.000221959	0.000321675	0.00041373	0.00050655	0.000596039	0.000687913	0.000776825	0.000851771	0.000943318	0.001022254	0.001095837	0.001186057	0.001291599	0.001419958
668	3.21866E-06	0.00010832	0.000215124	0.000311337	0.000402756	0.000490158	0.000578433	0.000669501	0.000755449	0.00083069	0.000920222	0.000996145	0.001068039	0.001156793	0.001261268	0.001384476
669	3.09756E-06	0.000104992	0.000208178	0.0003018	0.000391778	0.000475173	0.000561179	0.000651618	0.000734722	0.000810336	0.000896217	0.00096999	0.001041497	0.001127627	0.001230965	0.001351018
670	2.33048E-06	0.000102444	0.000201378	0.000293563	0.000380878	0.000462379	0.00054501	0.000634716	0.000715275	0.000790932	0.000871642	0.000944264	0.001016827	0.001099259	0.001201081	0.001320579
671	1.34942E-06	0.000100197	0.000194696	0.000285741	0.000369529	0.000450336	0.000529021	0.000617566	0.000695791	0.000770745	0.000845875	0.000918044	0.000991937	0.001070422	0.001169857	0.001289686
672	6.46167E-07	9.8017E-05	0.000188689	0.000278216	0.00035832	0.000438812	0.00051383	0.00060073	0.000676965	0.00075029	0.000820894	0.000893184	0.000967604	0.001043045	0.001139031	0.001258502
673	6.68596E-07	9.55463E-05	0.000183587	0.000270468	0.000347275	0.000426937	0.000499236	0.000583841	0.000658425	0.000728957	0.000797311	0.000870051	0.000943112	0.001017343	0.001108545	0.001225352
674	1.35098E-06	9.27729E-05	0.000179292	0.00026253	0.000336588	0.000414668	0.000485183	0.000566974	0.000640046	0.000707071	0.000775234	0.000848292	0.000918315	0.000992845	0.001078606	0.001190581
675	2.25178E-06	8.99399E-05	0.000175465	0.000254843	0.000326576	0.000402567	0.000471721	0.000550522	0.000621878	0.000685635	0.000754396	0.000827023	0.000893479	0.000968577	0.001049618	0.001156011
676	2.91982E-06	8.71913E-05	0.000171561	0.000247558	0.000317182	0.000390743	0.000458357	0.00053425	0.000603259	0.000664876	0.000733652	0.000804397	0.000867849	0.000942438	0.001020772	0.001122152
677	3.02011E-06	8.48288E-05	0.000167517	0.000241299	0.000309003	0.00038011	0.000445692	0.000519161	0.000585057	0.000646373	0.0007137	0.000780843	0.000842767	0.000914969	0.000993577	0.001091753
678	2.7063E-06	8.27952E-05	0.000163339	0.000235773	0.000301703	0.000370425	0.000433617	0.000505267	0.000567597	0.000629653	0.000694523	0.00075715	0.000818351	0.000887006	0.000967447	0.001063858
679	2.26918E-06	8.09641E-05	0.000159113	0.000230523	0.000294798	0.000361253	0.00042199	0.000492494	0.00055127	0.000613904	0.000676164	0.000734486	0.000794685	0.000859797	0.000941575	0.001036873
680	1.99446E-06	7.92107E-05	0.000154924	0.000225098	0.000287813	0.000352173	0.000410668	0.000480765	0.000536453	0.000598327	0.000658663	0.000713994	0.000771852	0.000834567	0.000915168	0.001009235
681	2.0262E-06	7.77551E-05	0.000151413	0.000220115	0.000281625	0.000344305	0.000401134	0.000471579	0.000525131	0.00058471	0.000644353	0.000698613	0.000752785	0.000814881	0.000891505	0.000984095
682	2.25162E-06	7.62811E-05	0.000147983	0.000214816	0.000275332	0.000336424	0.000391844	0.000462342	0.00051449	0.000570791	0.000630191	0.000684332	0.000734415	0.000796602	0.000867859	0.00095834
683	2.54329E-06	7.4791E-05	0.000144646	0.000209365	0.000269208	0.00032873	0.000382887	0.000452315	0.000503769	0.00055672	0.000615705	0.000669823	0.000716721	0.000778773	0.000845234	0.000932994
684	2.77784E-06	7.32791E-05	0.000141401	0.000203914	0.000263485	0.000321385	0.00037433	0.000440836	0.000492256	0.00054264	0.000600474	0.000653864	0.000699659	0.000760488	0.000824529	0.000908998
685	2.88378E-06	7.16501E-05	0.000138096	0.000198478	0.000257901	0.000314141	0.000365957	0.000428134	0.000479812	0.000528598	0.000584676	0.000636442	0.000682876	0.000741459	0.000805456	0.000886312
686	2.82648E-06	6.98589E-05	0.000134691	0.000193282	0.00025227	0.00030696	0.000357922	0.000415636	0.000467374	0.000515371	0.000569738	0.000619258	0.00066685	0.000722886	0.000788182	0.000865597
687	2.5622E-06	6.76389E-05	0.000130718	0.000187942	0.000245608	0.000298836	0.000349255	0.000403476	0.000454421	0.000502118	0.00055531	0.000602083	0.000649966	0.000703713	0.000770398	0.000844801
688	2.1003E-06	6.49454E-05	0.000126076	0.00018242	0.000237617	0.000289513	0.00033972	0.000392218	0.000441197	0.000488836	0.0005417	0.000585499	0.000631938	0.000684119	0.000751343	0.000823462
689	1.61466E-06	6.21071E-05	0.000121165	0.000176792	0.000228977	0.00027963	0.000329648	0.000381606	0.000427995	0.000475546	0.000528331	0.000569439	0.000613391	0.000664539	0.000731257	0.000801845
690	1.31532E-06	5.95345E-05	0.000116497	0.000171162	0.000220577	0.000270015	0.000319489	0.000371208	0.000415123	0.000462279	0.000514438	0.000553701	0.000595145	0.000645469	0.000710595	0.00078037
691	1.40771E-06	5.76619E-05	0.000112636	0.000165723	0.000213411	0.000261631	0.000309864	0.000360801	0.000403107	0.000449315	0.000499555	0.000538386	0.000578331	0.000627748	0.000690201	0.000759876
692	1.88071E-06	5.64927E-05	0.000109603	0.000160433	0.000207536	0.00025446	0.000300684	0.000350013	0.000391705	0.000436398	0.000483404	0.00052306	0.000562735	0.000611035	0.000669976	0.000739977
693	2.48139E-06	5.56543E-05	0.000107017	0.000155297	0.000202355	0.000247879	0.000291658	0.000338987	0.000380573	0.000423517	0.000466867	0.0005077	0.00054772	0.000594853	0.00065007	0.000720341
694	2.94072E-06	5.47479E-05	0.000104468	0.000150315	0.000197226	0.000241217	0.000282469	0.000327886	0.000369346	0.000410661	0.000450881	0.000492289	0.000532605	0.00057869	0.000630627	0.000700609
695	3.03322E-06	5.34398E-05	0.00010161	0.000145495	0.000191598	0.000233912	0.000272881	0.000316896	0.000357748	0.000397841	0.000436227	0.000476823	0.000516832	0.000562103	0.000611754	0.000680469
696	2.80981E-06	5.18435E-05	9.85665E-05	0.000140981	0.000185661	0.000226258	0.000263319	0.00030654	0.000346287	0.000385467	0.00042296	0.000461666	0.000500954	0.000545429	0.00059371	0.000660309
697	2.41912E-06	5.01551E-05	9.54756E-05	0.000136741	0.000179577	0.000218503	0.000254032	0.000296977	0.000335209	0.000373481	0.000410195	0.000446584	0.000485137	0.000528426	0.000575867	0.000639729
698	2.01384E-06	4.86092E-05	9.25469E-05	0.00013284	0.000173643	0.000211057	0.000245461	0.000288582	0.000325006	0.000362095	0.000397334	0.000431666	0.000469902	0.000511232	0.000558004	0.000618787
699	1.71124E-06	4.73157E-05	8.99021E-05	0.000129281	0.000168049	0.000204201	0.00023785	0.000281282	0.000315841	0.000351342	0.000384182	0.000417091	0.00045549	0.000494038	0.000540099	0.000597723
700	1.56634E-06	4.61697E-05	8.75099E-05	0.000125953	0.000162807	0.000197988	0.00023111	0.000274236	0.000307302	0.000340952	0.000371238	0.000403197	0.000441662	0.000477121	0.000522471	0.000577089
701	1.63213E-06	4.51344E-05	8.54966E-05	0.000122981	0.00015823	0.000192842	0.000225571	0.000267057	0.000299522	0.000331289	0.000359805	0.000391128	0.000428995	0.000461704	0.0005065	0.000558605
702	1.93994E-06	4.39966E-05	8.36305E-05	0.000119983	0.000153965	0.000188342	0.000220606	0.000258372	0.000291441	0.000321372	0.000349624	0.000380335	0.00041632	0.00044706	0.000491424	0.000541594
703	2.37123E-06	4.27416E-05	8.18125E-05	0.000116852	0.000149894	0.000184045	0.000215813	0.000248628	0.000283098	0.000311253	0.0003405	0.000370369	0.000403701	0.000433137	0.000477156	0.000525797
704	2.72328E-06	4.14107E-05	7.99168E-05	0.000113487	0.000145839	0.000179272	0.000210654	0.000238958	0.000274789	0.000301158	0.000331853	0.000360378	0.000391378	0.000419712	0.000463391	0.000510531
705	2.78824E-06	4.00466E-05	7.78144E-05	0.000109785	0.000141622	0.000173325	0.000204574	0.000230523	0.000266816	0.000291319	0.000323089	0.000349488	0.000379597	0.000406554	0.000449811	0.000495095
706	2.50386E-06	3.86519E-05	7.53628E-05	0.000105648	0.000136949	0.000165783	0.000197155	0.000223649	0.000258966	0.000281525	0.000313414	0.000336942	0.000368043	0.00039312	0.000435722	0.000478561
707	2.15851E-06	3.73457E-05	7.28021E-05	0.000101568	0.000132028	0.000157781	0.000189368	0.000217929	0.000251251	0.000272072	0.000303311	0.000324112	0.000357109	0.000380291	0.000421941	0.000462107
708	2.08972E-06	3.61995E-05	7.03016E-05	9.7944E-05	0.000126906	0.0001504	0.000182062	0.000212468	0.000243277	0.000262852	0.000292916	0.000312111	0.000346672	0.000368495	0.000408767	0.000446407
709	2.59904E-06	3.52707E-05	6.80154E-05	9.51364E-05	0.000121649	0.000144655	0.000176016	0.000206416	0.000234688	0.00025377	0.000282373	0.000301976	0.000336593	0.000358094	0.000396452	0.000432078
710	3.5011E-06	3.44408E-05	6.58851E-05	9.29589E-05	0.000116554	0.000140544	0.000171096	0.000199637	0.000225685	0.000244895	0.000271894	0.000293604	0.000326642	0.00034864	0.000384636	0.000418941
711	4.2869E-06	3.34396E-05	6.3645E-05	9.077E-05	0.000111948	0.00013725	0.000166387	0.000192255	0.000216598	0.00023615	0.000261454	0.000285844	0.000316184	0.000338787	0.000372157	0.000405863
712	4.44122E-06	3.20651E-05	6.1165E-05	8.81114E-05	0.000108419	0.000134235	0.000161314	0.000184834	0.000208257	0.000227984	0.000251617	0.000278142	0.000305278	0.000327911	0.000358656	0.000392583
713	3.73287E-06	3.0257E-05	5.83556E-05	8.46527E-05	0.000106042	0.000130917	0.000155438	0.000177621	0.000200965	0.000220441	0.000242513	0.000269798	0.000293776	0.000315449	0.000343821	0.000378649
714	2.67335E-06	2.84168E-05	5.54204E-05	8.06613E-05	0.000103916	0.000127017	0.000149144	0.000170603	0.00019431	0.000213212	0.000233933	0.000260582	0.000281921	0.000302	0.00032855	0.000364305
715	1.89898E-06	2.70249E-05	5.26125E-05	7.65029E-05	0.000100972	0.000122299	0.000142956	0.000163726	0.00018776	0.000205927	0.000225613	0.000250334	0.000270023	0.000288355	0.000313946	0.00034991
716	1.99794E-06	2.65422E-05	5.0221E-05	7.26049E-05	9.63275E-05	0.000116681	0.000137485	0.000157088	0.000180979	0.000198426	0.000217488	0.000239166	0.000258615	0.000275535	0.000301313	0.000336124
717	2.82998E-06	2.67538E-05	4.82635E-05	6.91204E-05	9.03032E-05	0.000110449	0.000132481	0.000150526	0.000173717	0.000190548	0.000209135	0.000227358	0.000247495	0.000263606	0.000290245	0.000322748
718	3.76344E-06	2.70443E-05	4.66905E-05	6.61872E-05	8.4263E-05	0.000104413	0.000127428	0.00014407	0.0001662	0.000182584	0.000200383	0.000215866	0.000236558	0.000252626	0.000279861	0.000309777
719	4.1455E-06	2.67783E-05	4.5449E-05	6.3944E-05	7.96142E-05	9.94048E-05	0.00012179	0.000137749	0.000158663	0.000174836	0.000191058	0.000205668	0.000225694	0.000242646	0.000269254	0.000297203
720	3.65375E-06	2.56181E-05	4.44159E-05	6.23524E-05	7.70862E-05	9.58693E-05	0.000115404	0.000131632	0.000151303	0.00016752	0.000181281	0.000197318	0.000214953	0.000233555	0.000257889	0.000284986
721	2.79488E-06	2.39472E-05	4.32436E-05	6.08591E-05	7.56057E-05	9.31568E-05	0.000108895	0.000125724	0.000144048	0.00016043	0.000171697	0.000190048	0.000204539	0.000224566	0.000245885	0.000272683
722	2.2203E-06	2.23334E-05	4.16618E-05	5.89875E-05	7.40081E-05	9.069E-05	0.000103325	0.000120368	0.000137179	0.000153732	0.000163517	0.000183395	0.000195243	0.000215385	0.000234139	0.000260527
723	2.51832E-06	2.12738E-05	3.93925E-05	5.62516E-05	7.11407E-05	8.78134E-05	9.95029E-05	0.000115725	0.000130794	0.000147374	0.000157605	0.000176693	0.000187518	0.0002055	0.000223191	0.000248428
724	3.56724E-06	2.07761E-05	3.67006E-05	5.2968E-05	6.71874E-05	8.44155E-05	9.70051E-05	0.000111768	0.000125081	0.000141239	0.000153494	0.000169876	0.000181043	0.000195238	0.00021315	0.000236695
725	4.81417E-06	2.05516E-05	3.41824E-05	4.99416E-05	6.31436E-05	8.0714E-05	9.46582E-05	0.000108359	0.000120281	0.000135172	0.000149902	0.000163245	0.000175028	0.000185444	0.000203867	0.000225882
726	5.68893E-06	2.02884E-05	3.24217E-05	4.79567E-05	5.99819E-05	7.68758E-05	9.11948E-05	0.000105275	0.000116548	0.000128914	0.000145409	0.000156985	0.000168538	0.000176839	0.000195036	0.000216384
727	5.9118E-06	1.98577E-05	3.17639E-05	4.73414E-05	5.82651E-05	7.32088E-05	8.62579E-05	0.000102403	0.000113896	0.000122625	0.000139483	0.000151402	0.000161357	0.000170009	0.000186796	0.000208553
728	5.78201E-06	1.94273E-05	3.19309E-05	4.7295E-05	5.74638E-05	6.99875E-05	8.0984E-05	9.94436E-05	0.000111585	0.000116784	0.000132835	0.0001464	0.00015406	0.000164522	0.000179386	0.000201761
729	5.67313E-06	1.92048E-05	3.25688E-05	4.68748E-05	5.69161E-05	6.74936E-05	7.67139E-05	9.60783E-05	0.000108786	0.000111927	0.000126347	0.000141851	0.000147345	0.000159834	0.000173086	0.000195277
730	5.91115E-06	1.93548E-05	3.33238E-05	4.52794E-05	5.60304E-05	6.59478E-05	7.45884E-05	9.20719E-05	0.000104802	0.00010849	0.000120834	0.000137633	0.000141806	0.000155446	0.0001681	0.000188451
731	6.41575E-06	1.96632E-05	3.38234E-05	4.2803E-05	5.47275E-05	6.4978E-05	7.39895E-05	8.77054E-05	9.98551E-05	0.000105938	0.000116328	0.000133487	0.000136994	0.000151001	0.000163821	0.000181054
732	6.94029E-06	1.98141E-05	3.38144E-05	4.0424E-05	5.33813E-05	6.41871E-05	7.37629E-05	8.38532E-05	9.49964E-05	0.000103692	0.000112959	0.000129619	0.000132511	0.000146806	0.000159897	0.000173771
733	7.22965E-06	1.94644E-05	3.29971E-05	3.90458E-05	5.22767E-05	6.30736E-05	7.26389E-05	8.12355E-05	9.11074E-05	0.000101003	0.000110653	0.000126008	0.000127736	0.000142914	0.000155711	0.000166985
734	7.19276E-06	1.8583E-05	3.14057E-05	3.89817E-05	5.14961E-05	6.1415E-05	7.02403E-05	8.0006E-05	8.85784E-05	9.76284E-05	0.000109103	0.00012252	0.000122606	0.000139231	0.000151049	0.000161019
735	6.97736E-06	1.75922E-05	2.95601E-05	3.96861E-05	5.08278E-05	5.93959E-05	6.74877E-05	7.94942E-05	8.70846E-05	9.40617E-05	0.000107668	0.000118856	0.000117864	0.000135445	0.000146282	0.000156106
736	6.76465E-06	1.69873E-05	2.80785E-05	4.06245E-05	5.01367E-05	5.73498E-05	6.55427E-05	7.91199E-05	8.64174E-05	9.10419E-05	0.000105891	0.000114933	0.000114557	0.000131494	0.000142115	0.000152783
737	6.69344E-06	1.70907E-05	2.73548E-05	4.11844E-05	4.91413E-05	5.53657E-05	6.50416E-05	7.81119E-05	8.60202E-05	8.88037E-05	0.000103062	0.000110344	0.000113008	0.000126912	0.00013857	0.000150828
738	6.8419E-06	1.77458E-05	2.73126E-05	4.12494E-05	4.79574E-05	5.36263E-05	6.54918E-05	7.65113E-05	8.55344E-05	8.71491E-05	9.96124E-05	0.000105692	0.000112542	0.000122234	0.000135498	0.000149687
739	7.26637E-06	1.86381E-05	2.7713E-05	4.08281E-05	4.67915E-05	5.23072E-05	6.6011E-05	7.45572E-05	8.46031E-05	8.5687E-05	9.62576E-05	0.000101821	0.000112102	0.000118218	0.000132605	0.000148602
740	8.01582E-06	1.94556E-05	2.83155E-05	3.99378E-05	4.58433E-05	5.15733E-05	6.57378E-05	7.24902E-05	8.28858E-05	8.40407E-05	9.36963E-05	9.95357E-05	0.00011066	0.000115593	0.000129602	0.000146837
741	8.98246E-06	2.00402E-05	2.89362E-05	3.87805E-05	4.51494E-05	5.13466E-05	6.45267E-05	7.0539E-05	8.05097E-05	8.22676E-05	9.21467E-05	9.87095E-05	0.000108174	0.000114342	0.000126519	0.000144394
742	9.90089E-06	2.0347E-05	2.94021E-05	3.76723E-05	4.45284E-05	5.12493E-05	6.27997E-05	6.88171E-05	7.79155E-05	8.07059E-05	9.12462E-05	9.82042E-05	0.000105352	0.000113593	0.000123489	0.000141748
743	1.04994E-05	2.0345E-05	2.95521E-05	3.69608E-05	4.38132E-05	5.09143E-05	6.10428E-05	6.74761E-05	7.5609E-05	7.97563E-05	9.06562E-05	9.68804E-05	0.000103007	0.000112488	0.000120723	0.00013948
744	1.06626E-05	2.00715E-05	2.93306E-05	3.68386E-05	4.29727E-05	5.01348E-05	5.95981E-05	6.65666E-05	7.39723E-05	7.95643E-05	9.00868E-05	9.41549E-05	0.000101669	0.000110519	0.000118324	0.000137835
745	1.06965E-05	1.97453E-05	2.89636E-05	3.70768E-05	4.23411E-05	4.91389E-05	5.84127E-05	6.58689E-05	7.30453E-05	7.95892E-05	8.93869E-05	9.09492E-05	0.00010111	0.000108131	0.000116107	0.000136153
746	1.09877E-05	1.9629E-05	2.87427E-05	3.73933E-05	4.23407E-05	4.82555E-05	5.73978E-05	6.51496E-05	7.28505E-05	7.92102E-05	8.84727E-05	8.84947E-05	0.000101024	0.000105985	0.000113892	0.000133687
747	1.18581E-05	1.99462E-05	2.88979E-05	3.74972E-05	4.32727E-05	4.77349E-05	5.64266E-05	6.41565E-05	7.32885E-05	7.78066E-05	8.71914E-05	8.77667E-05	0.000100979	0.000104537	0.000111428	0.000129659
748	1.31342E-05	2.07399E-05	2.93751E-05	3.74115E-05	4.476E-05	4.75839E-05	5.56149E-05	6.31351E-05	7.39196E-05	7.55986E-05	8.56682E-05	8.82717E-05	0.000100448	0.000103404	0.00010895	0.000124433
749	1.43861E-05	2.19569E-05	2.99675E-05	3.73093E-05	4.60655E-05	4.76725E-05	5.51866E-05	6.25686E-05	7.41065E-05	7.32145E-05	8.41467E-05	8.87405E-05	9.8826E-05	0.00010175	0.000106912	0.00011892
750	1.5181E-05	2.35386E-05	3.04654E-05	3.73644E-05	4.64458E-05	4.78704E-05	5.53649E-05	6.29377E-05	7.32137E-05	7.12907E-05	8.28714E-05	8.7898E-05	9.55194E-05	9.87421E-05	0.000105767	0.000114046
751	1.54182E-05	2.53466E-05	3.08161E-05	3.76775E-05	4.5698E-05	4.82722E-05	5.62181E-05	6.42954E-05	7.13828E-05	7.02727E-05	8.20495E-05	8.5675E-05	9.10819E-05	9.46904E-05	0.000105718	0.000110584
752	1.53476E-05	2.69853E-05	3.09879E-05	3.80189E-05	4.4057E-05	4.89787E-05	5.72631E-05	6.5728E-05	6.93489E-05	6.9912E-05	8.13265E-05	8.30812E-05	8.7025E-05	9.08399E-05	0.000105977	0.000108404
753	1.52817E-05	2.80779E-05	3.10143E-05	3.82091E-05	4.18942E-05	5.01959E-05	5.80834E-05	6.63633E-05	6.80678E-05	7.0061E-05	8.04791E-05	8.14199E-05	8.51796E-05	8.87523E-05	0.000105894	0.000107564
754	1.54704E-05	2.83767E-05	3.09728E-05	3.81571E-05	3.96652E-05	5.1936E-05	5.83764E-05	6.5612E-05	6.8137E-05	7.05274E-05	7.93894E-05	8.155E-05	8.66174E-05	8.94381E-05	0.000105006	0.000107869
755	1.59171E-05	2.81247E-05	3.10962E-05	3.80995E-05	3.80991E-05	5.35049E-05	5.82773E-05	6.39591E-05	6.88054E-05	7.09698E-05	7.83331E-05	8.2649E-05	8.95623E-05	9.18232E-05	0.000103577	0.000108211
756	1.65982E-05	2.77303E-05	3.17139E-05	3.84208E-05	3.80713E-05	5.41267E-05	5.81261E-05	6.22552E-05	6.91188E-05	7.113E-05	7.78184E-05	8.36386E-05	9.17097E-05	9.45E-05	0.000102216	0.000107438
757	1.74324E-05	2.74908E-05	3.30073E-05	3.93342E-05	4.02215E-05	5.29397E-05	5.8035E-05	6.11056E-05	6.79771E-05	7.05392E-05	7.80289E-05	8.32331E-05	9.06297E-05	9.58013E-05	0.000101132	0.000104198
758	1.83514E-05	2.75052E-05	3.46981E-05	4.06103E-05	4.38816E-05	5.0533E-05	5.78894E-05	6.07718E-05	6.57327E-05	6.9371E-05	7.86158E-05	8.15136E-05	8.67921E-05	9.53287E-05	0.000100126	9.96351E-05
759	1.9277E-05	2.77224E-05	3.61879E-05	4.17033E-05	4.75256E-05	4.8343E-05	5.73715E-05	6.12384E-05	6.35644E-05	6.81219E-05	7.8813E-05	7.93174E-05	8.23663E-05	9.33633E-05	9.8639E-05	9.63314E-05
760	2.01295E-05	2.80895E-05	3.68626E-05	4.20516E-05	4.95823E-05	4.78474E-05	5.61587E-05	6.24792E-05	6.26876E-05	6.73042E-05	7.78359E-05	7.75141E-05	7.95949E-05	9.02114E-05	9.6096E-05	9.69329E-05
761	2.08733E-05	2.86122E-05	3.65587E-05	4.14531E-05	4.94721E-05	4.93702E-05	5.42938E-05	6.40765E-05	6.33491E-05	6.69971E-05	7.55138E-05	7.64353E-05	7.91906E-05	8.63005E-05	9.23426E-05	0.000101507
762	2.16445E-05	2.95295E-05	3.59704E-05	4.04567E-05	4.83418E-05	5.17898E-05	5.2646E-05	6.5377E-05	6.46999E-05	6.69957E-05	7.29831E-05	7.60208E-05	8.00227E-05	8.26944E-05	8.83388E-05	0.000106855
763	2.25621E-05	3.10566E-05	3.58145E-05	3.96121E-05	4.74223E-05	5.37518E-05	5.2073E-05	6.55794E-05	6.56669E-05	6.69454E-05	7.13763E-05	7.60372E-05	8.06372E-05	8.03725E-05	8.49852E-05	0.000109255
764	2.36788E-05	3.32018E-05	3.6559E-05	3.93624E-05	4.75967E-05	5.4221E-05	5.30645E-05	6.42089E-05	6.54605E-05	6.65864E-05	7.14762E-05	7.63099E-05	7.99455E-05	7.99828E-05	8.29632E-05	0.000106157
765	2.48069E-05	3.52411E-05	3.7751E-05	3.97386E-05	4.84457E-05	5.33765E-05	5.47679E-05	6.19844E-05	6.43597E-05	6.6017E-05	7.27641E-05	7.68863E-05	7.82432E-05	8.09458E-05	8.21232E-05	9.93807E-05
766	2.56512E-05	3.61992E-05	3.86477E-05	4.06027E-05	4.91556E-05	5.15712E-05	5.59024E-05	5.97935E-05	6.27667E-05	6.52911E-05	7.42762E-05	7.77144E-05	7.59934E-05	8.22364E-05	8.19696E-05	9.15805E-05
767	2.60478E-05	3.53838E-05	3.87184E-05	4.19294E-05	4.91614E-05	4.93984E-05	5.55256E-05	5.86898E-05	6.13177E-05	6.46996E-05	7.53206E-05	7.89469E-05	7.39478E-05	8.31614E-05	8.23186E-05	8.56532E-05
768	2.61594E-05	3.35315E-05	3.81208E-05	4.33054E-05	4.85406E-05	4.75268E-05	5.39986E-05	5.87453E-05	6.02802E-05	6.42256E-05	7.52281E-05	7.97958E-05	7.24509E-05	8.33011E-05	8.29181E-05	8.23465E-05
769	2.63493E-05	3.21847E-05	3.74186E-05	4.4145E-05	4.77625E-05	4.6729E-05	5.24362E-05	5.95742E-05	5.97953E-05	6.37552E-05	7.34052E-05	7.90379E-05	7.17153E-05	8.24574E-05	8.35606E-05	8.13794E-05
770	2.69801E-05	3.28828E-05	3.71794E-05	4.38679E-05	4.73007E-05	4.77655E-05	5.19577E-05	6.07763E-05	5.99902E-05	6.31769E-05	6.9289E-05	7.54731E-05	7.19411E-05	8.04481E-05	8.40313E-05	8.24387E-05
771	2.80598E-05	3.57073E-05	3.75403E-05	4.25186E-05	4.72734E-05	5.04109E-05	5.27633E-05	6.19143E-05	6.04965E-05	6.25281E-05	6.36017E-05	6.95506E-05	7.28031E-05	7.76078E-05	8.4014E-05	8.47131E-05
772	2.9225E-05	3.90952E-05	3.8194E-05	4.0933E-05	4.74563E-05	5.33682E-05	5.4062E-05	6.26015E-05	6.04618E-05	6.21139E-05	5.86576E-05	6.37465E-05	7.34764E-05	7.49903E-05	8.32027E-05	8.69403E-05
773	3.00698E-05	4.13402E-05	3.87816E-05	3.99862E-05	4.75758E-05	5.52268E-05	5.49625E-05	6.24138E-05	5.8957E-05	6.22263E-05	5.68709E-05	6.06613E-05	7.30513E-05	7.36684E-05	8.12406E-05	8.77609E-05
774	3.04088E-05	4.14764E-05	3.91278E-05	4.02358E-05	4.74961E-05	5.52236E-05	5.49355E-05	6.1187E-05	5.57804E-05	6.29327E-05	5.93183E-05	6.1581E-05	7.1094E-05	7.40898E-05	7.81697E-05	8.64847E-05
775	3.06115E-05	4.04132E-05	3.95195E-05	4.14308E-05	4.74286E-05	5.42317E-05	5.43713E-05	5.94096E-05	5.25455E-05	6.37388E-05	6.37141E-05	6.44767E-05	6.83692E-05	7.51326E-05	7.50199E-05	8.4109E-05
776	3.11419E-05	3.93676E-05	4.03227E-05	4.31932E-05	4.76449E-05	5.33957E-05	5.38118E-05	5.76833E-05	5.11814E-05	6.40571E-05	6.72123E-05	6.6773E-05	6.58444E-05	7.54148E-05	7.29983E-05	8.19142E-05
777	3.23543E-05	3.93601E-05	4.18078E-05	4.51527E-05	4.83265E-05	5.36118E-05	5.36977E-05	5.65642E-05	5.31379E-05	6.34351E-05	6.7516E-05	6.63675E-05	6.43444E-05	7.38913E-05	7.2996E-05	8.09297E-05
778	3.3973E-05	4.02255E-05	4.37076E-05	4.70466E-05	4.91625E-05	5.43256E-05	5.38912E-05	5.63254E-05	5.70706E-05	6.22614E-05	6.56777E-05	6.40671E-05	6.3847E-05	7.15535E-05	7.409E-05	8.07199E-05
779	3.54989E-05	4.1385E-05	4.55635E-05	4.8644E-05	4.96653E-05	5.44709E-05	5.40507E-05	5.71462E-05	6.06441E-05	6.12208E-05	6.39252E-05	6.16972E-05	6.4036E-05	7.01126E-05	7.47129E-05	8.03339E-05
780	3.64622E-05	4.22876E-05	4.69282E-05	4.97251E-05	4.93959E-05	5.30687E-05	5.38673E-05	5.91512E-05	6.16462E-05	6.09658E-05	6.43532E-05	6.09962E-05	6.46001E-05	7.11522E-05	7.33946E-05	7.88819E-05
