Name	0	17	34	51	68	85	102	119	136	153	170	187	204	221	238	255
Date	15/02/2018	15/02/2018	15/02/2018	15/02/2018	15/02/2018	15/02/2018	15/02/2018	15/02/2018	15/02/2018	15/02/2018	15/02/2018	15/02/2018	15/02/2018	15/02/2018	15/02/2018	15/02/2018
Time	06:55pm	06:57pm	06:59pm	07:01pm	07:04pm	07:06pm	07:08pm	07:11pm	07:12pm	07:14pm	07:16pm	07:18pm	07:19pm	07:21pm	07:22pm	07:24pm
Integration time [ms]	60000	60000	60000	60000	60000	60000	35067	26305	20288	16110	12939	8571	8571	6355	5531	4687
Luminance[cd/sqm]	3.62E-01	3.57E-01	6.51E-01	1.27E+00	2.23E+00	3.28E+00	5.68E+00	8.10E+00	1.10E+01	1.43E+01	1.82E+01	2.29E+01	2.74E+01	3.24E+01	3.82E+01	4.64E+01
Radiance[W/sr*sqm]	2.31E-03	2.41E-03	3.82E-03	6.81E-03	1.15E-02	1.67E-02	2.86E-02	4.04E-02	5.48E-02	7.09E-02	9.03E-02	1.14E-01	1.37E-01	1.62E-01	1.91E-01	2.33E-01
CCT [K]	8710	7525	0	1391	1217	1126	1084	0	0	0	0	0	0	0	0	0
DWl[nm]	479	444	-495	625	618	616	615	614	613	613	613	613	612	612	612	611
PE[%]	18.1	15.5	30.8	53.4	67.2	74.5	79.6	82.5	84.1	85.7	86.9	87.9	88.7	89.7	90.4	91.6
x	0.2901	0.3068	0.4374	0.5293	0.5707	0.5935	0.6083	0.6166	0.6213	0.626	0.6294	0.632	0.634	0.6367	0.6387	0.6415
y	0.2957	0.2839	0.3032	0.3155	0.32	0.3215	0.3235	0.3251	0.3256	0.3264	0.3269	0.3277	0.3284	0.329	0.3294	0.3305
u'	0.1944	0.2118	0.3036	0.3696	0.4006	0.4187	0.4294	0.4352	0.4388	0.442	0.4445	0.4461	0.447	0.4488	0.4501	0.4515
v'	0.4459	0.441	0.4735	0.4958	0.5054	0.5102	0.5139	0.5162	0.5173	0.5186	0.5194	0.5203	0.521	0.5218	0.5224	0.5234
Reference Illuminant	daylight >7000K	daylight >7000K	daylight >7000K	Planckian radiator	Planckian radiator	Planckian radiator	Planckian radiator	Planckian radiator	Planckian radiator	Planckian radiator	Planckian radiator	Planckian radiator	Planckian radiator	Planckian radiator	Planckian radiator	Planckian radiator
CCT [K]	8710	7525	7525	1391	1217	1126	1084	1084	1084	1084	1084	1084	1084	1084	1084	1084
R1	99.5	75.3	75.3	91.7	71.3	58.3	48.8	48.8	48.8	48.8	48.8	48.8	48.8	48.8	48.8	48.8
R2	88.4	92.2	92.2	79.9	90.9	97	96.2	96.2	96.2	96.2	96.2	96.2	96.2	96.2	96.2	96.2
R3	71.7	70.8	70.8	52.7	48.3	43	41.4	41.4	41.4	41.4	41.4	41.4	41.4	41.4	41.4	41.4
R4	83.4	68.9	68.9	80.7	55	36.6	23.4	23.4	23.4	23.4	23.4	23.4	23.4	23.4	23.4	23.4
R5	96.3	82.7	82.7	96.2	77.5	61.3	48.9	48.9	48.9	48.9	48.9	48.9	48.9	48.9	48.9	48.9
R6	81.9	88.2	88.2	45.4	61.9	71.3	80.6	80.6	80.6	80.6	80.6	80.6	80.6	80.6	80.6	80.6
R7	85.5	84.7	84.7	45	39.2	35.2	33.9	33.9	33.9	33.9	33.9	33.9	33.9	33.9	33.9	33.9
R8	89.2	73.5	73.5	27.9	9.7	-1.1	-7	-7	-7	-7	-7	-7	-7	-7	-7	-7
R9	98	38	38	-14.2	-50.6	-71	-83.5	-83.5	-83.5	-83.5	-83.5	-83.5	-83.5	-83.5	-83.5	-83.5
R10	66.1	86.9	86.9	56	75.9	86.3	95.6	95.6	95.6	95.6	95.6	95.6	95.6	95.6	95.6	95.6
R11	82.3	65.9	65.9	86	80.6	59.4	41.4	41.4	41.4	41.4	41.4	41.4	41.4	41.4	41.4	41.4
R12	59	76.7	76.7	-18.7	5.2	18.4	35.6	35.6	35.6	35.6	35.6	35.6	35.6	35.6	35.6	35.6
R13	96.8	79.6	79.6	91.1	87.5	74.8	65	65	65	65	65	65	65	65	65	65
R14	83.6	81	81	76.3	73.3	70	68.6	68.6	68.6	68.6	68.6	68.6	68.6	68.6	68.6	68.6
Ra	86.98	79.55	79.55	64.96	56.72	50.2	45.76	45.76	45.76	45.76	45.76	45.76	45.76	45.76	45.76	45.76
																
wavelength [nm]	Radiance[W/(sr*sqm*nm)]	Radiance[W/(sr*sqm*nm)]	Radiance[W/(sr*sqm*nm)]	Radiance[W/(sr*sqm*nm)]	Radiance[W/(sr*sqm*nm)]	Radiance[W/(sr*sqm*nm)]	Radiance[W/(sr*sqm*nm)]	Radiance[W/(sr*sqm*nm)]	Radiance[W/(sr*sqm*nm)]	Radiance[W/(sr*sqm*nm)]	Radiance[W/(sr*sqm*nm)]	Radiance[W/(sr*sqm*nm)]	Radiance[W/(sr*sqm*nm)]	Radiance[W/(sr*sqm*nm)]	Radiance[W/(sr*sqm*nm)]	Radiance[W/(sr*sqm*nm)]
																
380	2.9698E-07	0	1.76783E-06	0	1.45426E-06	5.7769E-07	4.92985E-07	3.40832E-07	7.73149E-07	0	6.77561E-08	1.49534E-06	9.34179E-07	4.39926E-07	1.38087E-06	0
381	3.89253E-07	0	2.36009E-06	0	1.76924E-06	2.45534E-07	1.87933E-07	4.73762E-07	3.47374E-07	0	3.75829E-08	7.30547E-07	1.32186E-06	1.36761E-07	6.3444E-07	0
382	4.39179E-07	1.20247E-10	2.54669E-06	1.80043E-08	1.82984E-06	5.44937E-09	5.89456E-09	5.78916E-07	1.17095E-08	8.90199E-09	1.11524E-08	4.83676E-07	1.45848E-06	2.20395E-08	3.39851E-08	1.76343E-08
383	4.35775E-07	1.26597E-07	2.20029E-06	3.43986E-07	1.56068E-06	0	0	6.41531E-07	0	0	0	9.36282E-07	1.24706E-06	1.00363E-07	0	8.31286E-07
384	3.99161E-07	2.46025E-07	1.52152E-06	7.01768E-07	1.08657E-06	0	6.00136E-08	6.61121E-07	0	0	0	1.80699E-06	8.25512E-07	2.98164E-07	0	1.84082E-06
385	3.55279E-07	3.23646E-07	7.73199E-07	9.91775E-07	5.70098E-07	1.18584E-07	2.09886E-07	6.40557E-07	0	0	0	2.72651E-06	3.767E-07	5.28866E-07	0	2.83442E-06
386	3.3182E-07	3.32135E-07	1.96028E-07	1.13807E-06	1.607E-07	3.73935E-07	3.85153E-07	5.89867E-07	0	0	0	3.40293E-06	6.72402E-08	7.23089E-07	0	3.66621E-06
387	3.4595E-07	2.36586E-07	0	1.04216E-06	0	7.08152E-07	5.4403E-07	5.01541E-07	4.17196E-08	5.35537E-08	1.66584E-08	3.49156E-06	4.52849E-08	8.02348E-07	1.05012E-07	4.12579E-06
388	4.00616E-07	5.2097E-08	2.50087E-07	7.06196E-07	9.45876E-08	1.08429E-06	6.59391E-07	3.82992E-07	1.74927E-07	2.75796E-07	4.47522E-08	2.89989E-06	3.56673E-07	7.3534E-07	4.29533E-07	4.14016E-06
389	4.6501E-07	0	7.57662E-07	2.91969E-07	3.86726E-07	1.43042E-06	7.27335E-07	2.52892E-07	3.03002E-07	5.25837E-07	6.6287E-08	1.93071E-06	8.51725E-07	5.65136E-07	7.40156E-07	3.83141E-06
390	5.06033E-07	0	1.30445E-06	0	7.47002E-07	1.67375E-06	7.46478E-07	1.30362E-07	4.16236E-07	7.33173E-07	6.77361E-08	9.15791E-07	1.36642E-06	3.40781E-07	9.7932E-07	3.33696E-06
391	4.92001E-07	0	1.68369E-06	0	1.06579E-06	1.74463E-06	7.15552E-07	3.37353E-08	5.05367E-07	8.30295E-07	3.61361E-08	1.7317E-07	1.7437E-06	1.09296E-07	1.09194E-06	2.78878E-06
392	3.953E-07	3.86917E-07	1.7082E-06	2.52322E-07	1.24255E-06	1.58156E-06	6.33725E-07	0	5.6168E-07	7.57409E-07	0	0	1.84063E-06	0	1.02918E-06	2.30788E-06
393	2.37404E-07	1.04728E-06	1.38887E-06	9.35218E-07	1.26004E-06	1.21912E-06	5.08921E-07	0	5.80936E-07	5.42339E-07	0	3.44186E-07	1.65351E-06	0	8.13828E-07	1.92731E-06
394	7.84116E-08	1.74569E-06	8.9301E-07	1.72814E-06	1.16693E-06	7.67512E-07	3.55877E-07	0	5.62439E-07	2.8194E-07	0	9.69661E-07	1.28862E-06	0	5.25139E-07	1.61017E-06
395	0	2.29845E-06	3.86038E-07	2.40494E-06	1.01192E-06	3.349E-07	1.88964E-07	0	5.05624E-07	7.13529E-08	0	1.60329E-06	8.5135E-07	0	2.4095E-07	1.31891E-06
396	0	2.53048E-06	2.69255E-08	2.74983E-06	8.42304E-07	2.52385E-08	2.20032E-08	4.38271E-09	4.10175E-07	2.00388E-09	0	1.9934E-06	4.43234E-07	0	3.60773E-08	1.01804E-06
397	1.55477E-07	2.31234E-06	0	2.5982E-06	6.98777E-07	0	0	0	2.79462E-07	1.38524E-07	2.97834E-07	1.94425E-06	1.48254E-07	2.93259E-07	0	6.86584E-07
398	4.10809E-07	1.75622E-06	7.42427E-08	2.05145E-06	6.00622E-07	0	0	0	1.41094E-07	4.11588E-07	7.27932E-07	1.54067E-06	0	6.54116E-07	7.25488E-08	3.87671E-07
399	6.63289E-07	1.0527E-06	3.29481E-07	1.29781E-06	5.5924E-07	1.42001E-07	0	0	3.00846E-08	7.0835E-07	1.19256E-06	9.59759E-07	0	9.81623E-07	3.31185E-07	2.10953E-07
400	8.22996E-07	3.85683E-07	6.04308E-07	5.18928E-07	5.8562E-07	3.32104E-07	2.89222E-08	0	0	9.19922E-07	1.61624E-06	3.72403E-07	0	1.18934E-06	7.50704E-07	2.42926E-07
401	8.06051E-07	0	8.04793E-07	0	6.92426E-07	4.86858E-07	4.58126E-07	1.75408E-08	2.40083E-08	9.44601E-07	1.93237E-06	0	4.03991E-08	1.19794E-06	1.33548E-06	5.68353E-07
402	5.88517E-07	0	8.7361E-07	0	8.68666E-07	5.65063E-07	1.0985E-06	1.06146E-07	1.67529E-07	7.47325E-07	2.08902E-06	0	1.96916E-07	9.80509E-07	2.03928E-06	1.18299E-06
403	2.86205E-07	0	8.3776E-07	0	1.06205E-06	5.78318E-07	1.80056E-06	2.26627E-07	3.60392E-07	4.47918E-07	2.08987E-06	0	3.61197E-07	6.40244E-07	2.71726E-06	1.89655E-06
404	3.01387E-08	6.3624E-09	7.34288E-07	0	1.21584E-06	5.44638E-07	2.40039E-06	3.6554E-07	5.46018E-07	1.83241E-07	1.94507E-06	0	4.85908E-07	2.94445E-07	3.21476E-06	2.49872E-06
405	0	1.70102E-07	5.99413E-07	0	1.27455E-06	4.81636E-07	2.73771E-06	5.09738E-07	6.69088E-07	8.71081E-08	1.66457E-06	1.50032E-07	5.24766E-07	5.78016E-08	3.38055E-06	2.78391E-06
406	1.58098E-07	2.3253E-07	4.67498E-07	2.82515E-07	1.18793E-06	4.06784E-07	2.66549E-06	6.46298E-07	6.78466E-07	2.82541E-07	1.26105E-06	3.69999E-07	4.36475E-07	3.77664E-08	3.07857E-06	2.56602E-06
407	6.23211E-07	1.82254E-07	3.50254E-07	8.49652E-07	9.72768E-07	3.39335E-07	2.20128E-06	7.57719E-07	5.74105E-07	7.46055E-07	7.93483E-07	5.8829E-07	2.50092E-07	2.53865E-07	2.3732E-06	1.92065E-06
408	1.17741E-06	8.29789E-08	2.40566E-07	1.38434E-06	7.03904E-07	3.00408E-07	1.50493E-06	8.22988E-07	4.00004E-07	1.32937E-06	3.61574E-07	8.47675E-07	5.49945E-08	6.50687E-07	1.50213E-06	1.14841E-06
409	1.65338E-06	0	1.30833E-07	1.76314E-06	4.56598E-07	3.10757E-07	7.37746E-07	8.21397E-07	2.00727E-07	1.88308E-06	6.43415E-08	1.19165E-06	0	1.17146E-06	7.0398E-07	5.51296E-07
410	1.88727E-06	0	1.36123E-08	1.86512E-06	3.04555E-07	3.90708E-07	5.77302E-08	7.32663E-07	1.9919E-08	2.26083E-06	0	1.66282E-06	0	1.7606E-06	2.12455E-07	4.25067E-07
411	1.75816E-06	1.16813E-07	0	1.61034E-06	3.03311E-07	5.51749E-07	0	5.50418E-07	0	2.35319E-06	2.30939E-07	2.28602E-06	2.84532E-07	2.37152E-06	2.11903E-07	9.89058E-07
412	1.34894E-06	3.18911E-07	0	1.11627E-06	4.17499E-07	7.58024E-07	0	3.37144E-07	0	2.22131E-06	6.71544E-07	2.98577E-06	7.70589E-07	2.98985E-06	6.45877E-07	2.08119E-06
413	8.09681E-07	5.29233E-07	0	5.65222E-07	5.83033E-07	9.59067E-07	0	1.77852E-07	0	1.98336E-06	1.18179E-06	3.65636E-06	1.38097E-06	3.61334E-06	1.38079E-06	3.41774E-06
414	2.87877E-07	6.763E-07	0	1.36342E-07	7.36935E-07	1.10529E-06	0	1.5607E-07	1.83174E-07	1.75547E-06	1.62531E-06	4.1939E-06	2.04465E-06	4.23979E-06	2.28537E-06	4.71991E-06
415	0	6.90398E-07	8.50252E-08	4.51594E-09	8.17762E-07	1.14834E-06	2.19944E-07	3.53155E-07	5.83201E-07	1.65135E-06	1.86926E-06	4.49714E-06	2.69235E-06	4.86709E-06	3.23122E-06	5.71529E-06
416	0	5.54594E-07	4.8456E-07	2.31309E-07	8.09309E-07	1.07903E-06	9.23829E-07	7.81212E-07	1.15486E-06	1.7501E-06	1.90196E-06	4.55423E-06	3.31335E-06	5.50972E-06	4.16059E-06	6.30019E-06
417	0	3.4082E-07	9.64062E-07	6.76019E-07	7.69363E-07	9.4881E-07	1.71073E-06	1.32423E-06	1.84957E-06	2.05669E-06	1.91302E-06	4.47539E-06	3.97726E-06	6.16932E-06	5.11111E-06	6.6211E-06
418	0	1.31696E-07	1.43787E-06	1.1778E-06	7.65102E-07	8.18082E-07	2.46418E-06	1.85396E-06	2.61439E-06	2.57271E-06	2.11632E-06	4.39418E-06	4.7673E-06	6.8576E-06	6.13664E-06	6.86282E-06
419	1.6548E-07	9.12244E-09	1.82107E-06	1.57722E-06	8.63112E-07	7.46736E-07	3.06873E-06	2.24325E-06	3.39685E-06	3.29975E-06	2.72391E-06	4.443E-06	5.76598E-06	7.58617E-06	7.29058E-06	7.20856E-06
420	3.05632E-07	4.77992E-08	2.03487E-06	1.72946E-06	1.12364E-06	7.90814E-07	3.42046E-06	2.38147E-06	4.14804E-06	4.23565E-06	3.92405E-06	4.74907E-06	7.04605E-06	8.36936E-06	8.62294E-06	7.83241E-06
421	4.1261E-07	2.42216E-07	2.06651E-06	1.65297E-06	1.53531E-06	9.64868E-07	3.54474E-06	2.34708E-06	4.85633E-06	5.33123E-06	5.63311E-06	5.38793E-06	8.56716E-06	9.25363E-06	1.01451E-05	8.81268E-06
422	5.33545E-07	5.33599E-07	1.94856E-06	1.47575E-06	2.03997E-06	1.25634E-06	3.55509E-06	2.34549E-06	5.53778E-06	6.50913E-06	7.58983E-06	6.40366E-06	1.02187E-05	1.03122E-05	1.18485E-05	1.0169E-05
423	7.15903E-07	8.62754E-07	1.71366E-06	1.32622E-06	2.57894E-06	1.65209E-06	3.56477E-06	2.58193E-06	6.2079E-06	7.69138E-06	9.53145E-06	7.83818E-06	1.18883E-05	1.16163E-05	1.37226E-05	1.19178E-05
424	1.00669E-06	1.17106E-06	1.39413E-06	1.33155E-06	3.09411E-06	2.13913E-06	3.68597E-06	3.25965E-06	6.88207E-06	8.80073E-06	1.11978E-05	9.73301E-06	1.34647E-05	1.32363E-05	1.57568E-05	1.40755E-05
425	1.43031E-06	1.41888E-06	1.03941E-06	1.5791E-06	3.54852E-06	2.71022E-06	4.01648E-06	4.50586E-06	7.60119E-06	9.80687E-06	1.24406E-05	1.20996E-05	1.49104E-05	1.52327E-05	1.79545E-05	1.66564E-05
426	1.93282E-06	1.63032E-06	7.58757E-07	2.0201E-06	3.97523E-06	3.37621E-06	4.60452E-06	6.18548E-06	8.49078E-06	1.08349E-05	1.34878E-05	1.48385E-05	1.64322E-05	1.76241E-05	2.0358E-05	1.96586E-05
427	2.4455E-06	1.84464E-06	6.7443E-07	2.57851E-06	4.42617E-06	4.15474E-06	5.49156E-06	8.11299E-06	9.70202E-06	1.20536E-05	1.46605E-05	1.78406E-05	1.83051E-05	2.0437E-05	2.30374E-05	2.3095E-05
428	2.89987E-06	2.10005E-06	9.0658E-07	3.17848E-06	4.95112E-06	5.06219E-06	6.71672E-06	1.01033E-05	1.13808E-05	1.36252E-05	1.62704E-05	2.09933E-05	2.07937E-05	2.36907E-05	2.60542E-05	2.69718E-05
429	3.23054E-06	2.43349E-06	1.56924E-06	3.74677E-06	5.5984E-06	6.1136E-06	8.31591E-06	1.19781E-05	1.36652E-05	1.57058E-05	1.86179E-05	2.41896E-05	2.4152E-05	2.74041E-05	2.94704E-05	3.12944E-05
430	3.43811E-06	2.85691E-06	2.63863E-06	4.26045E-06	6.39077E-06	7.29094E-06	1.02446E-05	1.36935E-05	1.65095E-05	1.83239E-05	2.17685E-05	2.74461E-05	2.84051E-05	3.15791E-05	3.33857E-05	3.60644E-05
431	3.60073E-06	3.35828E-06	3.94197E-06	4.75792E-06	7.33081E-06	8.54899E-06	1.23825E-05	1.5372E-05	1.96859E-05	2.13904E-05	2.55557E-05	3.09523E-05	3.33609E-05	3.62398E-05	3.79843E-05	4.1325E-05
432	3.79196E-06	3.91796E-06	5.29445E-06	5.2706E-06	8.40554E-06	9.82477E-06	1.45833E-05	1.71124E-05	2.29212E-05	2.47689E-05	2.97531E-05	3.4842E-05	3.87535E-05	4.13393E-05	4.33777E-05	4.7039E-05
433	4.08847E-06	4.51918E-06	6.51429E-06	5.8339E-06	9.60835E-06	1.10626E-05	1.67108E-05	1.90262E-05	2.59596E-05	2.83419E-05	3.41568E-05	3.92754E-05	4.43457E-05	4.68618E-05	4.97095E-05	5.32045E-05
434	4.55958E-06	5.15458E-06	7.45864E-06	6.48858E-06	1.09315E-05	1.22255E-05	1.86588E-05	2.12131E-05	2.86147E-05	3.20178E-05	3.85998E-05	4.43787E-05	4.99503E-05	5.27982E-05	5.70721E-05	5.98263E-05
435	5.23464E-06	5.87119E-06	8.20513E-06	7.30768E-06	1.23604E-05	1.33837E-05	2.0491E-05	2.37073E-05	3.10946E-05	3.58529E-05	4.31224E-05	5.00856E-05	5.5663E-05	5.91789E-05	6.52642E-05	6.69483E-05
436	6.13602E-06	6.74361E-06	8.92108E-06	8.38582E-06	1.38952E-05	1.46637E-05	2.23592E-05	2.65524E-05	3.37901E-05	4.00056E-05	4.78987E-05	5.63304E-05	6.17566E-05	6.61298E-05	7.40716E-05	7.47202E-05
437	7.27368E-06	7.83205E-06	9.75286E-06	9.79985E-06	1.55058E-05	1.61586E-05	2.43643E-05	2.97342E-05	3.7014E-05	4.45459E-05	5.29959E-05	6.29257E-05	6.83667E-05	7.36315E-05	8.31213E-05	8.31275E-05
438	8.66225E-06	9.20174E-06	1.0854E-05	1.16327E-05	1.71755E-05	1.79752E-05	2.66285E-05	3.3263E-05	4.1109E-05	4.95807E-05	5.85264E-05	6.97377E-05	7.56858E-05	8.17269E-05	9.21116E-05	9.22263E-05
439	1.02535E-05	1.08323E-05	1.22537E-05	1.38415E-05	1.88637E-05	2.01151E-05	2.9178E-05	3.70478E-05	4.6073E-05	5.50254E-05	6.4418E-05	7.65594E-05	8.36237E-05	9.02354E-05	0.000100748	0.000101834
440	1.18958E-05	1.25631E-05	1.37771E-05	1.61771E-05	2.04914E-05	2.24082E-05	3.18812E-05	4.08309E-05	5.13378E-05	6.04821E-05	7.02963E-05	8.30623E-05	9.16254E-05	9.86105E-05	0.000108749	0.000111379
441	1.34444E-05	1.42374E-05	1.52491E-05	1.83934E-05	2.20023E-05	2.46981E-05	3.46334E-05	4.43925E-05	5.63509E-05	6.56026E-05	7.58493E-05	8.90136E-05	9.9212E-05	0.000106399	0.000115972	0.000120394
442	1.47257E-05	1.56686E-05	1.64612E-05	2.02055E-05	2.3291E-05	2.67747E-05	3.72541E-05	4.74146E-05	6.04364E-05	6.98931E-05	8.05967E-05	9.39805E-05	0.000105685	0.000112911	0.000122012	0.000128149
443	1.55964E-05	1.66987E-05	1.72431E-05	2.13714E-05	2.42788E-05	2.84602E-05	3.95938E-05	4.96443E-05	6.3035E-05	7.29578E-05	8.41589E-05	9.76419E-05	0.000110483	0.000117607	0.000126596	0.000134066
444	1.60685E-05	1.73077E-05	1.76256E-05	2.1878E-05	2.49274E-05	2.96488E-05	4.14784E-05	5.10093E-05	6.41172E-05	7.46799E-05	8.63665E-05	9.9853E-05	0.000113382	0.000120306	0.000129528	0.000137867
445	1.62313E-05	1.75447E-05	1.77403E-05	2.18266E-05	2.52181E-05	3.0271E-05	4.27208E-05	5.15279E-05	6.39195E-05	7.50823E-05	8.71558E-05	0.000100558	0.000114325	0.000121011	0.000130655	0.00013942
446	1.61754E-05	1.74595E-05	1.77199E-05	2.13202E-05	2.5133E-05	3.02577E-05	4.31341E-05	5.12201E-05	6.26821E-05	7.41903E-05	8.64648E-05	9.97016E-05	0.00011326	0.000119727	0.000129825	0.000138602
447	1.5991E-05	1.71017E-05	1.76967E-05	2.04612E-05	2.46534E-05	2.95393E-05	4.25303E-05	5.01041E-05	6.06428E-05	7.2027E-05	8.42292E-05	9.72279E-05	0.000110129	0.000116458	0.000126882	0.000135279
448	1.57334E-05	1.65299E-05	1.77209E-05	1.93596E-05	2.37911E-05	2.81513E-05	4.08691E-05	4.82471E-05	5.79955E-05	6.87073E-05	8.0521E-05	9.32031E-05	0.000105052	0.000111356	0.000121863	0.000129556
449	1.53853E-05	1.58205E-05	1.76713E-05	1.81401E-05	2.26208E-05	2.63477E-05	3.84165E-05	4.58154E-05	5.48382E-05	6.4534E-05	7.56936E-05	8.79475E-05	9.85148E-05	0.000104888	0.000115208	0.000122014
450	1.49204E-05	1.50528E-05	1.74049E-05	1.69294E-05	2.12253E-05	2.44103E-05	3.54775E-05	4.29883E-05	5.12575E-05	5.98341E-05	7.01362E-05	8.18141E-05	9.10469E-05	9.75601E-05	0.000107404	0.000113297
451	1.42902E-05	1.42841E-05	1.67527E-05	1.58304E-05	1.96574E-05	2.25872E-05	3.23085E-05	3.98843E-05	4.72675E-05	5.48514E-05	6.41408E-05	7.50417E-05	8.30535E-05	8.97412E-05	9.87887E-05	0.000103893
452	1.34981E-05	1.36084E-05	1.56218E-05	1.49827E-05	1.80356E-05	2.11726E-05	2.92592E-05	3.67461E-05	4.30483E-05	4.99962E-05	5.82011E-05	6.81136E-05	7.51957E-05	8.20733E-05	9.00191E-05	9.46044E-05
453	1.25836E-05	1.29994E-05	1.41142E-05	1.43471E-05	1.6444E-05	2.01346E-05	2.64565E-05	3.36602E-05	3.87755E-05	4.54E-05	5.25472E-05	6.12975E-05	6.77351E-05	7.47476E-05	8.14329E-05	8.57235E-05
454	1.16202E-05	1.23749E-05	1.24602E-05	1.37971E-05	1.49665E-05	1.92751E-05	2.39323E-05	3.06632E-05	3.46706E-05	4.10897E-05	4.73236E-05	5.48139E-05	6.0789E-05	6.77867E-05	7.32858E-05	7.73538E-05
455	1.06819E-05	1.16522E-05	1.08912E-05	1.32053E-05	1.36871E-05	1.83949E-05	2.17172E-05	2.77911E-05	3.09546E-05	3.70906E-05	4.26731E-05	4.88819E-05	5.44726E-05	6.12115E-05	6.58318E-05	6.95959E-05
456	9.85128E-06	1.07594E-05	9.64632E-06	1.2457E-05	1.27008E-05	1.7312E-05	1.98602E-05	2.5103E-05	2.78739E-05	3.34598E-05	3.87742E-05	4.37605E-05	4.89463E-05	5.50942E-05	5.93791E-05	6.2609E-05
457	9.1587E-06	9.65513E-06	8.83422E-06	1.14831E-05	1.20165E-05	1.59052E-05	1.83298E-05	2.25915E-05	2.55026E-05	3.01831E-05	3.56154E-05	3.95072E-05	4.42057E-05	4.94113E-05	5.39707E-05	5.63992E-05
458	8.57257E-06	8.42821E-06	8.32813E-06	1.03861E-05	1.152E-05	1.42865E-05	1.70271E-05	2.0245E-05	2.36904E-05	2.72813E-05	3.2982E-05	3.5982E-05	4.01608E-05	4.42437E-05	4.93981E-05	5.09935E-05
459	8.05139E-06	7.18366E-06	7.96748E-06	9.29049E-06	1.10783E-05	1.25968E-05	1.58408E-05	1.80471E-05	2.22517E-05	2.47747E-05	3.06249E-05	3.30111E-05	3.6702E-05	3.96782E-05	4.5409E-05	4.64118E-05
460	7.55361E-06	6.02657E-06	7.59161E-06	8.32062E-06	1.05583E-05	1.09775E-05	1.46597E-05	1.59817E-05	2.10008E-05	2.26836E-05	2.82954E-05	3.04207E-05	3.37198E-05	3.58016E-05	4.17509E-05	4.26739E-05
461	7.05138E-06	5.06391E-06	7.06672E-06	7.60064E-06	9.85587E-06	9.57533E-06	1.34036E-05	1.40581E-05	1.97937E-05	2.10466E-05	2.58056E-05	2.80842E-05	3.11517E-05	3.27278E-05	3.82453E-05	3.98365E-05
462	6.53014E-06	4.33026E-06	6.40614E-06	7.11638E-06	8.98406E-06	8.42223E-06	1.20701E-05	1.22931E-05	1.85574E-05	1.97137E-05	2.31292E-05	2.5856E-05	2.88597E-05	3.02633E-05	3.47825E-05	3.76208E-05
463	6.00753E-06	3.83834E-06	5.73378E-06	6.79999E-06	8.05888E-06	7.51949E-06	1.07498E-05	1.07607E-05	1.73278E-05	1.8498E-05	2.04261E-05	2.36777E-05	2.6771E-05	2.81511E-05	3.14289E-05	3.56891E-05
464	5.50158E-06	3.60057E-06	5.17556E-06	6.58238E-06	7.19809E-06	6.86786E-06	9.53478E-06	9.53588E-06	1.61422E-05	1.72101E-05	1.78594E-05	2.1491E-05	2.48124E-05	2.61309E-05	2.82527E-05	3.37004E-05
465	5.03037E-06	3.62915E-06	4.85766E-06	6.3941E-06	6.51977E-06	6.46781E-06	8.51754E-06	8.69364E-06	1.50376E-05	1.56607E-05	1.55927E-05	1.9238E-05	2.29104E-05	2.3942E-05	2.53222E-05	3.13125E-05
466	4.6165E-06	3.89857E-06	4.82763E-06	6.19072E-06	6.08301E-06	6.2912E-06	7.74931E-06	8.2631E-06	1.40366E-05	1.38259E-05	1.37641E-05	1.69623E-05	2.10603E-05	2.15133E-05	2.27225E-05	2.84371E-05
467	4.25746E-06	4.27851E-06	4.93523E-06	5.9349E-06	5.77938E-06	6.20528E-06	7.13805E-06	8.11803E-06	1.30273E-05	1.19198E-05	1.23549E-05	1.47902E-05	1.92439E-05	1.90057E-05	2.0401E-05	2.52992E-05
468	3.95949E-06	4.63185E-06	5.01478E-06	5.60421E-06	5.49366E-06	6.07747E-06	6.59322E-06	8.13179E-06	1.19145E-05	1.02267E-05	1.13647E-05	1.29065E-05	1.74948E-05	1.66681E-05	1.83487E-05	2.22397E-05
469	3.72894E-06	4.81957E-06	4.89836E-06	5.17592E-06	5.10909E-06	5.7734E-06	6.02301E-06	8.17602E-06	1.0602E-05	9.03476E-06	1.07932E-05	1.14984E-05	1.5847E-05	1.47527E-05	1.65565E-05	1.96041E-05
470	3.56838E-06	4.71765E-06	4.44306E-06	4.63407E-06	4.5262E-06	5.17911E-06	5.35041E-06	8.13096E-06	9.01604E-06	8.5862E-06	1.06243E-05	1.07238E-05	1.43331E-05	1.34774E-05	1.502E-05	1.76969E-05
471	3.43687E-06	4.32564E-06	3.71768E-06	4.00746E-06	3.78798E-06	4.34851E-06	4.61449E-06	7.93428E-06	7.25572E-06	8.68396E-06	1.06756E-05	1.04427E-05	1.29256E-05	1.2706E-05	1.37308E-05	1.63936E-05
472	3.30159E-06	3.74587E-06	2.93471E-06	3.38599E-06	3.04652E-06	3.46321E-06	3.95665E-06	7.62172E-06	5.58064E-06	8.98132E-06	1.07705E-05	1.0454E-05	1.16851E-05	1.22353E-05	1.28017E-05	1.54994E-05
473	3.11694E-06	3.06482E-06	2.29083E-06	2.84216E-06	2.43715E-06	2.68587E-06	3.4983E-06	7.2016E-06	4.21513E-06	9.09941E-06	1.06953E-05	1.05164E-05	1.06185E-05	1.1811E-05	1.22892E-05	1.47516E-05
474	2.83812E-06	2.36907E-06	1.98076E-06	2.44778E-06	2.09377E-06	2.17784E-06	3.35935E-06	6.68247E-06	3.38134E-06	8.66338E-06	1.02384E-05	1.03905E-05	9.7323E-06	1.11809E-05	1.22479E-05	1.38899E-05
475	2.47422E-06	1.75368E-06	2.06879E-06	2.22588E-06	2.05685E-06	2.01219E-06	3.55819E-06	6.09095E-06	3.15453E-06	7.56892E-06	9.34815E-06	9.96889E-06	9.02705E-06	1.0255E-05	1.25953E-05	1.28187E-05
476	2.11683E-06	1.32456E-06	2.40341E-06	2.11622E-06	2.21124E-06	2.1149E-06	3.94088E-06	5.47117E-06	3.36558E-06	6.13552E-06	8.21288E-06	9.33667E-06	8.47484E-06	9.18489E-06	1.29996E-05	1.16831E-05
477	1.87551E-06	1.19505E-06	2.82243E-06	2.06068E-06	2.43654E-06	2.40679E-06	4.35359E-06	4.89564E-06	3.83613E-06	4.75444E-06	7.08426E-06	8.64117E-06	8.08463E-06	8.1895E-06	1.31636E-05	1.07064E-05
478	1.8529E-06	1.47252E-06	3.16084E-06	1.99642E-06	2.60892E-06	2.80469E-06	4.63671E-06	4.42215E-06	4.38217E-06	3.79527E-06	6.19013E-06	8.00646E-06	7.84473E-06	7.46212E-06	1.27666E-05	1.00804E-05
479	2.11958E-06	2.21716E-06	3.28104E-06	1.87677E-06	2.62748E-06	3.22832E-06	4.66009E-06	4.09744E-06	4.84007E-06	3.55353E-06	5.71349E-06	7.53423E-06	7.73794E-06	7.1508E-06	1.15796E-05	9.94679E-06
480	2.5696E-06	3.22735E-06	3.19373E-06	1.74368E-06	2.51579E-06	3.61016E-06	4.45372E-06	3.90842E-06	5.15395E-06	3.92131E-06	5.59333E-06	7.20502E-06	7.71568E-06	7.15589E-06	9.87698E-06	1.01712E-05
481	3.03183E-06	4.20554E-06	2.95683E-06	1.6673E-06	2.33717E-06	3.88193E-06	4.0972E-06	3.81579E-06	5.2981E-06	4.64442E-06	5.676E-06	6.9474E-06	7.70768E-06	7.28174E-06	8.09512E-06	1.05089E-05
482	3.34431E-06	4.8667E-06	2.63722E-06	1.72181E-06	2.16169E-06	3.98676E-06	3.68242E-06	3.79154E-06	5.26234E-06	5.48154E-06	5.82489E-06	6.71105E-06	7.66643E-06	7.3549E-06	6.69414E-06	1.07466E-05
483	3.3498E-06	4.93705E-06	2.29575E-06	1.9736E-06	2.05327E-06	3.86691E-06	3.29249E-06	3.80304E-06	5.03163E-06	6.1942E-06	5.89966E-06	6.43758E-06	7.53623E-06	7.20033E-06	6.09747E-06	1.06671E-05
484	3.04017E-06	4.42518E-06	1.98089E-06	2.37765E-06	2.03733E-06	3.54475E-06	2.98565E-06	3.83968E-06	4.64228E-06	6.66845E-06	5.82887E-06	6.12189E-06	7.31981E-06	6.81096E-06	6.35333E-06	1.02579E-05
485	2.56663E-06	3.6416E-06	1.72794E-06	2.76978E-06	2.09815E-06	3.12826E-06	2.79358E-06	3.91436E-06	4.18549E-06	6.92335E-06	5.6147E-06	5.81581E-06	7.08242E-06	6.35932E-06	7.10889E-06	9.72512E-06
486	2.09092E-06	2.91412E-06	1.57455E-06	2.98869E-06	2.22306E-06	2.73427E-06	2.75232E-06	4.0499E-06	3.76229E-06	6.99971E-06	5.27452E-06	5.58562E-06	6.90676E-06	6.03784E-06	8.01378E-06	9.30323E-06
487	1.76191E-06	2.55159E-06	1.55085E-06	2.86164E-06	2.39057E-06	2.46479E-06	2.8859E-06	4.25191E-06	3.45441E-06	6.90663E-06	4.80025E-06	5.47165E-06	6.84374E-06	6.00964E-06	8.69023E-06	9.18223E-06
488	1.6849E-06	2.74722E-06	1.66984E-06	2.31646E-06	2.57928E-06	2.3932E-06	3.19813E-06	4.51239E-06	3.32305E-06	6.67393E-06	4.23056E-06	5.50945E-06	6.9332E-06	6.37839E-06	8.8889E-06	9.47824E-06
489	1.80195E-06	3.28619E-06	1.87442E-06	1.59208E-06	2.75316E-06	2.47432E-06	3.60511E-06	4.75091E-06	3.32929E-06	6.35126E-06	3.71522E-06	5.675E-06	7.12595E-06	7.00521E-06	8.73149E-06	9.99285E-06
490	2.02199E-06	3.87122E-06	2.09339E-06	9.89953E-07	2.87335E-06	2.63898E-06	4.00534E-06	4.87257E-06	3.41392E-06	5.99213E-06	3.4261E-06	5.9322E-06	7.35487E-06	7.70222E-06	8.41498E-06	1.04642E-05
491	2.25846E-06	4.21405E-06	2.25997E-06	8.11483E-07	2.90638E-06	2.8234E-06	4.30559E-06	4.79156E-06	3.52432E-06	5.65993E-06	3.54057E-06	6.25636E-06	7.56675E-06	8.29736E-06	8.15E-06	1.06509E-05
492	2.4258E-06	4.04203E-06	2.30753E-06	1.31928E-06	2.81616E-06	2.96046E-06	4.40945E-06	4.41952E-06	3.60315E-06	5.39239E-06	4.19909E-06	6.59978E-06	7.6874E-06	8.60403E-06	8.0984E-06	1.03056E-05
493	2.53159E-06	3.42241E-06	2.25947E-06	2.37362E-06	2.66033E-06	3.05423E-06	4.35492E-06	3.85087E-06	3.68091E-06	5.19263E-06	5.26139E-06	6.9032E-06	7.71644E-06	8.59606E-06	8.23287E-06	9.55859E-06
494	2.63988E-06	2.63213E-06	2.19361E-06	3.58042E-06	2.5523E-06	3.15067E-06	4.26034E-06	3.28943E-06	3.83956E-06	5.03494E-06	6.40669E-06	7.09358E-06	7.69176E-06	8.33999E-06	8.3975E-06	8.7666E-06
495	2.81571E-06	1.95195E-06	2.18876E-06	4.54081E-06	2.60657E-06	3.29649E-06	4.24551E-06	2.94112E-06	4.16198E-06	4.89308E-06	7.31075E-06	7.09757E-06	7.65193E-06	7.90397E-06	8.43407E-06	8.29039E-06
496	3.12576E-06	1.66211E-06	2.32463E-06	4.86216E-06	2.93849E-06	3.54041E-06	4.4324E-06	3.01249E-06	4.7334E-06	4.74442E-06	7.65712E-06	6.8478E-06	7.64066E-06	7.36191E-06	8.19181E-06	8.49348E-06
497	3.58064E-06	1.87209E-06	2.61038E-06	4.41744E-06	3.55106E-06	3.88618E-06	4.84728E-06	3.56392E-06	5.5453E-06	4.58402E-06	7.34979E-06	6.36788E-06	7.6696E-06	6.81173E-06	7.65916E-06	9.43347E-06
498	4.1052E-06	2.41064E-06	2.94333E-06	3.5394E-06	4.26629E-06	4.27182E-06	5.36855E-06	4.41892E-06	6.44403E-06	4.45157E-06	6.6851E-06	5.85609E-06	7.71995E-06	6.41615E-06	7.08416E-06	1.06793E-05
499	4.61556E-06	3.07877E-06	3.20951E-06	2.60595E-06	4.88796E-06	4.62861E-06	5.85962E-06	5.37743E-06	7.26115E-06	4.39087E-06	5.99776E-06	5.52779E-06	7.76941E-06	6.34422E-06	6.7402E-06	1.17506E-05
500	5.02745E-06	3.67651E-06	3.29438E-06	1.99686E-06	5.21884E-06	4.88749E-06	6.18327E-06	6.23837E-06	7.82736E-06	4.44593E-06	5.62416E-06	5.59941E-06	7.79553E-06	6.76585E-06	6.90201E-06	1.21649E-05
501	5.25708E-06	4.03197E-06	3.11835E-06	1.99945E-06	5.10592E-06	4.98446E-06	6.22402E-06	6.81782E-06	7.9968E-06	4.63577E-06	5.80334E-06	6.20132E-06	7.77123E-06	7.76055E-06	7.73913E-06	1.15669E-05
502	5.3084E-06	4.17196E-06	2.8184E-06	2.49208E-06	4.68968E-06	4.9603E-06	6.0709E-06	7.12333E-06	7.86467E-06	4.93466E-06	6.40389E-06	7.15286E-06	7.77223E-06	9.10054E-06	9.04256E-06	1.03969E-05
503	5.19258E-06	4.16806E-06	2.58117E-06	3.22674E-06	4.17566E-06	4.86799E-06	5.84892E-06	7.19608E-06	7.56699E-06	5.28748E-06	7.16601E-06	8.16362E-06	7.87436E-06	1.04461E-05	1.04696E-05	9.27745E-06
504	4.92073E-06	4.09155E-06	2.59245E-06	3.95652E-06	3.76851E-06	4.76025E-06	5.68255E-06	7.0771E-06	7.23916E-06	5.6394E-06	7.83107E-06	8.9445E-06	8.15306E-06	1.14589E-05	1.1679E-05	8.82829E-06
505	4.50802E-06	4.01058E-06	3.02073E-06	4.44861E-06	3.65906E-06	4.68651E-06	5.68718E-06	6.80904E-06	7.01089E-06	5.93978E-06	8.15853E-06	9.22746E-06	8.67481E-06	1.18252E-05	1.23527E-05	9.61586E-06
506	4.0322E-06	3.95595E-06	3.79831E-06	4.66255E-06	3.85452E-06	4.65518E-06	5.85904E-06	6.46552E-06	6.94356E-06	6.20035E-06	8.1597E-06	9.03829E-06	9.38786E-06	1.15715E-05	1.24957E-05	1.14812E-05
507	3.60856E-06	3.922E-06	4.674E-06	4.69205E-06	4.21696E-06	4.63402E-06	6.09314E-06	6.12906E-06	7.03267E-06	6.46681E-06	8.01694E-06	8.60293E-06	1.01333E-05	1.09538E-05	1.23283E-05	1.37013E-05
508	3.35712E-06	3.90547E-06	5.39462E-06	4.63724E-06	4.60814E-06	4.59373E-06	6.28675E-06	5.88799E-06	7.278E-06	6.79019E-06	7.92287E-06	8.15915E-06	1.07562E-05	1.02425E-05	1.20852E-05	1.55478E-05
509	3.39673E-06	3.90327E-06	5.70921E-06	4.59771E-06	4.89098E-06	4.50542E-06	6.33814E-06	5.82988E-06	7.67886E-06	7.22084E-06	8.06844E-06	7.94306E-06	1.11034E-05	9.70651E-06	1.1999E-05	1.62984E-05
510	3.75656E-06	3.92391E-06	5.53288E-06	4.64255E-06	5.01536E-06	4.37606E-06	6.22478E-06	5.98539E-06	8.19654E-06	7.75354E-06	8.51822E-06	8.07545E-06	1.1123E-05	9.49528E-06	1.21629E-05	1.56928E-05
511	4.29737E-06	3.98774E-06	5.06396E-06	4.77614E-06	5.07402E-06	4.26672E-06	6.05107E-06	6.27042E-06	8.70552E-06	8.26635E-06	9.09274E-06	8.45396E-06	1.0919E-05	9.52604E-06	1.23952E-05	1.42578E-05
512	4.88018E-06	4.13419E-06	4.55537E-06	5.01741E-06	5.19729E-06	4.2638E-06	5.96282E-06	6.61684E-06	9.11026E-06	8.66217E-06	9.6276E-06	8.99045E-06	1.06631E-05	9.73569E-06	1.25432E-05	1.26738E-05
513	5.36002E-06	4.39373E-06	4.24489E-06	5.37496E-06	5.50342E-06	4.44291E-06	6.09044E-06	6.9444E-06	9.29933E-06	8.82906E-06	9.9424E-06	9.58022E-06	1.0501E-05	1.00404E-05	1.24296E-05	1.15782E-05
514	5.63194E-06	4.77823E-06	4.31249E-06	5.84416E-06	6.06346E-06	4.85256E-06	6.51824E-06	7.19614E-06	9.20459E-06	8.7024E-06	9.91699E-06	1.01264E-05	1.05461E-05	1.03742E-05	1.19553E-05	1.14459E-05
515	5.75918E-06	5.22038E-06	4.69641E-06	6.36332E-06	6.74853E-06	5.42656E-06	7.13586E-06	7.41285E-06	8.94136E-06	8.41842E-06	9.68555E-06	1.05627E-05	1.0778E-05	1.07446E-05	1.13541E-05	1.20705E-05
516	5.84981E-06	5.63241E-06	5.2708E-06	6.85625E-06	7.37746E-06	6.06878E-06	7.78192E-06	7.66158E-06	8.67358E-06	8.16644E-06	9.4498E-06	1.08317E-05	1.11409E-05	1.11797E-05	1.09478E-05	1.30651E-05
517	6.0103E-06	5.92696E-06	5.91071E-06	7.24696E-06	7.7703E-06	6.68357E-06	8.29607E-06	8.00804E-06	8.56277E-06	8.13318E-06	9.40859E-06	1.08759E-05	1.15787E-05	1.1706E-05	1.1054E-05	1.40458E-05
518	6.33326E-06	6.02645E-06	6.49641E-06	7.46668E-06	7.76754E-06	7.18134E-06	8.53282E-06	8.50681E-06	8.75286E-06	8.48304E-06	9.73514E-06	1.0652E-05	1.20385E-05	1.23434E-05	1.19437E-05	1.46637E-05
519	6.76537E-06	5.95081E-06	6.95206E-06	7.51639E-06	7.41548E-06	7.52766E-06	8.49308E-06	9.09178E-06	9.20425E-06	9.1471E-06	1.0333E-05	1.02673E-05	1.24943E-05	1.30334E-05	1.33986E-05	1.49149E-05
520	7.16332E-06	5.7801E-06	7.22916E-06	7.44018E-06	6.88746E-06	7.72233E-06	8.26814E-06	9.62252E-06	9.76407E-06	9.91253E-06	1.09394E-05	9.92139E-06	1.29363E-05	1.3669E-05	1.48985E-05	1.5009E-05
521	7.39741E-06	5.60486E-06	7.29352E-06	7.29573E-06	6.36872E-06	7.77996E-06	7.96442E-06	9.97721E-06	1.02982E-05	1.05859E-05	1.13125E-05	9.83159E-06	1.33799E-05	1.41697E-05	1.59529E-05	1.51844E-05
522	7.31559E-06	5.49276E-06	7.08606E-06	7.11239E-06	6.01536E-06	7.68673E-06	7.65643E-06	1.00019E-05	1.06396E-05	1.0942E-05	1.11774E-05	1.01732E-05	1.37924E-05	1.44073E-05	1.60301E-05	1.56193E-05
523	6.92533E-06	5.48415E-06	6.6505E-06	6.91786E-06	5.89164E-06	7.46548E-06	7.41367E-06	9.68639E-06	1.07351E-05	1.09245E-05	1.05367E-05	1.09473E-05	1.41609E-05	1.4369E-05	1.50846E-05	1.63636E-05
524	6.42486E-06	5.56969E-06	6.14727E-06	6.71983E-06	5.92501E-06	7.16864E-06	7.27894E-06	9.18478E-06	1.06564E-05	1.06743E-05	9.72794E-06	1.19044E-05	1.44675E-05	1.41614E-05	1.36704E-05	1.72653E-05
525	6.02471E-06	5.73676E-06	5.74421E-06	6.52466E-06	6.03396E-06	6.85046E-06	7.29312E-06	8.6619E-06	1.04836E-05	1.0345E-05	9.11032E-06	1.27789E-05	1.46941E-05	1.38987E-05	1.23798E-05	1.81591E-05
526	5.93686E-06	5.97496E-06	5.61072E-06	6.34104E-06	6.13958E-06	6.56753E-06	7.49976E-06	8.28518E-06	1.03004E-05	1.00937E-05	9.0452E-06	1.3311E-05	1.48282E-05	1.37E-05	1.18078E-05	1.88875E-05
527	6.24715E-06	6.25171E-06	5.8268E-06	6.1765E-06	6.19852E-06	6.36265E-06	7.8899E-06	8.15537E-06	1.01575E-05	1.002E-05	9.70084E-06	1.33387E-05	1.48624E-05	1.36397E-05	1.22695E-05	1.93141E-05
528	6.71912E-06	6.48854E-06	6.24773E-06	6.05102E-06	6.2766E-06	6.25842E-06	8.3316E-06	8.21645E-06	1.00437E-05	1.00955E-05	1.0752E-05	1.29912E-05	1.48369E-05	1.3707E-05	1.33631E-05	1.94022E-05
529	7.06287E-06	6.5991E-06	6.69139E-06	5.98617E-06	6.4572E-06	6.2736E-06	8.67225E-06	8.38599E-06	9.93679E-06	1.02699E-05	1.17915E-05	1.24447E-05	1.47993E-05	1.38761E-05	1.45679E-05	1.91303E-05
530	6.98882E-06	6.49714E-06	6.97587E-06	6.00356E-06	6.82364E-06	6.42696E-06	8.75942E-06	8.58163E-06	9.81457E-06	1.04932E-05	1.24127E-05	1.18753E-05	1.47967E-05	1.41212E-05	1.53639E-05	1.84771E-05
531	6.29423E-06	6.12877E-06	6.95687E-06	6.11644E-06	7.42329E-06	6.72251E-06	8.48031E-06	8.73294E-06	9.66498E-06	1.07157E-05	1.23002E-05	1.14406E-05	1.4858E-05	1.44073E-05	1.53381E-05	1.74513E-05
532	5.26013E-06	5.62022E-06	6.69938E-06	6.29165E-06	8.10302E-06	7.08172E-06	7.94267E-06	8.83535E-06	9.53229E-06	1.08911E-05	1.16465E-05	1.11957E-05	1.49074E-05	1.46474E-05	1.46735E-05	1.6229E-05
533	4.33524E-06	5.16019E-06	6.341E-06	6.47998E-06	8.64024E-06	7.39749E-06	7.33076E-06	8.90724E-06	9.48032E-06	1.09739E-05	1.08206E-05	1.11601E-05	1.48333E-05	1.47365E-05	1.37597E-05	1.50441E-05
534	3.96803E-06	4.93726E-06	6.01926E-06	6.63224E-06	8.81252E-06	7.56282E-06	6.82876E-06	8.96698E-06	9.57286E-06	1.09188E-05	1.01908E-05	1.13531E-05	1.45239E-05	1.45696E-05	1.29864E-05	1.41307E-05
535	4.55919E-06	5.12027E-06	5.86114E-06	6.70272E-06	8.42313E-06	7.48366E-06	6.60843E-06	9.03128E-06	9.86235E-06	1.06874E-05	1.00931E-05	1.17845E-05	1.38845E-05	1.40592E-05	1.27135E-05	1.3705E-05
536	5.9388E-06	5.64101E-06	5.86631E-06	6.68432E-06	7.57851E-06	7.21773E-06	6.69249E-06	9.09369E-06	1.02618E-05	1.03216E-05	1.04697E-05	1.23432E-05	1.30173E-05	1.33193E-05	1.29466E-05	1.37707E-05
537	7.56499E-06	6.27985E-06	5.95602E-06	6.60194E-06	6.59315E-06	6.92999E-06	7.01147E-06	9.14117E-06	1.06021E-05	9.92556E-06	1.10133E-05	1.28498E-05	1.21674E-05	1.26103E-05	1.34692E-05	1.42036E-05
538	8.88916E-06	6.81315E-06	6.04806E-06	6.4785E-06	5.78114E-06	6.78411E-06	7.4919E-06	9.15727E-06	1.07093E-05	9.60078E-06	1.14088E-05	1.31201E-05	1.15765E-05	1.21893E-05	1.40567E-05	1.48724E-05
539	9.37815E-06	7.02342E-06	6.06255E-06	6.33703E-06	5.44816E-06	6.9374E-06	8.0594E-06	9.126E-06	1.04156E-05	9.44553E-06	1.13507E-05	1.29762E-05	1.14781E-05	1.23041E-05	1.44889E-05	1.56461E-05
540	8.93491E-06	6.86526E-06	5.98476E-06	6.20642E-06	5.66295E-06	7.36471E-06	8.60639E-06	9.04428E-06	9.72675E-06	9.47441E-06	1.08009E-05	1.24293E-05	1.18739E-05	1.29433E-05	1.46702E-05	1.63947E-05
541	7.98106E-06	6.50355E-06	5.88516E-06	6.13239E-06	6.22993E-06	7.84232E-06	9.00167E-06	8.93885E-06	8.86467E-06	9.62084E-06	1.00475E-05	1.17292E-05	1.25173E-05	1.38176E-05	1.46735E-05	1.70171E-05
542	6.93582E-06	6.09114E-06	5.81868E-06	6.14075E-06	6.92026E-06	8.11009E-06	9.0827E-06	8.80725E-06	8.02985E-06	9.7817E-06	9.36019E-06	1.10962E-05	1.31079E-05	1.45783E-05	1.45303E-05	1.73575E-05
543	6.23401E-06	5.79263E-06	5.8502E-06	6.2676E-06	7.51385E-06	7.91973E-06	8.70072E-06	8.66209E-06	7.44027E-06	9.86944E-06	9.02724E-06	1.07724E-05	1.33641E-05	1.48971E-05	1.42966E-05	1.7286E-05
544	6.09104E-06	5.70398E-06	6.00312E-06	6.50971E-06	7.87854E-06	7.2042E-06	7.85037E-06	8.51125E-06	7.22434E-06	9.8407E-06	9.18197E-06	1.0867E-05	1.31531E-05	1.46325E-05	1.40282E-05	1.67825E-05
545	6.28413E-06	5.78396E-06	6.21813E-06	6.78551E-06	8.0579E-06	6.25798E-06	6.81201E-06	8.35305E-06	7.33145E-06	9.74034E-06	9.6483E-06	1.12246E-05	1.26385E-05	1.40159E-05	1.37801E-05	1.60453E-05
546	6.53592E-06	5.97323E-06	6.42405E-06	7.0018E-06	8.11416E-06	5.41793E-06	5.89922E-06	8.18233E-06	7.68741E-06	9.62109E-06	1.02099E-05	1.16544E-05	1.20167E-05	1.33197E-05	1.36036E-05	1.52946E-05
547	6.57161E-06	6.21547E-06	6.55301E-06	7.069E-06	8.11445E-06	5.02564E-06	5.43053E-06	7.99871E-06	8.22181E-06	9.54145E-06	1.06552E-05	1.19714E-05	1.14917E-05	1.28254E-05	1.35581E-05	1.47609E-05
548	6.2176E-06	6.44946E-06	6.55981E-06	6.93444E-06	8.09967E-06	5.28571E-06	5.60466E-06	7.80604E-06	8.85451E-06	9.53006E-06	1.08299E-05	1.20461E-05	1.12085E-05	1.27231E-05	1.36805E-05	1.45944E-05
549	5.64826E-06	6.60338E-06	6.4817E-06	6.6765E-06	8.0296E-06	5.94691E-06	6.22284E-06	7.63059E-06	9.48016E-06	9.52421E-06	1.07836E-05	1.19469E-05	1.11235E-05	1.29076E-05	1.3946E-05	1.46896E-05
550	5.11156E-06	6.603E-06	6.37333E-06	6.40129E-06	7.84686E-06	6.66149E-06	7.00226E-06	7.50341E-06	9.98787E-06	9.44179E-06	1.06085E-05	1.17845E-05	1.11535E-05	1.32116E-05	1.43168E-05	1.48874E-05
551	4.85461E-06	6.3717E-06	6.28745E-06	6.21318E-06	7.49141E-06	7.07824E-06	7.65665E-06	7.45314E-06	1.02629E-05	9.19739E-06	1.03937E-05	1.16656E-05	1.12113E-05	1.34623E-05	1.47498E-05	1.50229E-05
552	5.06544E-06	5.86521E-06	6.27004E-06	6.19738E-06	6.9361E-06	6.92423E-06	7.95707E-06	7.50547E-06	1.02264E-05	8.74504E-06	1.02266E-05	1.16828E-05	1.12385E-05	1.35315E-05	1.52056E-05	1.4981E-05
553	5.58037E-06	5.1923E-06	6.30307E-06	6.30559E-06	6.30514E-06	6.33789E-06	7.96831E-06	7.63901E-06	9.9583E-06	8.22029E-06	1.01397E-05	1.17997E-05	1.12912E-05	1.34846E-05	1.5608E-05	1.48637E-05
554	6.11448E-06	4.51559E-06	6.34707E-06	6.44398E-06	5.7762E-06	5.60098E-06	7.85762E-06	7.81693E-06	9.59479E-06	7.8228E-06	1.01479E-05	1.19369E-05	1.14669E-05	1.34559E-05	1.5869E-05	1.485E-05
555	6.3822E-06	3.99807E-06	6.36249E-06	6.51854E-06	5.52729E-06	4.9959E-06	7.79267E-06	8.00232E-06	9.27238E-06	7.75262E-06	1.02664E-05	1.20146E-05	1.18634E-05	1.35799E-05	1.59009E-05	1.51192E-05
556	6.15441E-06	3.79311E-06	6.32979E-06	6.46308E-06	5.72687E-06	4.78903E-06	7.94249E-06	8.18554E-06	9.13825E-06	8.20408E-06	1.05306E-05	1.20035E-05	1.25975E-05	1.40156E-05	1.5683E-05	1.58748E-05
557	5.51735E-06	3.84559E-06	6.21001E-06	6.25862E-06	6.27644E-06	4.94773E-06	8.23665E-06	8.34552E-06	9.14504E-06	9.06215E-06	1.08301E-05	1.19523E-05	1.35658E-05	1.47006E-05	1.53049E-05	1.70389E-05
558	4.76597E-06	4.01246E-06	5.99144E-06	5.95039E-06	6.96578E-06	5.30909E-06	8.52176E-06	8.50208E-06	9.19639E-06	1.00898E-05	1.10358E-05	1.20237E-05	1.46144E-05	1.55333E-05	1.50118E-05	1.84701E-05
559	4.2009E-06	4.14784E-06	5.6623E-06	5.58464E-06	7.58068E-06	5.70668E-06	8.64134E-06	8.67552E-06	9.19389E-06	1.10454E-05	1.10163E-05	1.23831E-05	1.55866E-05	1.64098E-05	1.50532E-05	2.0024E-05
560	4.10551E-06	4.11429E-06	5.21461E-06	5.20769E-06	7.91456E-06	5.98E-06	8.44962E-06	8.88482E-06	9.04889E-06	1.17E-05	1.06568E-05	1.31823E-05	1.63358E-05	1.72323E-05	1.56684E-05	2.15611E-05
561	4.43352E-06	3.91074E-06	4.68026E-06	4.83884E-06	7.88227E-06	6.06344E-06	7.956E-06	9.09031E-06	8.7999E-06	1.20078E-05	1.00729E-05	1.42825E-05	1.683E-05	1.79382E-05	1.6834E-05	2.29518E-05
562	4.92761E-06	3.68677E-06	4.17759E-06	4.53215E-06	7.58167E-06	6.03168E-06	7.38238E-06	9.30489E-06	8.68195E-06	1.21959E-05	9.67303E-06	1.54664E-05	1.7307E-05	1.86831E-05	1.8494E-05	2.43146E-05
563	5.30845E-06	3.57816E-06	3.80346E-06	4.31938E-06	7.08344E-06	5.93905E-06	6.91962E-06	9.50676E-06	8.89638E-06	1.24513E-05	9.82648E-06	1.64642E-05	1.7946E-05	1.95598E-05	2.05297E-05	2.56907E-05
564	5.30769E-06	3.7149E-06	3.65119E-06	4.23127E-06	6.45895E-06	5.83938E-06	6.7533E-06	9.67618E-06	9.63525E-06	1.2956E-05	1.08864E-05	1.70205E-05	1.8922E-05	2.06616E-05	2.2825E-05	2.71272E-05
565	4.91423E-06	4.09084E-06	3.73157E-06	4.27588E-06	5.80102E-06	5.77802E-06	6.94751E-06	9.84262E-06	1.08725E-05	1.37712E-05	1.2829E-05	1.7233E-05	2.03097E-05	2.2099E-05	2.53277E-05	2.88116E-05
566	4.38364E-06	4.55724E-06	3.96872E-06	4.43672E-06	5.22363E-06	5.79021E-06	7.43841E-06	1.00847E-05	1.23524E-05	1.48292E-05	1.52347E-05	1.75624E-05	2.20752E-05	2.39957E-05	2.80458E-05	3.10717E-05
567	3.98548E-06	4.96081E-06	4.28445E-06	4.69799E-06	4.84393E-06	5.91309E-06	8.15926E-06	1.04872E-05	1.38139E-05	1.60623E-05	1.76719E-05	1.84927E-05	2.41884E-05	2.64851E-05	3.10009E-05	3.42531E-05
568	3.98222E-06	5.14996E-06	4.60042E-06	5.04256E-06	4.77546E-06	6.18179E-06	9.04227E-06	1.11326E-05	1.50006E-05	1.74035E-05	1.97182E-05	2.04972E-05	2.662E-05	2.96968E-05	3.4216E-05	3.86923E-05
569	4.41361E-06	5.05996E-06	4.85384E-06	5.4318E-06	5.04915E-06	6.60197E-06	1.00278E-05	1.20879E-05	1.59205E-05	1.89195E-05	2.13837E-05	2.3807E-05	2.95513E-05	3.38159E-05	3.7974E-05	4.46322E-05
570	5.01566E-06	4.74447E-06	5.0031E-06	5.7977E-06	5.5833E-06	7.13907E-06	1.10672E-05	1.33997E-05	1.69422E-05	2.08595E-05	2.32692E-05	2.83231E-05	3.34515E-05	3.91027E-05	4.29134E-05	5.21876E-05
571	5.50373E-06	4.26591E-06	5.00869E-06	6.07089E-06	6.28894E-06	7.75643E-06	1.21139E-05	1.51145E-05	1.84604E-05	2.34872E-05	2.60184E-05	3.39259E-05	3.88121E-05	4.58262E-05	4.97006E-05	6.14692E-05
572	5.59531E-06	3.68577E-06	4.83106E-06	6.1819E-06	7.07671E-06	8.41685E-06	1.31209E-05	1.7276E-05	2.08638E-05	2.70608E-05	3.02655E-05	4.0493E-05	4.61151E-05	5.42478E-05	5.899E-05	7.25818E-05
573	5.18193E-06	3.0776E-06	4.49326E-06	6.12435E-06	7.8855E-06	9.13295E-06	1.41591E-05	1.9921E-05	2.43605E-05	3.1731E-05	3.6344E-05	4.80426E-05	5.56055E-05	6.45958E-05	7.12076E-05	8.58791E-05
574	4.45439E-06	2.53509E-06	4.12556E-06	5.99969E-06	8.70195E-06	1.00022E-05	1.5501E-05	2.30721E-05	2.88454E-05	3.74618E-05	4.40669E-05	5.68311E-05	6.71167E-05	7.70377E-05	8.63808E-05	0.000102139
575	3.63268E-06	2.15371E-06	3.86854E-06	5.9198E-06	9.51748E-06	1.11301E-05	1.74387E-05	2.67507E-05	3.41827E-05	4.41985E-05	5.31957E-05	6.7138E-05	8.04417E-05	9.17343E-05	0.000104497	0.000122179
576	2.93251E-06	2.02607E-06	3.85774E-06	5.98969E-06	1.03129E-05	1.26086E-05	2.0241E-05	3.09453E-05	4.0195E-05	5.1832E-05	6.34268E-05	7.91577E-05	9.52745E-05	0.000108731	0.000125413	0.000146658
577	2.49307E-06	2.18153E-06	4.15186E-06	6.29627E-06	1.11506E-05	1.45238E-05	2.40918E-05	3.57478E-05	4.69236E-05	6.04799E-05	7.48352E-05	9.32804E-05	0.000111851	0.000128446	0.000149451	0.000176331
578	2.27355E-06	2.50612E-06	4.62852E-06	6.85676E-06	1.22119E-05	1.68923E-05	2.89073E-05	4.13249E-05	5.46877E-05	7.05004E-05	8.80081E-05	0.000109953	0.000131114	0.000151591	0.000177374	0.000211526
579	2.21141E-06	2.86893E-06	5.14396E-06	7.68035E-06	1.36932E-05	1.9723E-05	3.45728E-05	4.78549E-05	6.38428E-05	8.22849E-05	0.000103599	0.000129635	0.000154101	0.000178923	0.000210003	0.000252527
580	2.24461E-06	3.14015E-06	5.55563E-06	8.77608E-06	1.57888E-05	2.30249E-05	4.09746E-05	5.55147E-05	7.47418E-05	9.62214E-05	0.000122257	0.000152782	0.000181839	0.000211194	0.000248153	0.000299617
581	2.33749E-06	3.25857E-06	5.80358E-06	1.01513E-05	1.85974E-05	2.68485E-05	4.81068E-05	6.45769E-05	8.77797E-05	0.000112804	0.000144642	0.000180056	0.000215354	0.000249414	0.000293018	0.00035384
582	2.49901E-06	3.30211E-06	5.98002E-06	1.17287E-05	2.18379E-05	3.11345E-05	5.58472E-05	7.50402E-05	0.000102767	0.000131898	0.000170314	0.000211219	0.000253995	0.000293284	0.000344422	0.000415322
583	2.75038E-06	3.37709E-06	6.21333E-06	1.34379E-05	2.52069E-05	3.58573E-05	6.41452E-05	8.6985E-05	0.000119592	0.000153489	0.000198936	0.000246228	0.000297252	0.000342768	0.000402526	0.000484705
584	3.11278E-06	3.58984E-06	6.63192E-06	1.52085E-05	2.8401E-05	4.09918E-05	7.29505E-05	0.000100492	0.00013814	0.000177561	0.000230169	0.000285043	0.000344619	0.000397829	0.000467492	0.000562632
585	3.58351E-06	3.97815E-06	7.31573E-06	1.69962E-05	3.12709E-05	4.65128E-05	8.22435E-05	0.000115532	0.000158286	0.000204029	0.00026371	0.000327517	0.000395641	0.000458282	0.000539191	0.000649229
586	4.09918E-06	4.39639E-06	8.22145E-06	1.88531E-05	3.4135E-05	5.24619E-05	9.22062E-05	0.000131944	0.000180094	0.000232916	0.000299729	0.000373686	0.00045059	0.000524185	0.000617474	0.000744148
587	4.57601E-06	4.65612E-06	9.2648E-06	2.08011E-05	3.73068E-05	5.87644E-05	0.00010283	0.000149225	0.000203226	0.000263699	0.000337754	0.000422719	0.000508772	0.000594383	0.000700709	0.000845172
588	4.93368E-06	4.5725E-06	1.03694E-05	2.28816E-05	4.11369E-05	6.5397E-05	0.000114198	0.000166996	0.000227518	0.000296081	0.000377601	0.000474138	0.000569927	0.000668216	0.000787847	0.000950788
589	5.11708E-06	4.07421E-06	1.14693E-05	2.51209E-05	4.58224E-05	7.23445E-05	0.000126375	0.000185012	0.000252826	0.000329785	0.00041912	0.000527553	0.000633778	0.000745078	0.000878002	0.001059808
590	5.14655E-06	3.42797E-06	1.25295E-05	2.75018E-05	5.11002E-05	7.96145E-05	0.000139371	0.000203421	0.000279072	0.000364603	0.000462265	0.000582822	0.000699998	0.000824527	0.000970777	0.001172034
591	5.0697E-06	2.97194E-06	1.35563E-05	3.00772E-05	5.67695E-05	8.74475E-05	0.000153588	0.000223029	0.000306991	0.000401386	0.000508334	0.000641526	0.000770258	0.000908521	0.001068655	0.001290812
592	4.90706E-06	3.03088E-06	1.44901E-05	3.27571E-05	6.23608E-05	9.56709E-05	0.000168705	0.000243584	0.000335867	0.00043909	0.000556229	0.000702216	0.000842593	0.00099473	0.001169075	0.001413408
593	4.69098E-06	3.77499E-06	1.53044E-05	3.5506E-05	6.76204E-05	0.000104228	0.000184589	0.000265126	0.000365514	0.000477408	0.000605697	0.000764556	0.0009165	0.001082559	0.001271521	0.00153931
594	4.44827E-06	4.86141E-06	1.59854E-05	3.82566E-05	7.26007E-05	0.000112842	0.000200678	0.000287094	0.000395359	0.000515686	0.000655756	0.00082742	0.00099093	0.001170822	0.0013748	0.001666415
595	4.20505E-06	5.8445E-06	1.65213E-05	4.09345E-05	7.74132E-05	0.00012119	0.00021632	0.000308806	0.000424747	0.000553193	0.000705271	0.000889516	0.001064719	0.001258204	0.001477569	0.001792288
596	3.98126E-06	6.26114E-06	1.68723E-05	4.33926E-05	8.2036E-05	0.000128731	0.000230474	0.000329027	0.000452268	0.000588214	0.000751848	0.000947967	0.001134807	0.001341153	0.001575862	0.001911298
597	3.80669E-06	5.87595E-06	1.70821E-05	4.5649E-05	8.66654E-05	0.00013548	0.000243072	0.00034778	0.00047813	0.000621154	0.000795765	0.001003231	0.00120192	0.001420631	0.001670834	0.002024479
598	3.69147E-06	5.06906E-06	1.72536E-05	4.77511E-05	9.12684E-05	0.000141728	0.000254507	0.000365341	0.000502569	0.000652458	0.000837288	0.001055638	0.001266006	0.001496805	0.001762183	0.002132459
599	3.64353E-06	4.33889E-06	1.75058E-05	4.97636E-05	9.57912E-05	0.000147856	0.000265319	0.000382124	0.000525946	0.000682739	0.000876881	0.001105749	0.001327175	0.001570051	0.001849752	0.002236296
600	3.67087E-06	4.18848E-06	1.79592E-05	5.17517E-05	0.00010018	0.000154247	0.000276054	0.000398548	0.000548626	0.000712617	0.000915013	0.001154128	0.001385532	0.001640748	0.001933384	0.00233706
601	3.76823E-06	4.88035E-06	1.86321E-05	5.36102E-05	0.000104097	0.00016064	0.000286267	0.000413704	0.000569222	0.000740331	0.000949316	0.001197753	0.00143715	0.001704254	0.002007356	0.002428482
602	3.93961E-06	6.06189E-06	1.94873E-05	5.54187E-05	0.000107704	0.000166958	0.000296272	0.000428081	0.000588493	0.000766602	0.000981222	0.001238368	0.001484574	0.001762933	0.00207518	0.002513765
603	4.17791E-06	7.26221E-06	2.04165E-05	5.71128E-05	0.000110907	0.000172632	0.000305581	0.000441059	0.0006057	0.000790167	0.001009711	0.001274618	0.001526758	0.001814794	0.002135402	0.002589823
604	4.47598E-06	8.01119E-06	2.1312E-05	5.86281E-05	0.000113613	0.000177094	0.000313704	0.000452019	0.000620109	0.000809764	0.001033768	0.001305156	0.001562661	0.001857851	0.002186572	0.002653577
605	4.8067E-06	8.03652E-06	2.20908E-05	5.99119E-05	0.000115785	0.000180091	0.000320359	0.000460704	0.000631456	0.000824875	0.001053042	0.001329483	0.001592031	0.001891464	0.002228276	0.002703827
606	5.09525E-06	7.54647E-06	2.27338E-05	6.09481E-05	0.000117544	0.000182156	0.000325818	0.000467797	0.000640698	0.000836903	0.001068943	0.001349352	0.00161675	0.00191852	0.00226292	0.002744306
607	5.25833E-06	6.81836E-06	2.32247E-05	6.17085E-05	0.000119001	0.000183888	0.000330339	0.000473989	0.000648797	0.000847297	0.001082842	0.001366467	0.00163856	0.001941884	0.002292689	0.002778698
608	5.21372E-06	6.1301E-06	2.35506E-05	6.2173E-05	0.000120279	0.000185906	0.000334223	0.000480028	0.00065679	0.00085761	0.001096237	0.001382699	0.001659403	0.001964657	0.00232005	0.002811031
609	4.95755E-06	5.67794E-06	2.37237E-05	6.23389E-05	0.000121422	0.000188446	0.000337579	0.000486155	0.000665055	0.000868466	0.00110972	0.001398899	0.00168007	0.001988292	0.002346271	0.002843405
610	4.64802E-06	5.48921E-06	2.38092E-05	6.22402E-05	0.0001223	0.00019095	0.000340121	0.000491556	0.000672597	0.000878572	0.001121992	0.001413797	0.00169897	0.002010821	0.002370134	0.002873932
611	4.45551E-06	5.56038E-06	2.3836E-05	6.18044E-05	0.000122547	0.000192417	0.000340907	0.000494407	0.000677045	0.000884816	0.001129503	0.001423321	0.001711158	0.00202623	0.002385849	0.002895055
612	4.56382E-06	5.90551E-06	2.39177E-05	6.11835E-05	0.000122235	0.000192541	0.000340219	0.000494658	0.000678452	0.000887253	0.001132743	0.001428478	0.001717798	0.002035734	0.00239613	0.002909534
613	4.98441E-06	6.44889E-06	2.40881E-05	6.04826E-05	0.000121393	0.000191198	0.000338133	0.000492183	0.000676563	0.000885473	0.001131342	0.001428776	0.001718366	0.002038516	0.002400528	0.002916618
614	5.45423E-06	6.98071E-06	2.43193E-05	5.99169E-05	0.000120344	0.000189137	0.000335391	0.000488195	0.000672606	0.000880895	0.001126828	0.001425408	0.001714553	0.002036321	0.002400335	0.002918209
615	5.68556E-06	7.27961E-06	2.45772E-05	5.97107E-05	0.000119433	0.000187186	0.000332795	0.000484025	0.000667945	0.000875105	0.001120901	0.001419721	0.001708252	0.002031128	0.002397	0.002916451
616	5.38809E-06	7.11584E-06	2.47757E-05	5.99527E-05	0.000118748	0.000185757	0.000330427	0.000479956	0.000662507	0.000867818	0.001112866	0.001410052	0.001697721	0.002020593	0.002386886	0.002907278
617	4.58256E-06	6.50532E-06	2.49298E-05	6.06878E-05	0.000118585	0.000185401	0.000329138	0.000477386	0.000658136	0.000861497	0.001105676	0.001400046	0.001687251	0.002009614	0.002375389	0.002897206
618	3.65308E-06	5.72957E-06	2.49983E-05	6.14451E-05	0.000118593	0.000185403	0.000328225	0.00047544	0.000654035	0.000855461	0.001098435	0.001389378	0.001675886	0.00199694	0.002361304	0.002884188
619	3.00401E-06	5.08529E-06	2.49406E-05	6.17338E-05	0.000118401	0.000184999	0.000326938	0.000473173	0.000649338	0.000848955	0.001090157	0.001377662	0.001662577	0.001981218	0.002343342	0.002866042
620	3.01672E-06	4.85424E-06	2.47169E-05	6.10928E-05	0.000117659	0.000183471	0.000324568	0.000469691	0.000643236	0.000841273	0.001079929	0.001364555	0.00164636	0.001961206	0.002320333	0.002840755
621	3.67487E-06	5.07395E-06	2.43326E-05	5.96629E-05	0.000116493	0.000181103	0.000321581	0.000465628	0.000636797	0.000833691	0.001069496	0.00135232	0.001630014	0.001940302	0.002296388	0.002812965
622	4.5542E-06	5.52059E-06	2.37445E-05	5.79559E-05	0.00011507	0.000178491	0.000318388	0.000461368	0.000630544	0.0008263	0.001059197	0.001340693	0.001613864	0.001919168	0.002272171	0.002783279
623	5.22051E-06	5.9678E-06	2.29415E-05	5.65792E-05	0.000113713	0.000176491	0.000315841	0.000457926	0.000625856	0.000820292	0.001050789	0.001331176	0.001600385	0.001901035	0.002251373	0.002756015
624	5.27581E-06	6.20352E-06	2.19222E-05	5.609E-05	0.000112724	0.000175875	0.000314701	0.000456212	0.000623956	0.00081673	0.001045848	0.001325093	0.001591802	0.00188883	0.002237333	0.002735124
625	4.7743E-06	6.18715E-06	2.0818E-05	5.64219E-05	0.000112092	0.000176345	0.000314625	0.000455779	0.000624087	0.000814983	0.001043595	0.001321505	0.001587117	0.001881658	0.002228907	0.002719958
626	4.10557E-06	6.01086E-06	1.98811E-05	5.7122E-05	0.000111714	0.000177041	0.000314837	0.00045575	0.000624805	0.000814179	0.001042805	0.001319422	0.00158491	0.00187812	0.002224386	0.002709805
627	3.65198E-06	5.75358E-06	1.93143E-05	5.75936E-05	0.000111213	0.000176658	0.000313788	0.000454121	0.000623126	0.00081144	0.001039686	0.001314614	0.001579863	0.001872192	0.002216581	0.002697274
628	3.74803E-06	5.49354E-06	1.93098E-05	5.73709E-05	0.000110372	0.000174267	0.000310472	0.000449647	0.000617138	0.000805117	0.001032032	0.001304799	0.001569005	0.001860583	0.002201588	0.002678803
629	4.27411E-06	5.24051E-06	1.9751E-05	5.65054E-05	0.000109172	0.000170247	0.00030524	0.000442766	0.000607514	0.000795489	0.001020213	0.001290461	0.00155276	0.001843544	0.002180085	0.002654887
630	4.8797E-06	4.96942E-06	2.03639E-05	5.53114E-05	0.000107696	0.000165642	0.000299135	0.000434773	0.000596241	0.000783811	0.001005907	0.001273488	0.001533271	0.001823128	0.002155082	0.002628084
631	5.22214E-06	4.66216E-06	2.09065E-05	5.41869E-05	0.00010619	0.000161746	0.000293644	0.000427614	0.000586204	0.00077252	0.000992309	0.001257694	0.001515003	0.00180415	0.00213285	0.002604938
632	5.02766E-06	4.3068E-06	2.11168E-05	5.33023E-05	0.00010456	0.000159138	0.000289148	0.000421643	0.000578075	0.000761463	0.000979235	0.00124261	0.001497306	0.001785381	0.002112368	0.002583261
633	4.47659E-06	4.01411E-06	2.09848E-05	5.26076E-05	0.000102836	0.000157552	0.000285461	0.000416491	0.000571406	0.000750686	0.000966466	0.001227724	0.001479706	0.001765971	0.002092232	0.002561287
634	3.8983E-06	3.93305E-06	2.05747E-05	5.19507E-05	0.000101033	0.000156359	0.00028205	0.000411326	0.000565067	0.0007399	0.000953255	0.001211848	0.001460996	0.001744259	0.002069806	0.002536032
635	3.62255E-06	4.21275E-06	1.99509E-05	5.11795E-05	9.91636E-05	0.000154926	0.000278386	0.000405311	0.000557926	0.000728815	0.00093885	0.001193797	0.001439965	0.001718578	0.002042449	0.002504511
636	3.84897E-06	4.90585E-06	1.92358E-05	5.03203E-05	9.74773E-05	0.000153168	0.000274745	0.000398876	0.00055049	0.000718889	0.000924952	0.001175603	0.001419164	0.001691967	0.002013209	0.002470617
637	4.31478E-06	5.70058E-06	1.85117E-05	4.93862E-05	9.58341E-05	0.000150967	0.000270798	0.000391853	0.000542112	0.000708803	0.000910326	0.001155929	0.001396657	0.001662806	0.001979911	0.00243151
638	4.67286E-06	6.22085E-06	1.7918E-05	4.85504E-05	9.43305E-05	0.00014869	0.000266974	0.000385242	0.000533672	0.000698983	0.000896118	0.001136532	0.001374157	0.001633982	0.001945786	0.002390908
639	4.57471E-06	6.08929E-06	1.75944E-05	4.79868E-05	9.30633E-05	0.000146708	0.000263702	0.000380045	0.000526059	0.000689852	0.00088348	0.001119181	0.001353387	0.001608394	0.001914086	0.002352549
640	3.9117E-06	5.2014E-06	1.75849E-05	4.77404E-05	9.20658E-05	0.000145207	0.000261132	0.000376618	0.000519697	0.000681562	0.000872897	0.001104702	0.001335202	0.001587393	0.001886536	0.002318478
641	3.03728E-06	3.97814E-06	1.77396E-05	4.75846E-05	9.12051E-05	0.000143956	0.000258747	0.00037389	0.000513878	0.000673407	0.000863163	0.001091582	0.001318148	0.001568577	0.001861023	0.002286367
642	2.36426E-06	2.90895E-06	1.79031E-05	4.73082E-05	9.04205E-05	0.000142821	0.000256211	0.000370997	0.000508281	0.000665265	0.000853745	0.001079142	0.001301839	0.001550691	0.001836879	0.002255697
643	2.29328E-06	2.47076E-06	1.79129E-05	4.66823E-05	8.96071E-05	0.000141595	0.000253073	0.000366911	0.000502338	0.000656692	0.000843697	0.001066177	0.001285257	0.001531743	0.001812539	0.002224857
644	2.84709E-06	2.75703E-06	1.76866E-05	4.56674E-05	8.86659E-05	0.000140112	0.000249172	0.000361317	0.000495739	0.000647456	0.000832489	0.001052016	0.001267801	0.001510807	0.001787227	0.002193079
645	3.62144E-06	3.42775E-06	1.72322E-05	4.44387E-05	8.75056E-05	0.000138242	0.000244682	0.000354705	0.000488465	0.000637564	0.000820056	0.001036583	0.001249343	0.001488162	0.001761053	0.002160554
646	4.18557E-06	4.11659E-06	1.65599E-05	4.31778E-05	8.60221E-05	0.00013584	0.000239762	0.000347562	0.00048044	0.000626948	0.000806243	0.00101969	0.001229606	0.001463943	0.001733924	0.002127218
647	4.14671E-06	4.48158E-06	1.56965E-05	4.20688E-05	8.41495E-05	0.000132818	0.00023463	0.000340437	0.000471726	0.00061571	0.000791139	0.001001449	0.001208664	0.001438682	0.001706207	0.002093565
648	3.56876E-06	4.4779E-06	1.47934E-05	4.11551E-05	8.19667E-05	0.000129284	0.000229328	0.00033334	0.00046224	0.000603724	0.000774842	0.00098186	0.00118635	0.001412309	0.001677446	0.002059042
649	2.80864E-06	4.25125E-06	1.40838E-05	4.03943E-05	7.96536E-05	0.000125485	0.000223812	0.000325966	0.000451859	0.000590782	0.000757526	0.000960956	0.001162463	0.001384508	0.001646823	0.002022623
650	2.23074E-06	3.9515E-06	1.38042E-05	3.97424E-05	7.73932E-05	0.000121673	0.000218033	0.000318004	0.000440453	0.000576668	0.000739371	0.000938765	0.001136797	0.001354955	0.001613509	0.001983266
651	2.12585E-06	3.7133E-06	1.41187E-05	3.91573E-05	7.53543E-05	0.000118099	0.000212038	0.000309332	0.0004281	0.00056141	0.000720736	0.000915598	0.001109516	0.001323734	0.001577268	0.001940605
652	2.37559E-06	3.58029E-06	1.4779E-05	3.85644E-05	7.35373E-05	0.00011488	0.000206134	0.000300494	0.000415483	0.000545689	0.000702124	0.000892222	0.001081498	0.001291611	0.001539286	0.001895734
653	2.72407E-06	3.56683E-06	1.54005E-05	3.78881E-05	7.19064E-05	0.000112119	0.000200777	0.000292347	0.00040361	0.000530561	0.000684279	0.000869807	0.001054166	0.001259936	0.001501654	0.001850755
654	2.91338E-06	3.68732E-06	1.55956E-05	3.70522E-05	7.04256E-05	0.00010992	0.000196424	0.000285752	0.000393495	0.00051709	0.000667951	0.000849533	0.001028953	0.001230072	0.001466477	0.001807788
655	2.79319E-06	3.91757E-06	1.51534E-05	3.60402E-05	6.90871E-05	0.000108297	0.00019329	0.000281109	0.000385675	0.000505912	0.000653577	0.000832007	0.001006685	0.001202859	0.001434987	0.001768174
656	2.48797E-06	4.12391E-06	1.42883E-05	3.49067E-05	6.77948E-05	0.000106769	0.0001905	0.000276944	0.000378542	0.000495362	0.000639237	0.000814401	0.000984257	0.00117496	0.001402776	0.001727089
657	2.18131E-06	4.17534E-06	1.3363E-05	3.39034E-05	6.67933E-05	0.000105335	0.000187996	0.000272925	0.000372119	0.000486003	0.000625995	0.000797612	0.00096311	0.001148553	0.001371911	0.001687817
658	2.04622E-06	3.93655E-06	1.2696E-05	3.3189E-05	6.61548E-05	0.000103738	0.00018526	0.000268062	0.00036551	0.000477171	0.000613329	0.000780534	0.000942245	0.001122896	0.001340988	0.001649346
659	2.13118E-06	3.42904E-06	1.23753E-05	3.2768E-05	6.57987E-05	0.000101917	0.000182063	0.000262118	0.000358394	0.000468499	0.000601007	0.000762904	0.000921429	0.001097807	0.001309686	0.001611483
660	2.32874E-06	2.87082E-06	1.22E-05	3.24519E-05	6.54535E-05	0.000100061	0.00017854	0.000255804	0.000351179	0.000459995	0.000589159	0.000745517	0.000901379	0.001073807	0.001279046	0.001575055
661	2.51841E-06	2.48886E-06	1.19356E-05	3.19986E-05	6.47519E-05	9.8247E-05	0.00017462	0.000249564	0.00034387	0.000451102	0.000577193	0.000728289	0.000881729	0.001050098	0.001248573	0.001538958
662	2.59341E-06	2.49035E-06	1.1405E-05	3.1273E-05	6.3522E-05	9.67738E-05	0.000170682	0.000244416	0.000337314	0.000442431	0.000565986	0.00071296	0.000864314	0.001028559	0.001220936	0.001506022
663	2.52153E-06	2.80117E-06	1.06789E-05	3.03313E-05	6.17632E-05	9.54237E-05	0.000166707	0.000240111	0.000331174	0.000433713	0.000555069	0.000699162	0.000848353	0.001008538	0.00119556	0.001475447
664	2.31702E-06	3.18132E-06	9.98607E-06	2.93699E-05	5.96282E-05	9.37488E-05	0.000162581	0.000235843	0.000324679	0.000424515	0.000543631	0.00068586	0.000832217	0.00098872	0.001170945	0.001445513
665	1.99469E-06	3.39E-06	9.5559E-06	2.85857E-05	5.72713E-05	9.13008E-05	0.000158188	0.000230803	0.00031706	0.000414405	0.000530862	0.000672014	0.000814277	0.000967793	0.001145588	0.001414498
666	1.58348E-06	3.26104E-06	9.55331E-06	2.81526E-05	5.49329E-05	8.79512E-05	0.000153703	0.000224773	0.0003083	0.000403753	0.00051707	0.000657836	0.000794681	0.00094629	0.001120158	0.001383366
667	1.15504E-06	2.90277E-06	9.78598E-06	2.78771E-05	5.26777E-05	8.4036E-05	0.000149008	0.000217784	0.000298506	0.000392318	0.000502168	0.000642321	0.000773211	0.000923208	0.001093447	0.001350767
668	7.97625E-07	2.50336E-06	9.99124E-06	2.75392E-05	5.06656E-05	8.02358E-05	0.000144294	0.000210494	0.000288586	0.00038071	0.000487256	0.000625776	0.000751532	0.000899489	0.001066534	0.001318179
669	5.98893E-07	2.2499E-06	9.90861E-06	2.69204E-05	4.90548E-05	7.72263E-05	0.000139753	0.000203556	0.000279443	0.000369534	0.000473426	0.000608506	0.000731297	0.00087607	0.001040492	0.001287069
670	6.00488E-07	2.23738E-06	9.45762E-06	2.59366E-05	4.78869E-05	7.52808E-05	0.000135512	0.00019733	0.000271532	0.000359102	0.000461161	0.000590891	0.000713196	0.000853497	0.001015787	0.001257955
671	7.63329E-07	2.39806E-06	8.85592E-06	2.46994E-05	4.69324E-05	7.38681E-05	0.000131399	0.000191386	0.000264146	0.000348707	0.000449228	0.000572595	0.000695234	0.000830416	0.00099038	0.001227915
672	1.04185E-06	2.65468E-06	8.37961E-06	2.34202E-05	4.60826E-05	7.26091E-05	0.000127629	0.000185825	0.000257296	0.000338647	0.000437646	0.00055503	0.000677353	0.000807918	0.00096512	0.001197571
673	1.39138E-06	2.92864E-06	8.27039E-06	2.2267E-05	4.51651E-05	7.10416E-05	0.000124207	0.000180464	0.000250607	0.000328701	0.000425788	0.000538683	0.000658511	0.000785818	0.000939383	0.001165767
674	1.78836E-06	3.1628E-06	8.51263E-06	2.13678E-05	4.41157E-05	6.90934E-05	0.000121089	0.000175337	0.000243986	0.000318956	0.000413688	0.000523661	0.000638923	0.000764132	0.000913348	0.001132944
675	2.2248E-06	3.31581E-06	8.90242E-06	2.08209E-05	4.29495E-05	6.69785E-05	0.000118193	0.000170641	0.000237549	0.000309723	0.000401866	0.000509795	0.000619723	0.000743023	0.000887783	0.001100711
676	2.68988E-06	3.34297E-06	9.22168E-06	2.06992E-05	4.16339E-05	6.4839E-05	0.000115302	0.000166375	0.00023114	0.00030096	0.000390387	0.00049632	0.000601347	0.000721795	0.000862439	0.001069423
677	3.16113E-06	3.21544E-06	9.30967E-06	2.10548E-05	4.02584E-05	6.29404E-05	0.000112496	0.00016284	0.000225131	0.000293252	0.000380112	0.00048366	0.000585373	0.000701494	0.000838952	0.001041549
678	3.53691E-06	2.93465E-06	9.15361E-06	2.16028E-05	3.89493E-05	6.13075E-05	0.000109782	0.000159655	0.000219428	0.000286315	0.000370712	0.000471507	0.000571159	0.000682119	0.000816844	0.00101596
679	3.6946E-06	2.51159E-06	8.78551E-06	2.19723E-05	3.78575E-05	5.99205E-05	0.000107191	0.000156311	0.000213889	0.000279728	0.000361664	0.000459526	0.000557653	0.000663633	0.000795356	0.000990905
680	3.51424E-06	1.95798E-06	8.23753E-06	2.17999E-05	3.713E-05	5.87592E-05	0.000104752	0.000152308	0.000208373	0.000273078	0.000352455	0.000447389	0.000543824	0.000645997	0.000773743	0.000964663
681	2.98771E-06	1.34975E-06	7.6094E-06	2.10463E-05	3.69006E-05	5.79966E-05	0.000102807	0.000148104	0.000203612	0.000267176	0.000344221	0.000436699	0.00053125	0.000631485	0.000754602	0.000940141
682	2.24189E-06	8.45472E-07	7.00056E-06	1.98976E-05	3.67648E-05	5.73048E-05	0.000100758	0.000143617	0.00019888	0.000261051	0.000335918	0.000426027	0.000518238	0.000617211	0.000735295	0.000914453
683	1.43404E-06	6.23449E-07	6.55096E-06	1.86635E-05	3.64382E-05	5.65814E-05	9.84064E-05	0.000139429	0.000194284	0.000254839	0.000327946	0.000415754	0.000505331	0.000602821	0.000716311	0.000888688
684	7.20238E-07	8.42159E-07	6.38466E-06	1.76334E-05	3.56589E-05	5.57191E-05	9.55807E-05	0.000136062	0.000189911	0.000248657	0.000320645	0.000406208	0.000493013	0.000587989	0.000698101	0.000863873
685	2.35342E-07	1.42962E-06	6.44141E-06	1.68596E-05	3.44266E-05	5.45619E-05	9.24139E-05	0.000133345	0.000185568	0.000242442	0.000313675	0.000397137	0.000481098	0.000572683	0.000680622	0.000840281
686	1.0128E-07	2.1719E-06	6.55479E-06	1.62697E-05	3.29563E-05	5.30038E-05	8.93681E-05	0.000130873	0.000181163	0.000236374	0.000306736	0.000388518	0.000469693	0.00055791	0.000664536	0.000818968
687	4.41083E-07	2.84723E-06	6.53566E-06	1.57372E-05	3.13608E-05	5.07691E-05	8.66291E-05	0.00012782	0.000176034	0.00022989	0.000298555	0.000379103	0.000457425	0.000542932	0.00064842	0.000798418
688	1.27654E-06	3.26925E-06	6.26241E-06	1.5196E-05	2.98128E-05	4.7829E-05	8.43989E-05	0.000123807	0.000169993	0.000222917	0.000288732	0.000368488	0.000443961	0.000527916	0.000631993	0.000778406
689	2.28386E-06	3.37151E-06	5.81135E-06	1.46944E-05	2.84983E-05	4.47025E-05	8.2438E-05	0.000119268	0.000163482	0.000215761	0.000278165	0.000357038	0.000429946	0.00051306	0.00061524	0.000758639
690	3.06367E-06	3.11223E-06	5.30117E-06	1.43051E-05	2.76083E-05	4.20287E-05	8.04122E-05	0.000114811	0.000157086	0.000208812	0.000268033	0.000345286	0.000416241	0.000498567	0.000598201	0.000738804
691	3.22679E-06	2.45662E-06	4.85376E-06	1.41069E-05	2.73401E-05	4.04548E-05	7.80372E-05	0.000111098	0.000151462	0.000202564	0.000259638	0.000333948	0.000403913	0.000484905	0.000581246	0.000718998
692	2.73614E-06	1.5359E-06	4.56289E-06	1.40846E-05	2.7557E-05	3.99814E-05	7.5208E-05	0.000108197	0.000146724	0.000196901	0.000252937	0.00032305	0.000392792	0.000471626	0.000564054	0.000698729
693	1.95712E-06	6.74515E-07	4.50046E-06	1.41433E-05	2.77964E-05	3.99571E-05	7.21702E-05	0.000105721	0.000142655	0.000191402	0.000246863	0.000312482	0.000382076	0.000458169	0.000546633	0.000678197
694	1.28108E-06	2.11252E-07	4.73804E-06	1.41822E-05	2.75712E-05	3.96867E-05	6.91887E-05	0.000103248	0.000139012	0.000185621	0.000240273	0.000302114	0.000370907	0.000443945	0.000528991	0.000657619
695	1.03398E-06	4.13625E-07	5.30648E-06	1.41057E-05	2.64999E-05	3.86031E-05	6.65029E-05	0.000100419	0.000135553	0.000179211	0.00023224	0.000291841	0.000358604	0.000428519	0.000511173	0.000637189
696	1.131E-06	1.10714E-06	5.99606E-06	1.3866E-05	2.48687E-05	3.6967E-05	6.42271E-05	9.73121E-05	0.000132135	0.000172575	0.000223324	0.000281887	0.000345803	0.000412677	0.000493784	0.000617336
697	1.33329E-06	1.95187E-06	6.49764E-06	1.34102E-05	2.3172E-05	3.52874E-05	6.23278E-05	9.40141E-05	0.000128437	0.000166118	0.000214281	0.000272153	0.000333076	0.000396998	0.000476847	0.000597595
698	1.40058E-06	2.60414E-06	6.50316E-06	1.26952E-05	2.19274E-05	3.41037E-05	6.08157E-05	9.06822E-05	0.00012423	0.000160369	0.000206033	0.000262735	0.000321248	0.000382359	0.000460734	0.000577928
699	1.2308E-06	2.86506E-06	5.94238E-06	1.17804E-05	2.13658E-05	3.36198E-05	5.96227E-05	8.74653E-05	0.000119561	0.000155505	0.000199056	0.000253741	0.000310717	0.000369226	0.000445621	0.00055837
700	9.61143E-07	2.78737E-06	5.15542E-06	1.09011E-05	2.12224E-05	3.34588E-05	5.85461E-05	8.44977E-05	0.000114951	0.00015109	0.000193057	0.000245299	0.000301149	0.00035735	0.000431346	0.000539075
701	7.55903E-07	2.45428E-06	4.53701E-06	1.03343E-05	2.12225E-05	3.32481E-05	5.74831E-05	8.20801E-05	0.000111201	0.000146919	0.00018804	0.000238019	0.000292724	0.000347109	0.000418558	0.000521265
702	7.59904E-07	1.94737E-06	4.42252E-06	1.0276E-05	2.10301E-05	3.2527E-05	5.61121E-05	8.01427E-05	0.000108574	0.000142241	0.000183255	0.000231495	0.00028443	0.000337444	0.000406166	0.000503998
703	9.52189E-07	1.43671E-06	4.74532E-06	1.05635E-05	2.06174E-05	3.13925E-05	5.44256E-05	7.84849E-05	0.000106792	0.000137249	0.000178558	0.000225513	0.000276102	0.000328049	0.00039396	0.000487456
704	1.22076E-06	1.13906E-06	5.2146E-06	1.08257E-05	2.00997E-05	3.02072E-05	5.25205E-05	7.67387E-05	0.000105156	0.000132478	0.000173921	0.000219687	0.0002677	0.00031863	0.00038172	0.000471834
705	1.45027E-06	1.27633E-06	5.53086E-06	1.06812E-05	1.9596E-05	2.93447E-05	5.04974E-05	7.45267E-05	0.000102942	0.000128481	0.000169316	0.000213621	0.000259183	0.000308884	0.000369223	0.000457327
706	1.58584E-06	1.91231E-06	5.51611E-06	9.96137E-06	1.91593E-05	2.89337E-05	4.8413E-05	7.16216E-05	9.95996E-05	0.000125313	0.00016447	0.000206836	0.000250269	0.00029831	0.000356001	0.000443365
707	1.72125E-06	2.7539E-06	5.307E-06	9.0468E-06	1.87929E-05	2.8693E-05	4.64853E-05	6.85397E-05	9.553E-05	0.000122565	0.000159453	0.000199806	0.000241496	0.000287595	0.000342974	0.000430037
708	1.97047E-06	3.45158E-06	5.07764E-06	8.38329E-06	1.84606E-05	2.82313E-05	4.48746E-05	6.57861E-05	9.11035E-05	0.000119546	0.000154103	0.00019279	0.000233095	0.000277091	0.000330663	0.000416774
709	2.43235E-06	3.67916E-06	4.99153E-06	8.38209E-06	1.81234E-05	2.71888E-05	4.37202E-05	6.38218E-05	8.66942E-05	0.000115617	0.000148287	0.000186037	0.000225284	0.000267133	0.000319548	0.000403048
710	3.00698E-06	3.45478E-06	5.05266E-06	8.96032E-06	1.77147E-05	2.56537E-05	4.28867E-05	6.24882E-05	8.26368E-05	0.000110915	0.000142201	0.000179594	0.000218069	0.000257804	0.000309568	0.000388957
711	3.46035E-06	3.01802E-06	5.15543E-06	9.70165E-06	1.71311E-05	2.39813E-05	4.2013E-05	6.11553E-05	7.91575E-05	0.000105966	0.000136114	0.000173192	0.00021109	0.000248748	0.000299982	0.000374606
712	3.55901E-06	2.62435E-06	5.20151E-06	1.0196E-05	1.63059E-05	2.25936E-05	4.08212E-05	5.93103E-05	7.66627E-05	0.000101556	0.000130609	0.000166944	0.000204447	0.000240158	0.000290696	0.000360948
713	3.1999E-06	2.44647E-06	5.1457E-06	1.01671E-05	1.52362E-05	2.17472E-05	3.91361E-05	5.66309E-05	7.51874E-05	9.80321E-05	0.000125891	0.000160777	0.000197938	0.000231893	0.000281315	0.000348203
714	2.62415E-06	2.45008E-06	5.09406E-06	9.71237E-06	1.41334E-05	2.13418E-05	3.71695E-05	5.34668E-05	7.40479E-05	9.49239E-05	0.000121586	0.000154654	0.0001912	0.000223682	0.000271555	0.00033581
715	2.13081E-06	2.56765E-06	5.17808E-06	8.98972E-06	1.32457E-05	2.12192E-05	3.51978E-05	5.02791E-05	7.24374E-05	9.1627E-05	0.000117224	0.000148545	0.000183841	0.000215233	0.000261141	0.000323075
716	2.00289E-06	2.7369E-06	5.5154E-06	8.16906E-06	1.28157E-05	2.1235E-05	3.35184E-05	4.75539E-05	6.96708E-05	8.76648E-05	0.000112473	0.000142554	0.000175677	0.000206467	0.00025007	0.000309655
717	2.24645E-06	2.93642E-06	5.95941E-06	7.42723E-06	1.28036E-05	2.11638E-05	3.21902E-05	4.53691E-05	6.57746E-05	8.30798E-05	0.000107282	0.000136551	0.000166828	0.000197219	0.000238333	0.000295511
718	2.68445E-06	3.17779E-06	6.19397E-06	6.96765E-06	1.30068E-05	2.077E-05	3.11895E-05	4.36387E-05	6.1419E-05	7.84705E-05	0.00010205	0.000130576	0.000158027	0.000187744	0.000226502	0.000281529
719	3.13302E-06	3.47331E-06	5.89388E-06	6.99784E-06	1.32157E-05	1.98129E-05	3.04895E-05	4.22703E-05	5.72982E-05	7.44554E-05	9.71893E-05	0.000124673	0.00015003	0.000178306	0.000215165	0.000268622
720	3.48066E-06	3.81031E-06	4.96136E-06	7.58273E-06	1.32947E-05	1.82688E-05	3.00212E-05	4.1155E-05	5.39357E-05	7.13977E-05	9.29697E-05	0.000118902	0.000143283	0.000169212	0.000204738	0.000257298
721	3.79489E-06	4.10941E-06	3.86326E-06	8.41979E-06	1.32809E-05	1.66344E-05	2.95762E-05	4.0095E-05	5.13516E-05	6.89295E-05	8.91874E-05	0.000113232	0.000137278	0.000160673	0.000194961	0.000246737
722	4.18087E-06	4.28996E-06	3.17311E-06	9.16527E-06	1.32734E-05	1.55415E-05	2.90002E-05	3.89842E-05	4.96295E-05	6.67512E-05	8.58061E-05	0.000107932	0.000131728	0.000153331	0.000186002	0.000236577
723	4.72091E-06	4.27927E-06	3.40398E-06	9.4878E-06	1.33442E-05	1.55327E-05	2.81229E-05	3.76825E-05	4.87532E-05	6.45035E-05	8.26796E-05	0.000103112	0.000126206	0.000147552	0.000177768	0.000226195
724	5.2816E-06	4.14554E-06	4.42148E-06	9.33063E-06	1.34319E-05	1.63697E-05	2.70185E-05	3.62576E-05	4.839E-05	6.21996E-05	7.97632E-05	9.88239E-05	0.000120791	0.000143	0.000170178	0.000215728
725	5.59789E-06	4.04277E-06	5.69781E-06	8.80304E-06	1.33941E-05	1.73398E-05	2.59107E-05	3.49031E-05	4.80127E-05	6.00792E-05	7.70738E-05	9.50838E-05	0.00011587	0.000138914	0.000163154	0.000205783
726	5.39602E-06	4.12489E-06	6.68775E-06	8.0125E-06	1.30758E-05	1.77009E-05	2.50087E-05	3.37911E-05	4.70489E-05	5.83431E-05	7.4572E-05	9.18355E-05	0.000111752	0.000134414	0.0001565	0.000196823
727	4.631E-06	4.46294E-06	7.09251E-06	7.12445E-06	1.24659E-05	1.71101E-05	2.44542E-05	3.30584E-05	4.53134E-05	5.71102E-05	7.22969E-05	8.90736E-05	0.000108649	0.000129221	0.000150341	0.000189305
728	3.7027E-06	4.94239E-06	7.09978E-06	6.3845E-06	1.17947E-05	1.59768E-05	2.41485E-05	3.26323E-05	4.32269E-05	5.60979E-05	7.01482E-05	8.6527E-05	0.000106117	0.000123752	0.000144823	0.000182846
729	3.07044E-06	5.42516E-06	6.95901E-06	6.0519E-06	1.13257E-05	1.48083E-05	2.39648E-05	3.2417E-05	4.12932E-05	5.49771E-05	6.80147E-05	8.3898E-05	0.000103642	0.000118522	0.000140111	0.000176981
730	3.13707E-06	5.78739E-06	6.89686E-06	6.33856E-06	1.12778E-05	1.40615E-05	2.37901E-05	3.23127E-05	3.99522E-05	5.34546E-05	6.58108E-05	8.09466E-05	0.000100764	0.000113999	0.000136323	0.000171287
731	3.82791E-06	6.01661E-06	6.93303E-06	7.06182E-06	1.14862E-05	1.37409E-05	2.35919E-05	3.21448E-05	3.90483E-05	5.14596E-05	6.35569E-05	7.77746E-05	9.73614E-05	0.000110044	0.000132987	0.000165465
732	4.85725E-06	6.17482E-06	7.01766E-06	7.87885E-06	1.16507E-05	1.36938E-05	2.34658E-05	3.18282E-05	3.83011E-05	4.923E-05	6.15742E-05	7.49527E-05	9.38554E-05	0.000106671	0.000129877	0.000159925
733	5.93267E-06	6.31583E-06	7.08968E-06	8.43835E-06	1.14557E-05	1.37436E-05	2.34689E-05	3.12292E-05	3.73679E-05	4.69218E-05	6.00762E-05	7.29181E-05	9.05056E-05	0.00010371	0.000126551	0.000154803
734	6.83327E-06	6.47302E-06	7.11685E-06	8.61663E-06	1.08785E-05	1.37724E-05	2.35545E-05	3.03643E-05	3.61974E-05	4.47878E-05	5.90878E-05	7.17261E-05	8.74597E-05	0.000101055	0.000122887	0.000150148
735	7.44292E-06	6.6499E-06	7.10899E-06	8.62134E-06	1.03212E-05	1.37491E-05	2.35253E-05	2.94683E-05	3.51626E-05	4.32204E-05	5.83594E-05	7.08774E-05	8.47012E-05	9.8689E-05	0.000119232	0.000145888
736	7.66836E-06	6.86156E-06	7.09363E-06	8.7052E-06	1.02434E-05	1.36767E-05	2.32176E-05	2.88531E-05	3.47426E-05	4.27121E-05	5.77345E-05	6.99671E-05	8.23672E-05	9.68021E-05	0.000116206	0.000142224
737	7.44576E-06	7.08901E-06	7.08677E-06	9.03476E-06	1.09389E-05	1.35327E-05	2.24415E-05	2.8652E-05	3.51287E-05	4.34038E-05	5.68568E-05	6.84448E-05	8.02652E-05	9.5154E-05	0.000113851	0.000138784
738	7.02221E-06	7.29104E-06	7.2007E-06	9.53657E-06	1.21032E-05	1.347E-05	2.13988E-05	2.87573E-05	3.58592E-05	4.4639E-05	5.56696E-05	6.6604E-05	7.84327E-05	9.35591E-05	0.000111975	0.000135542
739	6.73764E-06	7.41531E-06	7.57391E-06	1.00584E-05	1.32405E-05	1.36877E-05	2.03981E-05	2.89688E-05	3.62469E-05	4.54856E-05	5.41704E-05	6.49542E-05	7.69238E-05	9.17848E-05	0.000110236	0.000132488
740	6.92165E-06	7.41776E-06	8.33654E-06	1.04524E-05	1.38682E-05	1.43705E-05	1.97424E-05	2.90886E-05	3.56345E-05	4.50453E-05	5.23708E-05	6.39827E-05	7.57865E-05	8.96122E-05	0.000108297	0.000129612
741	7.6022E-06	7.43565E-06	9.4192E-06	1.07105E-05	1.39196E-05	1.5375E-05	1.95405E-05	2.90343E-05	3.41733E-05	4.33918E-05	5.05828E-05	6.36323E-05	7.49636E-05	8.72121E-05	0.000106065	0.000126989
742	8.5175E-06	7.76403E-06	1.05548E-05	1.09383E-05	1.36928E-05	1.62309E-05	1.96933E-05	2.87883E-05	3.27128E-05	4.14351E-05	4.93226E-05	6.32473E-05	7.41904E-05	8.49872E-05	0.000103517	0.000124582
743	9.39419E-06	8.71266E-06	1.14686E-05	1.1253E-05	1.3512E-05	1.64556E-05	2.01031E-05	2.83507E-05	3.21623E-05	4.01557E-05	4.91515E-05	6.21738E-05	7.32315E-05	8.34049E-05	0.000100693	0.000122423
744	1.00677E-05	1.03735E-05	1.20084E-05	1.173E-05	1.36079E-05	1.58574E-05	2.07002E-05	2.77721E-05	3.29823E-05	4.01073E-05	5.02145E-05	6.00907E-05	7.19705E-05	8.26796E-05	9.77253E-05	0.000120472
745	1.06689E-05	1.22533E-05	1.23542E-05	1.23309E-05	1.39552E-05	1.50282E-05	2.14906E-05	2.72355E-05	3.44189E-05	4.0684E-05	5.15395E-05	5.75773E-05	7.06128E-05	8.2342E-05	9.49999E-05	0.000118502
746	1.13861E-05	1.37618E-05	1.27505E-05	1.30048E-05	1.44931E-05	1.47067E-05	2.2505E-05	2.69631E-05	3.55247E-05	4.11008E-05	5.19823E-05	5.53996E-05	6.94568E-05	8.18457E-05	9.29976E-05	0.000116314
747	1.23669E-05	1.43683E-05	1.34031E-05	1.36923E-05	1.5153E-05	1.55175E-05	2.37222E-05	2.71233E-05	3.54381E-05	4.06285E-05	5.05171E-05	5.41966E-05	6.86989E-05	8.06381E-05	9.2024E-05	0.00011364
748	1.34971E-05	1.42442E-05	1.42708E-05	1.43868E-05	1.59347E-05	1.71644E-05	2.48821E-05	2.76579E-05	3.4476E-05	3.95013E-05	4.77676E-05	5.3973E-05	6.8301E-05	7.89678E-05	9.17315E-05	0.000110787
749	1.45248E-05	1.39165E-05	1.5184E-05	1.51051E-05	1.68694E-05	1.88767E-05	2.5595E-05	2.83855E-05	3.35487E-05	3.84345E-05	4.51881E-05	5.4396E-05	6.80866E-05	7.74704E-05	9.1412E-05	0.000108323
750	1.51972E-05	1.39172E-05	1.59697E-05	1.58624E-05	1.79856E-05	1.98769E-05	2.54736E-05	2.91209E-05	3.35702E-05	3.8148E-05	4.42407E-05	5.51258E-05	6.78754E-05	7.67827E-05	9.03527E-05	0.000106819
751	1.54891E-05	1.44775E-05	1.65323E-05	1.66158E-05	1.92081E-05	1.99382E-05	2.46296E-05	2.9761E-05	3.47532E-05	3.89026E-05	4.53521E-05	5.60294E-05	6.76478E-05	7.70847E-05	8.85219E-05	0.000106422
752	1.55854E-05	1.53369E-05	1.67794E-05	1.71438E-05	2.0208E-05	1.9449E-05	2.36879E-05	3.01316E-05	3.61595E-05	4.01048E-05	4.72838E-05	5.69089E-05	6.71805E-05	7.74677E-05	8.62469E-05	0.000106058
753	1.57225E-05	1.62233E-05	1.6649E-05	1.72392E-05	2.06659E-05	1.88921E-05	2.3381E-05	3.01097E-05	3.6816E-05	4.11677E-05	4.87432E-05	5.76735E-05	6.63756E-05	7.70881E-05	8.40845E-05	0.00010477
754	1.60839E-05	1.69436E-05	1.61803E-05	1.68409E-05	2.04128E-05	1.8682E-05	2.41866E-05	2.9668E-05	3.61327E-05	4.16767E-05	4.88248E-05	5.82148E-05	6.52153E-05	7.53913E-05	8.24725E-05	0.000101989
755	1.66483E-05	1.76067E-05	1.57785E-05	1.64252E-05	1.9838E-05	1.89525E-05	2.56162E-05	2.91292E-05	3.49578E-05	4.18766E-05	4.80998E-05	5.837E-05	6.39752E-05	7.29186E-05	8.1382E-05	9.85954E-05
756	1.73773E-05	1.84252E-05	1.59693E-05	1.66309E-05	1.95016E-05	1.98116E-05	2.69977E-05	2.89543E-05	3.45475E-05	4.22425E-05	4.75725E-05	5.80616E-05	6.31146E-05	7.05972E-05	8.08191E-05	9.59919E-05
757	1.8172E-05	1.95232E-05	1.71725E-05	1.79782E-05	1.98614E-05	2.12727E-05	2.76221E-05	2.94649E-05	3.59221E-05	4.30604E-05	4.80091E-05	5.70397E-05	6.2837E-05	6.90524E-05	8.04964E-05	9.51358E-05
758	1.89468E-05	2.07097E-05	1.91278E-05	2.01649E-05	2.08943E-05	2.30443E-05	2.7596E-05	3.05025E-05	3.85766E-05	4.41111E-05	4.92339E-05	5.55523E-05	6.29953E-05	6.82876E-05	8.01963E-05	9.5709E-05
759	1.96062E-05	2.1579E-05	2.11347E-05	2.23601E-05	2.2259E-05	2.46225E-05	2.75039E-05	3.15788E-05	4.10215E-05	4.4817E-05	5.04368E-05	5.40955E-05	6.31555E-05	6.78438E-05	7.96528E-05	9.64949E-05
760	2.00536E-05	2.17167E-05	2.24711E-05	2.37074E-05	2.35994E-05	2.54903E-05	2.79497E-05	3.21916E-05	4.17238E-05	4.45871E-05	5.07817E-05	5.31797E-05	6.28709E-05	6.72454E-05	7.85962E-05	9.62352E-05
761	2.0286E-05	2.11245E-05	2.28564E-05	2.38976E-05	2.46118E-05	2.54854E-05	2.90752E-05	3.22049E-05	4.02763E-05	4.33702E-05	4.99424E-05	5.28755E-05	6.19488E-05	6.62293E-05	7.69547E-05	9.42576E-05
762	2.05443E-05	2.05262E-05	2.27818E-05	2.3556E-05	2.52022E-05	2.51035E-05	3.04913E-05	3.21907E-05	3.81474E-05	4.21392E-05	4.86121E-05	5.28849E-05	6.09002E-05	6.51993E-05	7.53575E-05	9.12637E-05
763	2.10603E-05	2.06857E-05	2.27759E-05	2.33591E-05	2.525E-05	2.48622E-05	3.17062E-05	3.27368E-05	3.69227E-05	4.18965E-05	4.74942E-05	5.27756E-05	6.01942E-05	6.45021E-05	7.43652E-05	8.79111E-05
764	2.1975E-05	2.20632E-05	2.32401E-05	2.38106E-05	2.47522E-05	2.51324E-05	3.23699E-05	3.41854E-05	3.76575E-05	4.32366E-05	4.70899E-05	5.22647E-05	6.01075E-05	6.43843E-05	7.43091E-05	8.47684E-05
765	2.30972E-05	2.40065E-05	2.40941E-05	2.47612E-05	2.41233E-05	2.57348E-05	3.2662E-05	3.59798E-05	3.94437E-05	4.52617E-05	4.71439E-05	5.16206E-05	6.0215E-05	6.47172E-05	7.46802E-05	8.20422E-05
766	2.41103E-05	2.55508E-05	2.51005E-05	2.58633E-05	2.38353E-05	2.63129E-05	3.28208E-05	3.72779E-05	4.08355E-05	4.66297E-05	4.71355E-05	5.1142E-05	5.98091E-05	6.51603E-05	7.46263E-05	7.97114E-05
767	2.48128E-05	2.59257E-05	2.61259E-05	2.68826E-05	2.44004E-05	2.6646E-05	3.31887E-05	3.74655E-05	4.06898E-05	4.63204E-05	4.67678E-05	5.12886E-05	5.84931E-05	6.56084E-05	7.36592E-05	7.80503E-05
768	2.526E-05	2.54355E-05	2.71488E-05	2.77839E-05	2.57131E-05	2.68704E-05	3.37867E-05	3.68328E-05	3.94532E-05	4.48285E-05	4.61401E-05	5.20115E-05	5.65936E-05	6.57927E-05	7.20065E-05	7.70035E-05
769	2.56674E-05	2.49841E-05	2.8231E-05	2.86616E-05	2.7362E-05	2.73405E-05	3.44973E-05	3.61915E-05	3.8464E-05	4.35073E-05	4.5613E-05	5.3043E-05	5.48891E-05	6.54185E-05	7.03559E-05	7.64244E-05
770	2.62524E-05	2.54783E-05	2.94307E-05	2.96084E-05	2.89292E-05	2.84055E-05	3.52022E-05	3.63537E-05	3.90612E-05	4.3709E-05	4.55483E-05	5.41074E-05	5.41586E-05	6.41989E-05	6.93946E-05	7.61596E-05
771	2.70772E-05	2.70639E-05	3.06237E-05	3.0542E-05	3.01846E-05	2.99279E-05	3.58534E-05	3.7393E-05	4.13427E-05	4.55099E-05	4.59952E-05	5.49276E-05	5.44882E-05	6.22733E-05	6.91332E-05	7.59637E-05
772	2.80637E-05	2.90408E-05	3.15195E-05	3.12227E-05	3.1161E-05	3.12496E-05	3.6539E-05	3.85798E-05	4.40242E-05	4.7569E-05	4.67083E-05	5.53092E-05	5.52393E-05	6.03709E-05	6.89E-05	7.55999E-05
773	2.911E-05	3.06329E-05	3.17968E-05	3.13815E-05	3.18919E-05	3.16543E-05	3.73379E-05	3.91044E-05	4.56957E-05	4.84143E-05	4.73957E-05	5.50291E-05	5.56896E-05	5.92352E-05	6.79333E-05	7.47856E-05
774	3.01513E-05	3.14137E-05	3.13848E-05	3.09543E-05	3.24015E-05	3.0913E-05	3.82818E-05	3.85932E-05	4.55751E-05	4.72831E-05	4.78741E-05	5.40709E-05	5.54172E-05	5.92326E-05	6.5906E-05	7.34743E-05
775	3.12163E-05	3.18409E-05	3.08371E-05	3.03892E-05	3.26901E-05	3.00151E-05	3.92845E-05	3.77695E-05	4.44696E-05	4.52047E-05	4.82372E-05	5.29311E-05	5.4762E-05	5.97803E-05	6.35827E-05	7.2207E-05
776	3.23506E-05	3.25188E-05	3.08163E-05	3.02232E-05	3.27559E-05	3.01591E-05	4.02415E-05	3.75416E-05	4.34489E-05	4.35063E-05	4.8625E-05	5.21983E-05	5.41903E-05	6.01405E-05	6.19146E-05	7.16301E-05
777	3.3567E-05	3.39042E-05	3.185E-05	3.08951E-05	3.26457E-05	3.22394E-05	4.10647E-05	3.86332E-05	4.34196E-05	4.33017E-05	4.91276E-05	5.23293E-05	5.40916E-05	5.97195E-05	6.16341E-05	7.21998E-05
778	3.47159E-05	3.56033E-05	3.36717E-05	3.22619E-05	3.26879E-05	3.53758E-05	4.17888E-05	4.06801E-05	4.43057E-05	4.44165E-05	4.95749E-05	5.30281E-05	5.44158E-05	5.88261E-05	6.22114E-05	7.33064E-05
779	3.55884E-05	3.69205E-05	3.57355E-05	3.3977E-05	3.33139E-05	3.80584E-05	4.2491E-05	4.29352E-05	4.56895E-05	4.62276E-05	4.97036E-05	5.37323E-05	5.49594E-05	5.80858E-05	6.26703E-05	7.39599E-05
780	3.59975E-05	3.72061E-05	3.75091E-05	3.56941E-05	3.49118E-05	3.88628E-05	4.32407E-05	4.46785E-05	4.71545E-05	4.81157E-05	4.92808E-05	5.39128E-05	5.55222E-05	5.80972E-05	6.21024E-05	7.32383E-05
