Name	0	17	34	51	68	85	102	119	136	153	170	187	204	221	238	255
Date	15/02/2018	15/02/2018	15/02/2018	15/02/2018	15/02/2018	15/02/2018	15/02/2018	15/02/2018	15/02/2018	15/02/2018	15/02/2018	15/02/2018	15/02/2018	15/02/2018	15/02/2018	15/02/2018
Time	08:51pm	08:53pm	08:55pm	08:57pm	08:59pm	09:01pm	09:03pm	09:03pm	09:04pm	09:04pm	09:05pm	09:06pm	09:06pm	09:06pm	09:07pm	09:07pm
Integration time [ms]	60000	60000	28121	20380	16467	13721	11914	10273	7695	8522	6621	5919	6637	6122	4743	5190
Luminance[cd/sqm]	3.96E-01	3.81E+00	7.53E+00	1.10E+01	1.40E+01	1.71E+01	2.00E+01	2.32E+01	2.62E+01	2.86E+01	3.15E+01	3.41E+01	3.64E+01	3.92E+01	4.26E+01	4.66E+01
Radiance[W/sr*sqm]	2.55E-03	1.93E-02	3.76E-02	5.47E-02	6.96E-02	8.50E-02	9.92E-02	1.15E-01	1.30E-01	1.42E-01	1.57E-01	1.70E-01	1.82E-01	1.96E-01	2.14E-01	2.34E-01
CCT [K]	8794	1135	0	0	0	0	0	0	0	0	0	0	0	0	0	0
DWl[nm]	477	615	614	613	613	613	613	612	612	612	612	612	612	612	612	611
PE[%]	18.4	74.5	81	83.6	85	86.4	87.1	87.8	88.4	88.8	89.3	89.7	90.2	90.5	91	91.5
x	0.2907	0.5925	0.6119	0.6193	0.6239	0.6276	0.6295	0.6315	0.6331	0.6341	0.6356	0.6365	0.6377	0.6387	0.6398	0.6411
y	0.2919	0.3225	0.3246	0.3258	0.3262	0.327	0.3273	0.3279	0.3281	0.3285	0.3288	0.3291	0.3294	0.3298	0.3301	0.3304
u'	0.1963	0.4169	0.4316	0.4369	0.4404	0.4428	0.4442	0.4453	0.4465	0.4471	0.4481	0.4485	0.4492	0.4498	0.4505	0.4512
v'	0.4436	0.5106	0.5151	0.5171	0.5181	0.5192	0.5197	0.5203	0.5207	0.5211	0.5215	0.5218	0.5222	0.5225	0.5229	0.5233
Reference Illuminant	daylight >7000K	Planckian radiator	Planckian radiator	Planckian radiator	Planckian radiator	Planckian radiator	Planckian radiator	Planckian radiator	Planckian radiator	Planckian radiator	Planckian radiator	Planckian radiator	Planckian radiator	Planckian radiator	Planckian radiator	Planckian radiator
CCT [K]	8794	1135	1135	1135	1135	1135	1135	1135	1135	1135	1135	1135	1135	1135	1135	1135
R1	94.2	59.1	59.1	59.1	59.1	59.1	59.1	59.1	59.1	59.1	59.1	59.1	59.1	59.1	59.1	59.1
R2	90.3	96.8	96.8	96.8	96.8	96.8	96.8	96.8	96.8	96.8	96.8	96.8	96.8	96.8	96.8	96.8
R3	70.8	43.5	43.5	43.5	43.5	43.5	43.5	43.5	43.5	43.5	43.5	43.5	43.5	43.5	43.5	43.5
R4	80.2	37.8	37.8	37.8	37.8	37.8	37.8	37.8	37.8	37.8	37.8	37.8	37.8	37.8	37.8	37.8
R5	98.4	62.2	62.2	62.2	62.2	62.2	62.2	62.2	62.2	62.2	62.2	62.2	62.2	62.2	62.2	62.2
R6	84.1	71.3	71.3	71.3	71.3	71.3	71.3	71.3	71.3	71.3	71.3	71.3	71.3	71.3	71.3	71.3
R7	84.6	35.8	35.8	35.8	35.8	35.8	35.8	35.8	35.8	35.8	35.8	35.8	35.8	35.8	35.8	35.8
R8	84.8	-0.2	-0.2	-0.2	-0.2	-0.2	-0.2	-0.2	-0.2	-0.2	-0.2	-0.2	-0.2	-0.2	-0.2	-0.2
R9	77.5	-69.2	-69.2	-69.2	-69.2	-69.2	-69.2	-69.2	-69.2	-69.2	-69.2	-69.2	-69.2	-69.2	-69.2	-69.2
R10	70.7	86	86	86	86	86	86	86	86	86	86	86	86	86	86	86
R11	78	60.2	60.2	60.2	60.2	60.2	60.2	60.2	60.2	60.2	60.2	60.2	60.2	60.2	60.2	60.2
R12	61.3	18.5	18.5	18.5	18.5	18.5	18.5	18.5	18.5	18.5	18.5	18.5	18.5	18.5	18.5	18.5
R13	97.7	75.4	75.4	75.4	75.4	75.4	75.4	75.4	75.4	75.4	75.4	75.4	75.4	75.4	75.4	75.4
R14	82.8	70.3	70.3	70.3	70.3	70.3	70.3	70.3	70.3	70.3	70.3	70.3	70.3	70.3	70.3	70.3
Ra	85.92	50.8	50.8	50.8	50.8	50.8	50.8	50.8	50.8	50.8	50.8	50.8	50.8	50.8	50.8	50.8
																
wavelength [nm]	Radiance[W/(sr*sqm*nm)]	Radiance[W/(sr*sqm*nm)]	Radiance[W/(sr*sqm*nm)]	Radiance[W/(sr*sqm*nm)]	Radiance[W/(sr*sqm*nm)]	Radiance[W/(sr*sqm*nm)]	Radiance[W/(sr*sqm*nm)]	Radiance[W/(sr*sqm*nm)]	Radiance[W/(sr*sqm*nm)]	Radiance[W/(sr*sqm*nm)]	Radiance[W/(sr*sqm*nm)]	Radiance[W/(sr*sqm*nm)]	Radiance[W/(sr*sqm*nm)]	Radiance[W/(sr*sqm*nm)]	Radiance[W/(sr*sqm*nm)]	Radiance[W/(sr*sqm*nm)]
																
380	0	0	8.70767E-07	1.38693E-06	1.7045E-06	9.1141E-07	0	0	0	0	0	2.42926E-07	2.7322E-06	0	1.17937E-06	4.37861E-07
381	0	0	3.73332E-07	1.75519E-06	2.03707E-06	2.74894E-07	0	0	0	4.86157E-09	0	1.60436E-08	3.49094E-06	0	1.75616E-06	2.08571E-07
382	0	0	9.7408E-09	1.84091E-06	2.10933E-06	1.02025E-08	1.03034E-08	7.78754E-09	1.52541E-08	1.60402E-08	1.66516E-08	2.05004E-08	3.76556E-06	2.15893E-08	2.04735E-06	2.93279E-08
383	4.49726E-07	4.01568E-07	0	1.57815E-06	1.85669E-06	2.49877E-07	1.13478E-07	3.95563E-07	2.04213E-07	3.02766E-08	3.1066E-07	3.16354E-07	3.43273E-06	7.03818E-08	1.91174E-06	0
384	9.85084E-07	8.88503E-07	0	1.09986E-06	1.39509E-06	8.29715E-07	2.68138E-07	8.53391E-07	4.32042E-07	4.19751E-08	6.69617E-07	7.79332E-07	2.66865E-06	9.66582E-08	1.46924E-06	0
385	1.46344E-06	1.32424E-06	0	5.75902E-07	8.74313E-07	1.52802E-06	4.58534E-07	1.24973E-06	6.40673E-07	4.51096E-08	1.0064E-06	1.25102E-06	1.70681E-06	9.60722E-08	8.92074E-07	0
386	1.782E-06	1.6085E-06	0	1.62295E-07	4.35623E-07	2.17115E-06	6.78933E-07	1.48404E-06	7.87382E-07	3.46541E-08	1.25787E-06	1.60805E-06	7.68523E-07	6.5509E-08	3.40646E-07	0
387	1.805E-06	1.61157E-06	0	0	1.89877E-07	2.55836E-06	9.13188E-07	1.42806E-06	8.14995E-07	4.54774E-09	1.33822E-06	1.70209E-06	1.68307E-08	0	0	4.11507E-08
388	1.50544E-06	1.31095E-06	0	1.11447E-07	1.86035E-07	2.5998E-06	1.14923E-06	1.07306E-06	7.08605E-07	0	1.22803E-06	1.50287E-06	0	0	0	1.01244E-07
389	1.02266E-06	8.50073E-07	0	3.96718E-07	3.35179E-07	2.37697E-06	1.37557E-06	5.98958E-07	5.16657E-07	0	1.00779E-06	1.16719E-06	0	0	0	1.54711E-07
390	5.07724E-07	3.8392E-07	0	7.09833E-07	5.37657E-07	1.98575E-06	1.58123E-06	1.98189E-07	2.92243E-07	0	7.65138E-07	8.65033E-07	0	0	0	1.97411E-07
391	1.05471E-07	6.10648E-08	0	9.18889E-07	6.98006E-07	1.51823E-06	1.75581E-06	5.52072E-08	8.62621E-08	0	5.84128E-07	7.5944E-07	0	0	0	2.25396E-07
392	0	1.53267E-08	2.27687E-07	9.05046E-07	7.29098E-07	1.06036E-06	1.8886E-06	3.35519E-07	0	9.59484E-08	5.4197E-07	9.95838E-07	5.59496E-07	1.77026E-07	7.64913E-08	2.34878E-07
393	3.0234E-08	2.30987E-07	7.48432E-07	6.84645E-07	6.23005E-07	6.6155E-07	1.96132E-06	1.00723E-06	0	2.78523E-07	6.57735E-07	1.53331E-06	1.3256E-06	5.21579E-07	1.27148E-07	2.22854E-07
394	2.47213E-07	5.74183E-07	1.32353E-06	3.80741E-07	4.34428E-07	3.41822E-07	1.94977E-06	1.8826E-06	0	4.67881E-07	9.04348E-07	2.18385E-06	2.11252E-06	8.63633E-07	1.33213E-07	1.86949E-07
395	4.91298E-07	9.12757E-07	1.82902E-06	1.14763E-07	2.17785E-07	1.1959E-07	1.83049E-06	2.77656E-06	5.37447E-08	6.15527E-07	1.25443E-06	2.76238E-06	2.79559E-06	1.10184E-06	1.00309E-07	1.24895E-07
396	6.60329E-07	1.12035E-06	2.14698E-06	3.39481E-09	2.53831E-08	1.25494E-08	1.58184E-06	3.51327E-06	2.68125E-07	6.75238E-07	1.68263E-06	3.09282E-06	3.25685E-06	1.13947E-06	3.38577E-08	3.45352E-08
397	6.73378E-07	1.09956E-06	2.18529E-06	1.32106E-07	0	2.8652E-08	1.19544E-06	3.94372E-06	5.65899E-07	6.13237E-07	2.15471E-06	3.03679E-06	3.40014E-06	9.12356E-07	0	0
398	5.53891E-07	8.99549E-07	1.98859E-06	4.32371E-07	0	1.24702E-07	7.46766E-07	4.05762E-06	9.02365E-07	4.61823E-07	2.59027E-06	2.65583E-06	3.25064E-06	5.3015E-07	0	0
399	3.59851E-07	6.17541E-07	1.64627E-06	7.85361E-07	0	2.41229E-07	3.37335E-07	3.89118E-06	1.22093E-06	2.74691E-07	2.89503E-06	2.07692E-06	2.87335E-06	1.58258E-07	0	0
400	1.47218E-07	3.47355E-07	1.24459E-06	1.07641E-06	0	3.20858E-07	6.51008E-08	3.47941E-06	1.46699E-06	1.03654E-07	2.97809E-06	1.42261E-06	2.331E-06	0	0	0
401	0	1.79844E-07	8.69356E-07	1.19898E-06	3.35214E-08	3.09422E-07	2.434E-08	2.86521E-06	1.59302E-06	0	2.76078E-06	8.13514E-07	1.68951E-06	7.78548E-08	7.49129E-08	8.50736E-08
402	0	1.60103E-07	5.69496E-07	1.09924E-06	1.71863E-07	1.91369E-07	2.52546E-07	2.09693E-06	1.5697E-06	0	2.22036E-06	3.31854E-07	1.01548E-06	5.72807E-07	3.86279E-07	4.7728E-07
403	0	2.4466E-07	3.40403E-07	8.50619E-07	2.95622E-07	3.74786E-08	6.68918E-07	1.2978E-06	1.4297E-06	6.36987E-08	1.50306E-06	7.85693E-09	4.2126E-07	1.27154E-06	7.34525E-07	9.4895E-07
404	0	3.79404E-07	1.70101E-07	5.40899E-07	3.60418E-07	0	1.17908E-06	5.96585E-07	1.21247E-06	2.07133E-07	7.72554E-07	0	2.1641E-08	1.97985E-06	1.02168E-06	1.40778E-06
405	0	5.11425E-07	4.68781E-08	2.55932E-07	3.22857E-07	0	1.69076E-06	1.19198E-07	9.56546E-07	4.03677E-07	1.88857E-07	0	0	2.50787E-06	1.15196E-06	1.76353E-06
406	8.75138E-08	5.91419E-07	0	7.74165E-08	1.45744E-07	1.49016E-07	2.11638E-06	0	7.00299E-07	6.37557E-07	0	1.97833E-07	2.43937E-07	2.6809E-06	1.03883E-06	1.93364E-06
407	2.60052E-07	6.12087E-07	0	4.39602E-08	0	5.20596E-07	2.40679E-06	1.68564E-07	4.89309E-07	8.79042E-07	0	6.44049E-07	9.05709E-07	2.51225E-06	7.21277E-07	1.92982E-06
408	4.15739E-07	6.02303E-07	0	1.57603E-07	0	9.39489E-07	2.5469E-06	5.5265E-07	3.76012E-07	1.0868E-06	1.95949E-07	1.15288E-06	1.71477E-06	2.17729E-06	3.46119E-07	1.84543E-06
409	5.09818E-07	5.91549E-07	1.01132E-07	4.19136E-07	0	1.28851E-06	2.52301E-06	1.00552E-06	4.12005E-07	1.21996E-06	6.02707E-07	1.61761E-06	2.47117E-06	1.85321E-06	6.07644E-08	1.77462E-06
410	4.98454E-07	6.08701E-07	3.76641E-07	8.29336E-07	1.00755E-08	1.45287E-06	2.3217E-06	1.4014E-06	6.47826E-07	1.23846E-06	1.06652E-06	1.93375E-06	2.97906E-06	1.71353E-06	9.58753E-09	1.80962E-06
411	3.56118E-07	6.77339E-07	7.99886E-07	1.37558E-06	7.61882E-07	1.35589E-06	1.94911E-06	1.64451E-06	1.11594E-06	1.12903E-06	1.51925E-06	2.03239E-06	3.0955E-06	1.8921E-06	3.06207E-07	2.01981E-06
412	1.4822E-07	7.92471E-07	1.3128E-06	1.96861E-06	1.79435E-06	1.10522E-06	1.50357E-06	1.77856E-06	1.75315E-06	1.01073E-06	1.97557E-06	2.01379E-06	2.92475E-06	2.31971E-06	9.13663E-07	2.35273E-06
413	0	9.40524E-07	1.83458E-06	2.4959E-06	2.89054E-06	8.6871E-07	1.11496E-06	1.89337E-06	2.46638E-06	1.0456E-06	2.47776E-06	2.03398E-06	2.65321E-06	2.86383E-06	1.74646E-06	2.71888E-06
414	0	1.10816E-06	2.28584E-06	2.84687E-06	3.83726E-06	8.11279E-07	9.10882E-07	2.07722E-06	3.16421E-06	1.39286E-06	3.06735E-06	2.24628E-06	2.46405E-06	3.39427E-06	2.72058E-06	3.03027E-06
415	6.99597E-08	1.28235E-06	2.58908E-06	2.91382E-06	4.42643E-06	1.0939E-06	1.01601E-06	2.41647E-06	3.75749E-06	2.20766E-06	3.7849E-06	2.80038E-06	2.53643E-06	3.78405E-06	3.7537E-06	3.20156E-06
416	4.55638E-07	1.4616E-06	2.72371E-06	2.68686E-06	4.59759E-06	1.7738E-06	1.48851E-06	2.96826E-06	4.23807E-06	3.52459E-06	4.65404E-06	3.76137E-06	2.97544E-06	4.01182E-06	4.79814E-06	3.26169E-06
417	9.50362E-07	1.65382E-06	2.74843E-06	2.30742E-06	4.51559E-06	2.71239E-06	2.25907E-06	3.7167E-06	4.70976E-06	5.14035E-06	5.6341E-06	5.01783E-06	3.73345E-06	4.21286E-06	5.83237E-06	3.4186E-06
418	1.42058E-06	1.8708E-06	2.73609E-06	1.93953E-06	4.37838E-06	3.75355E-06	3.24776E-06	4.64387E-06	5.29607E-06	6.8319E-06	6.68629E-06	6.44651E-06	4.75347E-06	4.54718E-06	6.84537E-06	3.90567E-06
419	1.73389E-06	2.12427E-06	2.75891E-06	1.74575E-06	4.38217E-06	4.74254E-06	4.37533E-06	5.732E-06	6.11942E-06	8.37811E-06	7.77214E-06	7.92525E-06	5.97901E-06	5.17336E-06	7.82624E-06	4.95423E-06
420	1.77059E-06	2.42538E-06	2.88516E-06	1.87774E-06	4.70808E-06	5.53937E-06	5.56724E-06	6.96335E-06	7.29108E-06	9.57953E-06	8.8591E-06	9.34232E-06	7.35674E-06	6.2384E-06	8.7704E-06	6.7687E-06
421	1.55271E-06	2.77883E-06	3.14128E-06	2.36884E-06	5.37028E-06	6.16844E-06	6.79688E-06	8.31674E-06	8.7957E-06	1.04775E-05	9.98097E-06	1.06989E-05	8.86465E-06	7.76064E-06	9.74734E-06	9.24411E-06
422	1.19764E-06	3.18668E-06	3.52769E-06	3.17482E-06	6.27506E-06	6.767E-06	8.07343E-06	9.77353E-06	1.05388E-05	1.12796E-05	1.12215E-05	1.20776E-05	1.05066E-05	9.67713E-06	1.08814E-05	1.20749E-05
423	8.22931E-07	3.65037E-06	4.04363E-06	4.25002E-06	7.32652E-06	7.47188E-06	9.4055E-06	1.13138E-05	1.24237E-05	1.21926E-05	1.26626E-05	1.35597E-05	1.22854E-05	1.19226E-05	1.22948E-05	1.49536E-05
424	5.45035E-07	4.17132E-06	4.68835E-06	5.54919E-06	8.42966E-06	8.41858E-06	1.08016E-05	1.29179E-05	1.43547E-05	1.3421E-05	1.43853E-05	1.52257E-05	1.42038E-05	1.44326E-05	1.41085E-05	1.75756E-05
425	4.55609E-07	4.74885E-06	5.47487E-06	7.02981E-06	9.53606E-06	9.71569E-06	1.22847E-05	1.45845E-05	1.62784E-05	1.51218E-05	1.64595E-05	1.71529E-05	1.62967E-05	1.71691E-05	1.64249E-05	1.97649E-05
426	5.62771E-07	5.37214E-06	6.4607E-06	8.65313E-06	1.07512E-05	1.13757E-05	1.39205E-05	1.63674E-05	1.8276E-05	1.7282E-05	1.89084E-05	1.94E-05	1.87014E-05	2.01745E-05	1.9274E-05	2.17743E-05
427	8.56923E-07	6.03371E-06	7.71857E-06	1.03895E-05	1.22236E-05	1.34011E-05	1.57972E-05	1.83481E-05	2.04757E-05	1.98693E-05	2.17636E-05	2.20403E-05	2.15944E-05	2.35278E-05	2.26889E-05	2.39693E-05
428	1.3283E-06	6.72402E-06	9.31794E-06	1.2207E-05	1.40958E-05	1.57901E-05	1.79966E-05	2.06008E-05	2.29971E-05	2.28447E-05	2.50487E-05	2.51387E-05	2.51429E-05	2.72995E-05	2.66946E-05	2.67024E-05
429	1.96667E-06	7.43482E-06	1.13235E-05	1.40756E-05	1.6504E-05	1.85403E-05	2.05979E-05	2.31983E-05	2.59558E-05	2.61714E-05	2.87863E-05	2.87575E-05	2.95057E-05	3.15571E-05	3.13144E-05	3.03142E-05
430	2.74512E-06	8.19151E-06	1.36835E-05	1.60236E-05	1.94461E-05	2.16316E-05	2.36305E-05	2.6195E-05	2.94003E-05	2.98575E-05	3.29651E-05	3.29117E-05	3.46522E-05	3.62999E-05	3.65154E-05	3.49172E-05
431	3.62225E-06	9.06712E-06	1.62347E-05	1.81634E-05	2.27918E-05	2.50521E-05	2.70988E-05	2.96586E-05	3.33412E-05	3.39993E-05	3.75786E-05	3.76057E-05	4.03861E-05	4.14975E-05	4.22499E-05	4.04159E-05
432	4.55005E-06	1.01179E-05	1.87782E-05	2.05746E-05	2.63613E-05	2.87414E-05	3.09523E-05	3.35972E-05	3.77204E-05	3.8629E-05	4.25457E-05	4.27684E-05	4.64251E-05	4.70354E-05	4.83869E-05	4.66258E-05
433	5.48308E-06	1.14082E-05	2.11291E-05	2.33519E-05	2.99942E-05	3.266E-05	3.51637E-05	3.80449E-05	4.25092E-05	4.3808E-05	4.78177E-05	4.83615E-05	5.25222E-05	5.28353E-05	5.48311E-05	5.33978E-05
434	6.38733E-06	1.29904E-05	2.31557E-05	2.6575E-05	3.35721E-05	3.67819E-05	3.97183E-05	4.30329E-05	4.76881E-05	4.95861E-05	5.33629E-05	5.43636E-05	5.84934E-05	5.885E-05	6.15154E-05	6.06171E-05
435	7.29389E-06	1.48508E-05	2.50303E-05	3.02389E-05	3.72139E-05	4.11567E-05	4.46728E-05	4.85759E-05	5.32906E-05	5.59495E-05	5.92447E-05	6.08507E-05	6.45163E-05	6.52119E-05	6.85343E-05	6.83663E-05
436	8.26724E-06	1.6973E-05	2.70663E-05	3.43504E-05	4.1174E-05	4.59177E-05	5.01712E-05	5.475E-05	5.94423E-05	6.29392E-05	6.56417E-05	6.80175E-05	7.09845E-05	7.2206E-05	7.61334E-05	7.68928E-05
437	9.35381E-06	1.93047E-05	2.95149E-05	3.8843E-05	4.5615E-05	5.10969E-05	5.62478E-05	6.15128E-05	6.61381E-05	7.04594E-05	7.25866E-05	7.59094E-05	7.81319E-05	7.99569E-05	8.43896E-05	8.62766E-05
438	1.06069E-05	2.18089E-05	3.26516E-05	4.36814E-05	5.07363E-05	5.67692E-05	6.29827E-05	6.88724E-05	7.34287E-05	7.84733E-05	8.01752E-05	8.46345E-05	8.62588E-05	8.86569E-05	9.34509E-05	9.6666E-05
439	1.20203E-05	2.44041E-05	3.64966E-05	4.87186E-05	5.64656E-05	6.28317E-05	7.02196E-05	7.66411E-05	8.1152E-05	8.67703E-05	8.82971E-05	9.40011E-05	9.52766E-05	9.81739E-05	0.000103132	0.000107798
440	1.34895E-05	2.69358E-05	4.06513E-05	5.3624E-05	6.22843E-05	6.88895E-05	7.7414E-05	8.43102E-05	8.87965E-05	9.48541E-05	9.65036E-05	0.000103325	0.000104459	0.000107843	0.000112703	0.000118736
441	1.49191E-05	2.92776E-05	4.47324E-05	5.81197E-05	6.77136E-05	7.46101E-05	8.40867E-05	9.14509E-05	9.59333E-05	0.000102325	0.00010444	0.000112012	0.000113156	0.000117091	0.000121526	0.000128634
442	1.61814E-05	3.12383E-05	4.8259E-05	6.17989E-05	7.21254E-05	7.94957E-05	8.95722E-05	9.74318E-05	0.00010192	0.000108555	0.000111521	0.000119217	0.000120468	0.000125087	0.000128696	0.000136359
443	1.71699E-05	3.26681E-05	5.08272E-05	6.43412E-05	7.50117E-05	8.31501E-05	9.33384E-05	0.000101749	0.000106252	0.000113057	0.000117276	0.000124271	0.000125673	0.000131155	0.000133501	0.000141017
444	1.78395E-05	3.35214E-05	5.23212E-05	6.56751E-05	7.63248E-05	8.54092E-05	9.5283E-05	0.000104217	0.000108777	0.00011567	0.000121339	0.00012703	0.000128608	0.000134991	0.000135868	0.000142638
445	1.81758E-05	3.38053E-05	5.277E-05	6.5853E-05	7.62471E-05	8.62252E-05	9.55189E-05	0.000104806	0.000109517	0.000116394	0.000123395	0.000127615	0.000129393	0.000136471	0.000136045	0.000141716
446	1.8165E-05	3.35277E-05	5.22044E-05	6.49299E-05	7.49649E-05	8.55529E-05	9.41627E-05	0.000103493	0.000108501	0.000115234	0.000123128	0.000126151	0.000128152	0.000135476	0.000134281	0.000138753
447	1.77928E-05	3.26958E-05	5.0654E-05	6.29587E-05	7.26617E-05	8.33441E-05	9.13278E-05	0.000100248	0.00010575	0.000112191	0.000120223	0.000122759	0.000125003	0.000131883	0.000130825	0.000134245
448	1.70929E-05	3.13646E-05	4.82184E-05	6.00629E-05	6.95159E-05	7.96894E-05	8.71871E-05	9.52283E-05	0.000101393	0.000107407	0.000114696	0.000117632	0.000120131	0.000125818	0.000125917	0.000128597
449	1.61985E-05	2.96881E-05	4.51412E-05	5.65103E-05	6.56905E-05	7.49649E-05	8.20324E-05	8.89654E-05	9.57697E-05	0.000101314	0.000107252	0.000111103	0.000113855	0.000117926	0.000119776	0.000122004
450	1.52553E-05	2.78331E-05	4.16847E-05	5.25875E-05	6.13474E-05	6.9583E-05	7.61711E-05	8.20402E-05	8.92458E-05	9.438E-05	9.86874E-05	0.000103528	0.000106507	0.000108919	0.00011262	0.000114641
451	1.43874E-05	2.5927E-05	3.80536E-05	4.85071E-05	5.65619E-05	6.38595E-05	6.98044E-05	7.49206E-05	8.20635E-05	8.69417E-05	8.96613E-05	9.51134E-05	9.82718E-05	9.93566E-05	0.000104509	0.000106517
452	1.3751E-05	2.41684E-05	3.45669E-05	4.46237E-05	5.15988E-05	5.83006E-05	6.33628E-05	6.82855E-05	7.47326E-05	7.96004E-05	8.10901E-05	8.63887E-05	8.966E-05	9.0097E-05	9.58541E-05	9.80036E-05
453	1.33296E-05	2.2565E-05	3.13331E-05	4.10021E-05	4.66213E-05	5.30575E-05	5.7094E-05	6.22676E-05	6.75379E-05	7.25334E-05	7.32498E-05	7.77052E-05	8.09841E-05	8.14268E-05	8.69523E-05	8.93564E-05
454	1.30207E-05	2.10402E-05	2.83791E-05	3.75893E-05	4.17919E-05	4.81413E-05	5.12121E-05	5.67608E-05	6.07185E-05	6.57628E-05	6.61397E-05	6.9411E-05	7.25422E-05	7.34063E-05	7.8138E-05	8.08745E-05
455	1.27212E-05	1.95166E-05	2.57303E-05	3.43308E-05	3.72729E-05	4.35618E-05	4.59303E-05	5.16568E-05	5.45124E-05	5.93083E-05	5.97557E-05	6.18534E-05	6.46314E-05	6.60925E-05	6.97453E-05	7.28561E-05
456	1.23402E-05	1.79342E-05	2.34342E-05	3.12022E-05	3.32568E-05	3.93654E-05	4.14994E-05	4.68917E-05	4.92024E-05	5.32399E-05	5.41444E-05	5.54295E-05	5.76016E-05	5.95984E-05	6.21652E-05	6.56598E-05
457	1.18026E-05	1.62482E-05	2.14713E-05	2.81592E-05	2.98094E-05	3.55079E-05	3.7953E-05	4.23635E-05	4.48344E-05	4.75404E-05	4.92125E-05	5.02521E-05	5.15646E-05	5.38736E-05	5.55582E-05	5.93811E-05
458	1.11349E-05	1.455E-05	1.98059E-05	2.52944E-05	2.69074E-05	3.19693E-05	3.50759E-05	3.81537E-05	4.12066E-05	4.23085E-05	4.4864E-05	4.6118E-05	4.64378E-05	4.8847E-05	4.99333E-05	5.39068E-05
459	1.03762E-05	1.29474E-05	1.83964E-05	2.27139E-05	2.45096E-05	2.87268E-05	3.26125E-05	3.43622E-05	3.80758E-05	3.765E-05	4.0994E-05	4.2772E-05	4.21025E-05	4.44351E-05	4.5269E-05	4.90848E-05
460	9.56535E-06	1.15478E-05	1.72013E-05	2.0524E-05	2.25751E-05	2.57575E-05	3.03071E-05	3.10886E-05	3.51986E-05	3.3671E-05	3.74974E-05	3.99588E-05	3.844E-05	4.05543E-05	4.15436E-05	4.4763E-05
461	8.75255E-06	1.04644E-05	1.61993E-05	1.88423E-05	2.10865E-05	2.30746E-05	2.79643E-05	2.84558E-05	3.23974E-05	3.0504E-05	3.43232E-05	3.74856E-05	3.53832E-05	3.71766E-05	3.87726E-05	4.08566E-05
462	7.94643E-06	9.67987E-06	1.52875E-05	1.75663E-05	1.98939E-05	2.06455E-05	2.5504E-05	2.63141E-05	2.95847E-05	2.80087E-05	3.1355E-05	3.51296E-05	3.27607E-05	3.41732E-05	3.66579E-05	3.72366E-05
463	7.1626E-06	9.13849E-06	1.43701E-05	1.65314E-05	1.88424E-05	1.8495E-05	2.30119E-05	2.44562E-05	2.68402E-05	2.59948E-05	2.85604E-05	3.27789E-05	3.04646E-05	3.14886E-05	3.48519E-05	3.3894E-05
464	6.41665E-06	8.78339E-06	1.33509E-05	1.55709E-05	1.77753E-05	1.66487E-05	2.05753E-05	2.26718E-05	2.42452E-05	2.42694E-05	2.5907E-05	3.03212E-05	2.83863E-05	2.90669E-05	3.30032E-05	3.08201E-05
465	5.72426E-06	8.55732E-06	1.21331E-05	1.45174E-05	1.65357E-05	1.51318E-05	1.82822E-05	2.075E-05	2.18816E-05	2.2639E-05	2.33625E-05	2.76441E-05	2.64167E-05	2.6852E-05	3.07597E-05	2.80065E-05
466	5.10696E-06	8.40838E-06	1.07221E-05	1.33107E-05	1.50879E-05	1.39558E-05	1.62297E-05	1.86366E-05	1.98348E-05	2.10174E-05	2.09754E-05	2.4768E-05	2.45278E-05	2.48335E-05	2.80159E-05	2.54906E-05
467	4.55972E-06	8.2353E-06	9.25209E-06	1.20139E-05	1.35341E-05	1.3E-05	1.44098E-05	1.64617E-05	1.80489E-05	1.93859E-05	1.88045E-05	2.18005E-05	2.26779E-05	2.29117E-05	2.49686E-05	2.32146E-05
468	4.08806E-06	7.94871E-06	7.90459E-06	1.07401E-05	1.20343E-05	1.21617E-05	1.28461E-05	1.44294E-05	1.65023E-05	1.77869E-05	1.69663E-05	1.89275E-05	2.08852E-05	2.10375E-05	2.19273E-05	2.11751E-05
469	3.69752E-06	7.45804E-06	6.86338E-06	9.60411E-06	1.07503E-05	1.1337E-05	1.15623E-05	1.27467E-05	1.51728E-05	1.62634E-05	1.55791E-05	1.63376E-05	1.91678E-05	1.91615E-05	1.92056E-05	1.93686E-05
470	3.39131E-06	6.69273E-06	6.28772E-06	8.70819E-06	9.82584E-06	1.04355E-05	1.05771E-05	1.15933E-05	1.40374E-05	1.48558E-05	1.4738E-05	1.42056E-05	1.75448E-05	1.7245E-05	1.70853E-05	1.77929E-05
471	3.14191E-06	5.73801E-06	6.09374E-06	8.01173E-06	9.20323E-06	9.45987E-06	9.83023E-06	1.08645E-05	1.30215E-05	1.35308E-05	1.4283E-05	1.25331E-05	1.59841E-05	1.5294E-05	1.5502E-05	1.64004E-05
472	2.93438E-06	4.81311E-06	6.12682E-06	7.47422E-06	8.80488E-06	8.54582E-06	9.30904E-06	1.04082E-05	1.21415E-05	1.23417E-05	1.40487E-05	1.13492E-05	1.45734E-05	1.34794E-05	1.43567E-05	1.52679E-05
473	2.74113E-06	4.11251E-06	6.20821E-06	7.0221E-06	8.51606E-06	7.7912E-06	8.96136E-06	1.00281E-05	1.1362E-05	1.12867E-05	1.38163E-05	1.06271E-05	1.33358E-05	1.19075E-05	1.34842E-05	1.44066E-05
474	2.53514E-06	3.8285E-06	6.16054E-06	6.58253E-06	8.22285E-06	7.29265E-06	8.73513E-06	9.52939E-06	1.06482E-05	1.03637E-05	1.33683E-05	1.03393E-05	1.22936E-05	1.06835E-05	1.27205E-05	1.38272E-05
475	2.32573E-06	4.00256E-06	5.89895E-06	6.12916E-06	7.86525E-06	7.06875E-06	8.58433E-06	8.83615E-06	9.98998E-06	9.58312E-06	1.25977E-05	1.03975E-05	1.14331E-05	9.84534E-06	1.19824E-05	1.34992E-05
476	2.17628E-06	4.42331E-06	5.47632E-06	5.69864E-06	7.45452E-06	6.99703E-06	8.45465E-06	8.04658E-06	9.39773E-06	8.95552E-06	1.15511E-05	1.05936E-05	1.066E-05	9.30248E-06	1.12925E-05	1.32982E-05
477	2.16484E-06	4.87413E-06	4.98453E-06	5.36015E-06	7.04335E-06	6.97347E-06	8.32921E-06	7.31371E-06	8.9274E-06	8.53325E-06	1.03454E-05	1.07546E-05	9.92318E-06	8.99539E-06	1.07361E-05	1.31507E-05
478	2.36343E-06	5.13212E-06	4.50164E-06	5.16837E-06	6.66657E-06	6.8795E-06	8.1728E-06	6.76911E-06	8.61194E-06	8.34629E-06	9.06861E-06	1.06872E-05	9.14604E-06	8.84242E-06	1.03704E-05	1.29548E-05
479	2.81373E-06	5.01975E-06	4.09957E-06	5.16398E-06	6.35775E-06	6.61923E-06	7.95887E-06	6.51146E-06	8.46874E-06	8.40389E-06	7.81405E-06	1.0245E-05	8.27863E-06	8.77095E-06	1.02263E-05	1.26286E-05
480	3.3893E-06	4.60642E-06	3.81863E-06	5.3109E-06	6.14459E-06	6.22009E-06	7.70826E-06	6.45917E-06	8.42859E-06	8.59968E-06	6.71093E-06	9.53647E-06	7.41883E-06	8.75579E-06	1.01859E-05	1.2199E-05
481	3.90034E-06	4.04119E-06	3.68264E-06	5.53861E-06	6.04397E-06	5.74396E-06	7.44752E-06	6.45916E-06	8.38052E-06	8.77506E-06	5.89163E-06	8.74587E-06	6.70573E-06	8.77582E-06	1.00662E-05	1.17141E-05
482	4.16896E-06	3.48514E-06	3.72565E-06	5.7923E-06	6.08979E-06	5.27007E-06	7.22496E-06	6.37828E-06	8.23889E-06	8.79779E-06	5.50542E-06	8.0829E-06	6.29769E-06	8.83507E-06	9.71525E-06	1.12563E-05
483	4.02244E-06	3.08668E-06	3.97226E-06	6.01145E-06	6.30363E-06	4.86616E-06	7.07502E-06	6.08139E-06	7.91097E-06	8.53138E-06	5.68168E-06	7.73403E-06	6.33292E-06	8.92403E-06	8.97683E-06	1.08874E-05
484	3.46933E-06	2.9043E-06	4.36298E-06	6.16051E-06	6.63187E-06	4.57331E-06	6.98198E-06	5.58012E-06	7.40717E-06	7.99821E-06	6.36818E-06	7.72965E-06	6.78264E-06	9.0062E-06	7.91313E-06	1.06229E-05
485	2.71201E-06	2.90044E-06	4.74841E-06	6.2305E-06	6.94036E-06	4.40418E-06	6.87643E-06	5.04298E-06	6.84813E-06	7.39058E-06	7.3185E-06	7.93324E-06	7.43952E-06	9.0162E-06	6.8198E-06	1.04298E-05
486	1.9641E-06	3.04E-06	4.9876E-06	6.22762E-06	7.10843E-06	4.37949E-06	6.702E-06	4.65433E-06	6.37239E-06	6.92187E-06	8.29815E-06	8.21996E-06	8.10797E-06	8.90771E-06	6.01346E-06	1.02954E-05
487	1.42529E-06	3.27601E-06	4.91941E-06	6.1302E-06	6.98532E-06	4.50098E-06	6.37223E-06	4.57514E-06	6.08734E-06	6.77149E-06	9.04269E-06	8.43154E-06	8.56151E-06	8.59456E-06	5.77886E-06	1.01615E-05
488	1.24092E-06	3.56711E-06	4.47239E-06	5.94612E-06	6.49904E-06	4.76449E-06	5.86706E-06	4.9095E-06	6.07202E-06	7.05322E-06	9.37657E-06	8.47705E-06	8.65855E-06	8.06614E-06	6.28211E-06	1.00078E-05
489	1.35517E-06	3.86864E-06	3.83621E-06	5.73537E-06	5.78638E-06	5.11341E-06	5.33285E-06	5.53607E-06	6.26E-06	7.60963E-06	9.36675E-06	8.4289E-06	8.48447E-06	7.49364E-06	7.24576E-06	9.86042E-06
490	1.67139E-06	4.13545E-06	3.2531E-06	5.56831E-06	5.02621E-06	5.48064E-06	4.94936E-06	6.28795E-06	6.55537E-06	8.22854E-06	9.12946E-06	8.39254E-06	8.17064E-06	7.08468E-06	8.3029E-06	9.75506E-06
491	2.09715E-06	4.3304E-06	2.96939E-06	5.52488E-06	4.40442E-06	5.80985E-06	4.90424E-06	7.01169E-06	6.87508E-06	8.71449E-06	8.79613E-06	8.48812E-06	7.86189E-06	7.05851E-06	9.10477E-06	9.74465E-06
492	2.53938E-06	4.40687E-06	3.19406E-06	5.65594E-06	4.07629E-06	6.03093E-06	5.34432E-06	7.54372E-06	7.11838E-06	8.86154E-06	8.46092E-06	8.79261E-06	7.66571E-06	7.58182E-06	9.30841E-06	9.84262E-06
493	2.96117E-06	4.38775E-06	3.84887E-06	5.91804E-06	4.0655E-06	6.14979E-06	6.15867E-06	7.86862E-06	7.25911E-06	8.69291E-06	8.19181E-06	9.24947E-06	7.61864E-06	8.52078E-06	8.98559E-06	1.00279E-05
494	3.35935E-06	4.33522E-06	4.67094E-06	6.202E-06	4.30658E-06	6.21427E-06	7.06848E-06	8.05766E-06	7.31088E-06	8.36712E-06	8.02983E-06	9.70887E-06	7.70314E-06	9.5444E-06	8.4603E-06	1.02465E-05
495	3.7312E-06	4.31218E-06	5.39398E-06	6.39742E-06	4.73258E-06	6.27296E-06	7.79174E-06	8.18361E-06	7.28794E-06	8.04509E-06	8.01568E-06	1.00192E-05	7.90078E-06	1.0318E-05	8.06111E-06	1.0444E-05
496	4.0767E-06	4.38403E-06	5.75764E-06	6.39926E-06	5.28015E-06	6.37871E-06	8.05419E-06	8.32469E-06	7.20984E-06	7.89239E-06	8.19527E-06	1.00373E-05	8.19869E-06	1.05167E-05	8.12004E-06	1.05736E-05
497	4.37546E-06	4.55637E-06	5.67627E-06	6.17677E-06	5.88587E-06	6.55139E-06	7.76887E-06	8.5091E-06	7.10404E-06	7.97348E-06	8.55867E-06	9.7264E-06	8.55964E-06	1.00421E-05	8.74331E-06	1.06148E-05
498	4.58417E-06	4.7475E-06	5.37376E-06	5.84344E-06	6.49996E-06	6.77465E-06	7.18701E-06	8.70594E-06	7.03347E-06	8.20768E-06	9.02637E-06	9.25972E-06	8.92935E-06	9.2076E-06	9.68239E-06	1.06222E-05
499	4.65694E-06	4.86676E-06	5.10429E-06	5.52664E-06	7.07347E-06	7.02815E-06	6.59283E-06	8.87801E-06	7.06429E-06	8.49951E-06	9.51129E-06	8.83047E-06	9.25117E-06	8.3665E-06	1.06532E-05	1.06573E-05
500	4.54761E-06	4.82302E-06	5.12328E-06	5.35438E-06	7.55718E-06	7.29146E-06	6.27193E-06	8.98793E-06	7.26295E-06	8.75304E-06	9.92593E-06	8.63286E-06	9.46815E-06	7.87396E-06	1.13702E-05	1.0782E-05
501	4.22649E-06	4.55098E-06	5.59988E-06	5.41586E-06	7.89222E-06	7.52545E-06	6.42136E-06	8.99563E-06	7.65646E-06	8.88056E-06	1.01763E-05	8.79303E-06	9.5205E-06	7.98202E-06	1.15959E-05	1.10133E-05
502	3.81097E-06	4.18206E-06	6.38175E-06	5.70211E-06	8.10074E-06	7.72353E-06	6.9199E-06	8.99319E-06	8.20621E-06	8.97623E-06	1.03014E-05	9.2543E-06	9.4885E-06	8.57992E-06	1.15082E-05	1.13336E-05
503	3.44288E-06	3.88559E-06	7.20517E-06	6.15533E-06	8.20075E-06	7.86162E-06	7.53064E-06	9.07684E-06	8.82803E-06	9.15398E-06	1.03424E-05	9.87451E-06	9.4573E-06	9.42189E-06	1.13628E-05	1.16745E-05
504	3.26342E-06	3.83013E-06	7.80762E-06	6.718E-06	8.21015E-06	7.91577E-06	8.01773E-06	9.34235E-06	9.43811E-06	9.5272E-06	1.034E-05	1.05122E-05	9.51166E-06	1.02633E-05	1.14141E-05	1.19682E-05
505	3.40334E-06	4.1699E-06	7.9458E-06	7.33377E-06	8.1471E-06	7.86565E-06	8.16249E-06	9.8726E-06	9.95824E-06	1.0198E-05	1.03324E-05	1.10334E-05	9.73152E-06	1.08733E-05	1.18944E-05	1.21545E-05
506	3.85389E-06	4.86586E-06	7.64394E-06	7.96582E-06	8.04034E-06	7.7481E-06	7.98608E-06	1.05783E-05	1.03935E-05	1.11213E-05	1.03325E-05	1.14137E-05	1.01402E-05	1.12141E-05	1.27389E-05	1.22888E-05
507	4.49468E-06	5.72531E-06	7.10957E-06	8.57603E-06	7.90931E-06	7.62609E-06	7.67186E-06	1.12198E-05	1.07899E-05	1.21195E-05	1.03118E-05	1.16869E-05	1.0698E-05	1.1369E-05	1.36347E-05	1.24874E-05
508	5.20539E-06	6.55515E-06	6.56075E-06	9.13179E-06	7.77981E-06	7.56955E-06	7.41337E-06	1.15618E-05	1.1202E-05	1.30198E-05	1.02495E-05	1.18968E-05	1.13714E-05	1.14325E-05	1.42726E-05	1.28778E-05
509	5.86634E-06	7.16371E-06	6.21407E-06	9.6008E-06	7.6777E-06	7.64778E-06	7.40266E-06	1.13715E-05	1.16839E-05	1.36509E-05	1.01252E-05	1.20868E-05	1.21265E-05	1.14985E-05	1.43465E-05	1.35856E-05
510	6.39665E-06	7.45912E-06	6.18594E-06	9.97604E-06	7.63726E-06	7.88254E-06	7.72439E-06	1.06217E-05	1.22381E-05	1.39308E-05	9.96605E-06	1.22825E-05	1.28832E-05	1.16322E-05	1.37904E-05	1.46008E-05
511	6.76921E-06	7.50976E-06	6.40106E-06	1.02726E-05	7.69074E-06	8.19325E-06	8.25467E-06	9.62793E-06	1.27484E-05	1.39054E-05	9.86176E-06	1.24506E-05	1.34506E-05	1.18213E-05	1.29352E-05	1.56386E-05
512	6.99298E-06	7.43563E-06	6.79263E-06	1.05544E-05	7.90495E-06	8.52553E-06	8.88393E-06	8.78908E-06	1.31436E-05	1.36995E-05	9.95373E-06	1.26087E-05	1.36877E-05	1.20995E-05	1.22157E-05	1.64554E-05
513	7.06391E-06	7.33978E-06	7.28083E-06	1.08635E-05	8.32913E-06	8.80879E-06	9.48749E-06	8.47493E-06	1.3328E-05	1.34066E-05	1.03597E-05	1.27478E-05	1.34285E-05	1.24748E-05	1.20305E-05	1.67802E-05
514	6.99075E-06	7.30247E-06	7.79397E-06	1.12219E-05	8.98102E-06	9.00284E-06	9.96737E-06	8.94283E-06	1.3245E-05	1.31098E-05	1.11417E-05	1.28707E-05	1.25943E-05	1.2945E-05	1.26557E-05	1.64421E-05
515	6.83732E-06	7.30917E-06	8.29246E-06	1.15662E-05	9.74385E-06	9.19648E-06	1.03368E-05	9.97675E-06	1.30042E-05	1.2852E-05	1.21253E-05	1.30301E-05	1.14774E-05	1.34641E-05	1.38518E-05	1.56933E-05
516	6.68204E-06	7.3204E-06	8.74602E-06	1.18108E-05	1.04661E-05	9.51281E-06	1.06391E-05	1.1236E-05	1.27597E-05	1.26654E-05	1.30747E-05	1.32927E-05	1.04677E-05	1.39752E-05	1.52435E-05	1.48981E-05
517	6.6019E-06	7.29641E-06	9.12395E-06	1.18701E-05	1.0997E-05	1.00729E-05	1.09162E-05	1.23823E-05	1.2663E-05	1.25806E-05	1.37552E-05	1.37229E-05	9.95023E-06	1.44208E-05	1.64582E-05	1.44157E-05
518	6.66602E-06	7.20494E-06	9.3991E-06	1.16718E-05	1.12042E-05	1.09766E-05	1.12064E-05	1.31081E-05	1.28491E-05	1.26239E-05	1.39591E-05	1.43714E-05	1.0267E-05	1.47485E-05	1.71569E-05	1.45667E-05
519	6.85994E-06	7.08955E-06	9.57692E-06	1.12773E-05	1.11417E-05	1.20954E-05	1.15042E-05	1.34062E-05	1.32809E-05	1.27704E-05	1.37471E-05	1.51309E-05	1.13121E-05	1.49493E-05	1.73331E-05	1.52708E-05
520	7.11769E-06	7.04046E-06	9.68297E-06	1.08302E-05	1.09783E-05	1.31601E-05	1.17776E-05	1.34547E-05	1.38149E-05	1.2963E-05	1.33457E-05	1.57972E-05	1.27037E-05	1.50412E-05	1.71855E-05	1.61999E-05
521	7.38669E-06	7.16089E-06	9.76085E-06	1.04935E-05	1.0903E-05	1.39277E-05	1.20162E-05	1.34579E-05	1.43337E-05	1.31691E-05	1.30054E-05	1.61963E-05	1.40853E-05	1.50699E-05	1.69452E-05	1.70572E-05
522	7.58916E-06	7.52506E-06	9.81794E-06	1.03864E-05	1.10598E-05	1.41125E-05	1.21673E-05	1.35656E-05	1.46717E-05	1.33095E-05	1.29225E-05	1.61017E-05	1.50622E-05	1.50263E-05	1.67753E-05	1.7493E-05
523	7.68298E-06	8.10177E-06	9.87281E-06	1.0521E-05	1.14665E-05	1.36647E-05	1.22288E-05	1.38245E-05	1.4757E-05	1.33622E-05	1.31557E-05	1.55286E-05	1.55045E-05	1.49552E-05	1.67658E-05	1.74028E-05
524	7.65587E-06	8.70609E-06	9.93564E-06	1.07439E-05	1.1951E-05	1.28112E-05	1.22374E-05	1.41151E-05	1.46081E-05	1.33485E-05	1.35535E-05	1.47696E-05	1.5599E-05	1.49362E-05	1.68703E-05	1.69631E-05
525	7.49758E-06	9.14323E-06	1.0016E-05	1.08909E-05	1.23284E-05	1.17965E-05	1.22319E-05	1.43073E-05	1.42493E-05	1.32927E-05	1.39504E-05	1.41351E-05	1.55529E-05	1.5051E-05	1.7033E-05	1.6369E-05
526	7.20066E-06	9.22259E-06	1.01273E-05	1.08028E-05	1.24197E-05	1.08691E-05	1.2256E-05	1.42766E-05	1.37099E-05	1.32239E-05	1.41869E-05	1.39396E-05	1.55789E-05	1.53867E-05	1.72052E-05	1.58207E-05
527	6.78806E-06	8.85841E-06	1.02676E-05	1.04106E-05	1.21339E-05	1.02145E-05	1.23237E-05	1.39591E-05	1.30446E-05	1.31581E-05	1.41689E-05	1.43438E-05	1.58021E-05	1.59504E-05	1.73289E-05	1.5463E-05
528	6.38219E-06	8.2667E-06	1.04183E-05	9.91398E-06	1.1645E-05	9.88176E-06	1.24004E-05	1.3487E-05	1.24087E-05	1.31084E-05	1.40096E-05	1.51311E-05	1.61511E-05	1.65713E-05	1.73633E-05	1.53312E-05
529	6.12127E-06	7.71257E-06	1.05575E-05	9.55588E-06	1.11703E-05	9.89599E-06	1.24425E-05	1.30235E-05	1.19736E-05	1.30863E-05	1.38558E-05	1.6022E-05	1.65216E-05	1.70481E-05	1.7269E-05	1.5442E-05
530	6.14341E-06	7.46088E-06	1.06631E-05	9.57901E-06	1.09265E-05	1.02825E-05	1.24065E-05	1.27318E-05	1.19103E-05	1.31035E-05	1.38539E-05	1.67374E-05	1.68091E-05	1.718E-05	1.70068E-05	1.58117E-05
531	6.54391E-06	7.71141E-06	1.07147E-05	1.01583E-05	1.10787E-05	1.10371E-05	1.22655E-05	1.27412E-05	1.23386E-05	1.31671E-05	1.41126E-05	1.70492E-05	1.69212E-05	1.68235E-05	1.65581E-05	1.64362E-05
532	7.17933E-06	8.30137E-06	1.07004E-05	1.10904E-05	1.15028E-05	1.19901E-05	1.20854E-05	1.29914E-05	1.30921E-05	1.32586E-05	1.45302E-05	1.70143E-05	1.68319E-05	1.61541E-05	1.60176E-05	1.71948E-05
533	7.82358E-06	8.94239E-06	1.06112E-05	1.2041E-05	1.19745E-05	1.29151E-05	1.19641E-05	1.33569E-05	1.39051E-05	1.33507E-05	1.49319E-05	1.67883E-05	1.65379E-05	1.54584E-05	1.55198E-05	1.79268E-05
534	8.25068E-06	9.34621E-06	1.04381E-05	1.26761E-05	1.22698E-05	1.35855E-05	1.19997E-05	1.3712E-05	1.45121E-05	1.34163E-05	1.51432E-05	1.65267E-05	1.60363E-05	1.50225E-05	1.51988E-05	1.84715E-05
535	8.25595E-06	9.25065E-06	1.01762E-05	1.26923E-05	1.21838E-05	1.3793E-05	1.22772E-05	1.39388E-05	1.46701E-05	1.3431E-05	1.50091E-05	1.63709E-05	1.53335E-05	1.51048E-05	1.51739E-05	1.8682E-05
536	7.88478E-06	8.69983E-06	9.86392E-06	1.21497E-05	1.17371E-05	1.35381E-05	1.27228E-05	1.40043E-05	1.43958E-05	1.34019E-05	1.46028E-05	1.62873E-05	1.45441E-05	1.56263E-05	1.53781E-05	1.85649E-05
537	7.35552E-06	7.94889E-06	9.57845E-06	1.13598E-05	1.11107E-05	1.29731E-05	1.317E-05	1.39457E-05	1.38915E-05	1.33694E-05	1.41629E-05	1.61426E-05	1.38687E-05	1.62998E-05	1.56363E-05	1.82462E-05
538	6.88596E-06	7.25259E-06	9.39344E-06	1.06333E-05	1.04833E-05	1.22472E-05	1.34466E-05	1.37959E-05	1.33572E-05	1.33693E-05	1.39243E-05	1.57958E-05	1.35027E-05	1.68296E-05	1.57662E-05	1.78471E-05
539	6.68804E-06	6.85971E-06	9.37981E-06	1.02729E-05	1.00306E-05	1.15088E-05	1.33862E-05	1.35879E-05	1.29877E-05	1.3436E-05	1.4114E-05	1.51126E-05	1.36346E-05	1.69283E-05	1.55917E-05	1.74864E-05
540	6.80874E-06	6.85373E-06	9.52893E-06	1.03569E-05	9.84133E-06	1.08864E-05	1.29891E-05	1.33536E-05	1.2845E-05	1.35515E-05	1.47281E-05	1.4151E-05	1.42425E-05	1.65466E-05	1.51114E-05	1.72215E-05
541	7.11561E-06	7.13828E-06	9.75607E-06	1.0722E-05	9.92052E-06	1.05027E-05	1.24693E-05	1.31457E-05	1.2858E-05	1.36605E-05	1.55208E-05	1.3214E-05	1.50859E-05	1.59375E-05	1.45508E-05	1.70671E-05
542	7.44339E-06	7.58436E-06	9.9399E-06	1.11565E-05	1.02357E-05	1.04439E-05	1.20085E-05	1.2973E-05	1.29047E-05	1.36593E-05	1.61828E-05	1.25705E-05	1.58642E-05	1.5314E-05	1.40965E-05	1.69772E-05
543	7.63772E-06	8.074E-06	9.97467E-06	1.14654E-05	1.07704E-05	1.08147E-05	1.18106E-05	1.28662E-05	1.28847E-05	1.34666E-05	1.64279E-05	1.25141E-05	1.62989E-05	1.49173E-05	1.39606E-05	1.69345E-05
544	7.61489E-06	8.51293E-06	9.82082E-06	1.15391E-05	1.14481E-05	1.15912E-05	1.19619E-05	1.2828E-05	1.27611E-05	1.30856E-05	1.61291E-05	1.31318E-05	1.62577E-05	1.48968E-05	1.42281E-05	1.69156E-05
545	7.43229E-06	8.85447E-06	9.57091E-06	1.14376E-05	1.20726E-05	1.24925E-05	1.23146E-05	1.28044E-05	1.26236E-05	1.26883E-05	1.54764E-05	1.40985E-05	1.5899E-05	1.52171E-05	1.47293E-05	1.68847E-05
546	7.16216E-06	9.05483E-06	9.33081E-06	1.12384E-05	1.24294E-05	1.32028E-05	1.26888E-05	1.27309E-05	1.25736E-05	1.24632E-05	1.46937E-05	1.50345E-05	1.54121E-05	1.58167E-05	1.52594E-05	1.67997E-05
547	6.88134E-06	9.07522E-06	9.21227E-06	1.10257E-05	1.23103E-05	1.34121E-05	1.29111E-05	1.25501E-05	1.27199E-05	1.2607E-05	1.40151E-05	1.55672E-05	1.49962E-05	1.66421E-05	1.56213E-05	1.66281E-05
548	6.65174E-06	8.89756E-06	9.28883E-06	1.08636E-05	1.16132E-05	1.29359E-05	1.28635E-05	1.22385E-05	1.31065E-05	1.32203E-05	1.36071E-05	1.54642E-05	1.479E-05	1.75997E-05	1.56825E-05	1.6361E-05
549	6.492E-06	8.58187E-06	9.5144E-06	1.07586E-05	1.06059E-05	1.20233E-05	1.26275E-05	1.18993E-05	1.35691E-05	1.40919E-05	1.34245E-05	1.498E-05	1.47445E-05	1.84755E-05	1.55427E-05	1.60856E-05
550	6.41167E-06	8.20472E-06	9.8176E-06	1.0705E-05	9.63452E-06	1.10155E-05	1.23268E-05	1.16627E-05	1.38996E-05	1.49444E-05	1.33774E-05	1.44724E-05	1.4771E-05	1.90292E-05	1.53506E-05	1.59094E-05
551	6.41819E-06	7.84031E-06	1.01234E-05	1.06937E-05	9.04339E-06	1.0251E-05	1.20812E-05	1.16552E-05	1.38846E-05	1.54945E-05	1.33711E-05	1.42954E-05	1.47755E-05	1.90136E-05	1.52501E-05	1.59352E-05
552	6.51128E-06	7.555E-06	1.03658E-05	1.07149E-05	9.10565E-06	1.00128E-05	1.19951E-05	1.19745E-05	1.3378E-05	1.55288E-05	1.33403E-05	1.47296E-05	1.46947E-05	1.82728E-05	1.5377E-05	1.62513E-05
553	6.62179E-06	7.33724E-06	1.04898E-05	1.07124E-05	9.65718E-06	1.02253E-05	1.20346E-05	1.25089E-05	1.25545E-05	1.51648E-05	1.33299E-05	1.55855E-05	1.45781E-05	1.70808E-05	1.57568E-05	1.68025E-05
554	6.6574E-06	7.14949E-06	1.04452E-05	1.0615E-05	1.03835E-05	1.06901E-05	1.21192E-05	1.30755E-05	1.17011E-05	1.46362E-05	1.34247E-05	1.65124E-05	1.45157E-05	1.58633E-05	1.63786E-05	1.74851E-05
555	6.52561E-06	6.95411E-06	1.01817E-05	1.03514E-05	1.09694E-05	1.12084E-05	1.21683E-05	1.34909E-05	1.11057E-05	1.41774E-05	1.37095E-05	1.71586E-05	1.45979E-05	1.50467E-05	1.72315E-05	1.81956E-05
556	6.16495E-06	6.73907E-06	9.69004E-06	9.89718E-06	1.11669E-05	1.16315E-05	1.215E-05	1.36343E-05	1.1058E-05	1.40448E-05	1.42988E-05	1.72667E-05	1.49491E-05	1.50504E-05	1.83452E-05	1.88922E-05
557	5.59703E-06	6.50955E-06	9.02094E-06	9.33555E-06	1.09854E-05	1.1902E-05	1.2087E-05	1.3519E-05	1.15134E-05	1.42493E-05	1.51237E-05	1.68843E-05	1.55318E-05	1.57525E-05	1.95432E-05	1.95012E-05
558	4.92825E-06	6.32215E-06	8.32002E-06	8.8715E-06	1.06369E-05	1.20764E-05	1.21046E-05	1.33108E-05	1.23142E-05	1.47548E-05	1.60969E-05	1.6325E-05	1.63075E-05	1.6829E-05	2.06362E-05	2.00371E-05
559	4.26704E-06	6.2345E-06	7.73541E-06	8.71356E-06	1.0338E-05	1.22125E-05	1.23301E-05	1.31785E-05	1.3299E-05	1.55241E-05	1.71291E-05	1.59088E-05	1.72363E-05	1.79494E-05	2.14318E-05	2.0515E-05
560	3.72067E-06	6.30086E-06	7.41235E-06	9.05563E-06	1.02984E-05	1.23683E-05	1.28811E-05	1.32889E-05	1.43119E-05	1.65177E-05	1.81349E-05	1.59467E-05	1.8281E-05	1.88008E-05	2.17595E-05	2.09588E-05
561	3.34619E-06	6.48887E-06	7.39579E-06	9.79716E-06	1.054E-05	1.25386E-05	1.36501E-05	1.36922E-05	1.52453E-05	1.76017E-05	1.9025E-05	1.64902E-05	1.93639E-05	1.93154E-05	2.17189E-05	2.14353E-05
562	3.19977E-06	6.76804E-06	7.73169E-06	1.07093E-05	1.10517E-05	1.28051E-05	1.44982E-05	1.44921E-05	1.61889E-05	1.87523E-05	1.99087E-05	1.75631E-05	2.05801E-05	1.98237E-05	2.18574E-05	2.22732E-05
563	3.3199E-06	7.08215E-06	8.434E-06	1.15246E-05	1.17784E-05	1.3201E-05	1.5235E-05	1.5739E-05	1.71819E-05	1.98845E-05	2.08292E-05	1.91223E-05	2.19566E-05	2.0591E-05	2.26436E-05	2.37223E-05
564	3.74086E-06	7.37644E-06	9.51063E-06	1.19866E-05	1.26663E-05	1.37598E-05	1.56816E-05	1.74765E-05	1.82653E-05	2.09195E-05	2.18318E-05	2.11246E-05	2.35232E-05	2.18782E-05	2.45297E-05	2.60232E-05
565	4.39504E-06	7.62904E-06	1.08205E-05	1.21038E-05	1.368E-05	1.45295E-05	1.59398E-05	1.95836E-05	1.95282E-05	2.19399E-05	2.3029E-05	2.35155E-05	2.53724E-05	2.38597E-05	2.75926E-05	2.92071E-05
566	5.10769E-06	7.8506E-06	1.20647E-05	1.21575E-05	1.48006E-05	1.55695E-05	1.63999E-05	2.17639E-05	2.11049E-05	2.31905E-05	2.45973E-05	2.62238E-05	2.76562E-05	2.6614E-05	3.15122E-05	3.30808E-05
567	5.70146E-06	8.05659E-06	1.29429E-05	1.24465E-05	1.60161E-05	1.6946E-05	1.74715E-05	2.3722E-05	2.314E-05	2.49325E-05	2.67259E-05	2.91878E-05	3.05399E-05	3.02251E-05	3.5962E-05	3.74533E-05
568	6.00115E-06	8.26164E-06	1.31618E-05	1.32621E-05	1.73143E-05	1.87224E-05	1.95536E-05	2.51704E-05	2.57736E-05	2.74214E-05	2.95986E-05	3.23477E-05	3.41835E-05	3.47724E-05	4.06209E-05	4.21375E-05
569	5.93824E-06	8.51303E-06	1.27995E-05	1.47349E-05	1.87951E-05	2.0977E-05	2.2787E-05	2.63039E-05	2.91466E-05	3.08871E-05	3.34049E-05	3.59159E-05	3.87716E-05	4.03569E-05	4.55766E-05	4.73276E-05
570	5.58964E-06	8.9027E-06	1.24411E-05	1.67757E-05	2.07121E-05	2.38095E-05	2.69604E-05	2.79739E-05	3.34004E-05	3.55252E-05	3.8342E-05	4.0477E-05	4.45215E-05	4.71091E-05	5.14741E-05	5.37385E-05
571	5.04289E-06	9.52636E-06	1.2707E-05	1.92816E-05	2.3331E-05	2.73226E-05	3.18406E-05	3.10798E-05	3.86794E-05	4.15314E-05	4.4611E-05	4.66443E-05	5.16568E-05	5.5166E-05	5.90021E-05	6.21257E-05
572	4.38459E-06	1.0477E-05	1.42093E-05	2.21488E-05	2.69117E-05	3.16155E-05	3.71936E-05	3.65076E-05	4.51228E-05	4.9095E-05	5.24063E-05	5.502E-05	6.03942E-05	6.46587E-05	6.88365E-05	7.32309E-05
573	3.72529E-06	1.17721E-05	1.71704E-05	2.53988E-05	3.15897E-05	3.68247E-05	4.30476E-05	4.46746E-05	5.29269E-05	5.83654E-05	6.19554E-05	6.59877E-05	7.10596E-05	7.59267E-05	8.15009E-05	8.75959E-05
574	3.21621E-06	1.32976E-05	2.11389E-05	2.92679E-05	3.72837E-05	4.31479E-05	4.98791E-05	5.5186E-05	6.23831E-05	6.94197E-05	7.35383E-05	7.95499E-05	8.41615E-05	8.96631E-05	9.72513E-05	0.000105411
575	3.0122E-06	1.49268E-05	2.55982E-05	3.40129E-05	4.38906E-05	5.07889E-05	5.82078E-05	6.75678E-05	7.37913E-05	8.23277E-05	8.74394E-05	9.56711E-05	0.000100225	0.000106595	0.000116316	0.000126832
576	3.2633E-06	1.65166E-05	3.00029E-05	3.9847E-05	5.12545E-05	5.98869E-05	6.84782E-05	8.12626E-05	8.73579E-05	9.70571E-05	0.000103832	0.000114195	0.000119646	0.000127309	0.000138776	0.000151853
577	3.97542E-06	1.81024E-05	3.41881E-05	4.69819E-05	5.94935E-05	7.07127E-05	8.11298E-05	9.62138E-05	0.000103501	0.000113994	0.000123176	0.000135402	0.000142954	0.000152468	0.000165104	0.000180917
578	4.8382E-06	2.00123E-05	3.86469E-05	5.54483E-05	6.90673E-05	8.35469E-05	9.6288E-05	0.000113056	0.000122697	0.00013397	0.000146072	0.000159975	0.000170434	0.000182336	0.000195989	0.000214746
579	5.504E-06	2.26109E-05	4.39544E-05	6.52581E-05	8.04806E-05	9.86755E-05	0.000114045	0.000132515	0.000145436	0.000157873	0.000173144	0.00018866	0.000202352	0.000217139	0.000232155	0.000254106
580	5.62816E-06	2.62593E-05	5.06812E-05	7.64231E-05	9.42339E-05	0.000116382	0.000134493	0.000155309	0.000172202	0.000186587	0.000205011	0.000222194	0.000238972	0.0002571	0.000274318	0.00029976
581	5.06734E-06	3.11791E-05	5.92838E-05	8.91562E-05	0.000110853	0.000137089	0.000158054	0.000182328	0.000203711	0.000221067	0.000242581	0.000261703	0.000281184	0.00030309	0.000323701	0.000353079
582	4.12086E-06	3.70096E-05	6.94785E-05	0.000103458	0.000130059	0.000160486	0.000184717	0.000213446	0.000239651	0.000260724	0.000285567	0.000307213	0.000329205	0.000355183	0.000380222	0.000414172
583	3.16931E-06	4.33597E-05	8.09826E-05	0.000119465	0.000151658	0.000186407	0.0002147	0.000248725	0.00027993	0.00030514	0.00033395	0.000359074	0.000383674	0.000413894	0.000444203	0.000483611
584	2.59325E-06	4.98384E-05	9.35134E-05	0.000137314	0.000175458	0.000214683	0.000248222	0.00028823	0.000324454	0.000353902	0.000387711	0.000417632	0.00044523	0.000479739	0.000515966	0.000561969
585	2.62497E-06	5.61931E-05	0.00010687	0.000157041	0.000201255	0.00024521	0.000285315	0.000331827	0.000373041	0.00040665	0.000446682	0.000482806	0.000514019	0.000552822	0.000595486	0.000649297
586	3.09149E-06	6.26325E-05	0.000121232	0.000178623	0.000229114	0.000278401	0.000325902	0.000379313	0.000425792	0.00046378	0.000510933	0.000554027	0.00058957	0.00063291	0.000682643	0.00074515
587	3.74368E-06	6.92895E-05	0.00013655	0.000201598	0.00025859	0.000314088	0.000369111	0.000429567	0.000481836	0.000524695	0.000579349	0.000629314	0.000669895	0.000718195	0.000775668	0.000847218
588	4.33433E-06	7.63607E-05	0.000152892	0.000225677	0.000289457	0.000352372	0.000414375	0.000481823	0.000540704	0.000589246	0.000651296	0.000707206	0.00075356	0.000807467	0.000873433	0.000953888
589	4.68471E-06	8.39896E-05	0.00017026	0.000250644	0.000321541	0.000393173	0.000461231	0.000535527	0.000601984	0.000657144	0.000726143	0.000786667	0.000839471	0.000899745	0.00097493	0.001063887
590	4.82151E-06	9.21597E-05	0.000188455	0.00027651	0.000354818	0.000435875	0.000509529	0.000590749	0.000665416	0.000727689	0.000803258	0.000867938	0.000927564	0.000994738	0.001079511	0.001176972
591	4.82205E-06	0.000101089	0.000207782	0.000304124	0.000390308	0.000481013	0.000560638	0.000649374	0.000732685	0.000802196	0.000884317	0.000953988	0.001020625	0.001095141	0.001189693	0.001296469
592	4.73846E-06	0.000110517	0.000227567	0.000332897	0.000427192	0.000526852	0.000613282	0.000710221	0.000802016	0.000878194	0.000966813	0.00104328	0.001116624	0.001198479	0.001302383	0.001419594
593	4.62291E-06	0.000120335	0.000247544	0.000362704	0.000465273	0.000572748	0.000667195	0.00077314	0.000872983	0.000954909	0.001050122	0.001135777	0.001215283	0.001304253	0.001416859	0.001545864
594	4.48872E-06	0.000130233	0.000267356	0.000392845	0.000503711	0.0006183	0.000721555	0.000836894	0.000944515	0.001031578	0.00113364	0.001229773	0.001315015	0.001410871	0.001531949	0.001673405
595	4.34194E-06	0.000139857	0.000286626	0.000422499	0.000541535	0.000663149	0.000775424	0.00090002	0.001015402	0.00110743	0.001216755	0.001323219	0.001413961	0.001516513	0.001646378	0.001800053
596	4.18182E-06	0.000148605	0.000304467	0.000450087	0.000576803	0.000705765	0.000826481	0.000959447	0.001082628	0.001179731	0.001296705	0.0014117	0.001507745	0.001616659	0.001755949	0.001920438
597	4.03546E-06	0.000156492	0.0003211	0.000475711	0.000609709	0.000746868	0.00087519	0.001015514	0.00114683	0.001249557	0.001374755	0.001495713	0.001597159	0.001712352	0.001862096	0.002035686
598	3.96244E-06	0.000163795	0.000336797	0.00049969	0.000640675	0.000786381	0.000921532	0.001068542	0.001208048	0.001316796	0.001450393	0.001575423	0.001682402	0.001804053	0.001964393	0.002145918
599	4.03014E-06	0.000170883	0.000351923	0.000522504	0.000670323	0.000824266	0.000965615	0.001119104	0.001266495	0.001381423	0.001523119	0.001651306	0.001763968	0.001892547	0.002062536	0.002251578
600	4.30657E-06	0.000178126	0.000366847	0.00054464	0.000699281	0.000860483	0.001007549	0.001167779	0.001322388	0.001443417	0.001592427	0.001723844	0.001842352	0.001978625	0.002156213	0.002353115
601	4.78966E-06	0.000185203	0.000380726	0.000564825	0.000725882	0.000892512	0.001044528	0.001211543	0.001372052	0.001498499	0.001653311	0.0017884	0.001912473	0.002056821	0.002238929	0.002443938
602	5.34022E-06	0.000192145	0.000394035	0.000583852	0.000751008	0.000921927	0.001078488	0.001252267	0.00141788	0.001549005	0.001708613	0.001848108	0.001977282	0.002129583	0.00231455	0.002527958
603	5.7818E-06	0.000198441	0.000406231	0.000601017	0.000773608	0.000948082	0.001108763	0.001288699	0.001458822	0.001593515	0.001757124	0.001901592	0.002034861	0.002194014	0.002381415	0.002602914
604	5.93838E-06	0.000203578	0.00041677	0.000615623	0.000792634	0.000970337	0.001134687	0.001319592	0.001493831	0.001630611	0.001797636	0.001947479	0.002083297	0.002247224	0.002437866	0.002666553
605	5.73879E-06	0.000207312	0.000425375	0.000627382	0.000807652	0.000988535	0.00115613	0.0013445	0.001522583	0.001659907	0.001829985	0.001985291	0.00212197	0.002288144	0.002483482	0.002718035
606	5.36697E-06	0.000210071	0.000432469	0.000637098	0.000819825	0.001003829	0.001174406	0.001365102	0.001546706	0.001683739	0.001856775	0.002016989	0.002153672	0.00232042	0.002521181	0.002760328
607	5.0431E-06	0.000212323	0.000438458	0.000645557	0.000830325	0.001017286	0.001190717	0.001383007	0.001567683	0.001704369	0.001880495	0.002044328	0.002181099	0.002347741	0.002553664	0.002796183
608	4.98729E-06	0.000214563	0.000443799	0.000653622	0.00084042	0.001030094	0.001206408	0.001399994	0.001587188	0.001724269	0.001903866	0.002069314	0.002207209	0.002374086	0.002583944	0.002828697
609	5.28475E-06	0.000217	0.00044866	0.000661581	0.000850602	0.001042695	0.001221922	0.001416816	0.001605914	0.001744576	0.001928035	0.002092965	0.002233409	0.002401474	0.002613569	0.00285961
610	5.74149E-06	0.000219256	0.0004526	0.000668532	0.000859744	0.00105398	0.001235839	0.001432103	0.00162252	0.001763659	0.001950901	0.002114254	0.002257893	0.002427874	0.00264105	0.002887849
611	6.118E-06	0.000220484	0.000454292	0.000672226	0.000864975	0.001060754	0.00124428	0.001441646	0.001632495	0.001776371	0.001966443	0.002128096	0.002274388	0.002446381	0.002659766	0.002906799
612	6.19828E-06	0.000220632	0.000454041	0.000672823	0.000866522	0.001063614	0.00124782	0.001446387	0.001637162	0.001783904	0.001975658	0.002136991	0.002284733	0.002458809	0.002672573	0.002920196
613	5.91071E-06	0.000219624	0.00045187	0.000670201	0.000864112	0.001062268	0.001246087	0.001445912	0.001636204	0.00178559	0.001977691	0.00214052	0.002288237	0.002464178	0.002678871	0.002927604
614	5.44169E-06	0.000218002	0.000448678	0.000665747	0.000859188	0.001058062	0.001240788	0.001441786	0.001631381	0.001782886	0.001974376	0.002139652	0.002286665	0.002464037	0.002680113	0.002930164
615	5.00125E-06	0.000216364	0.000445441	0.000660986	0.000853348	0.001052493	0.001233824	0.001435758	0.001624639	0.001777445	0.001967793	0.002135483	0.00228201	0.002460165	0.002677942	0.002929166
616	4.7842E-06	0.000214836	0.000442179	0.000656017	0.000846366	0.001044813	0.001224461	0.001426515	0.001614463	0.001767142	0.001955837	0.002124592	0.002271409	0.002449119	0.002668309	0.002919684
617	4.85464E-06	0.000213973	0.000440058	0.000652632	0.000840625	0.001037786	0.001216015	0.001417642	0.001604906	0.001756356	0.001943505	0.002112003	0.002260195	0.002436646	0.002657177	0.002908128
618	5.06633E-06	0.000213221	0.000438325	0.000649756	0.000835357	0.001030671	0.001207608	0.00140809	0.00159481	0.001744309	0.001929949	0.002097375	0.002246882	0.002421608	0.002643035	0.002893234
619	5.2615E-06	0.000211992	0.000436172	0.000646226	0.000829716	0.001022655	0.001198267	0.001396716	0.001582915	0.001730139	0.00191422	0.002080317	0.002229874	0.002402772	0.00262427	0.002873656
620	5.29013E-06	0.000209734	0.000432836	0.000640954	0.000822907	0.001012983	0.001187092	0.001382472	0.001568056	0.001713066	0.001895458	0.002060495	0.002207707	0.002379022	0.002599408	0.002848172
621	5.13705E-06	0.000206839	0.00042892	0.000634892	0.000816108	0.001003297	0.001175955	0.001367824	0.001552801	0.001696051	0.001876884	0.002041365	0.002184228	0.00235453	0.002572929	0.002821528
622	4.90153E-06	0.000203849	0.000424759	0.00062863	0.00080937	0.000993823	0.001165041	0.001353558	0.001537558	0.001679352	0.001858675	0.002022419	0.002160296	0.002329812	0.002545483	0.002793723
623	4.69412E-06	0.000201597	0.000421264	0.00062361	0.000803823	0.000986114	0.001156086	0.001342277	0.001524784	0.001665459	0.001843477	0.002005809	0.00213966	0.002308483	0.002521115	0.002768455
624	4.61811E-06	0.000200835	0.000419259	0.000621128	0.000800473	0.00098156	0.001150644	0.001336311	0.001516692	0.001656608	0.001833656	0.00199347	0.002125723	0.002293817	0.002503507	0.002749087
625	4.6893E-06	0.00020126	0.000418391	0.000620572	0.000798716	0.000979445	0.001147889	0.001334507	0.001512332	0.001651747	0.001828041	0.001984544	0.002117483	0.002284746	0.002491785	0.002734783
626	4.86539E-06	0.000202046	0.000417961	0.000620689	0.000797744	0.000978709	0.001146653	0.001334791	0.001510288	0.001649438	0.001825096	0.001978542	0.002113298	0.002279806	0.002484768	0.002724952
627	5.09173E-06	0.000201866	0.000416236	0.0006187	0.000794788	0.000975884	0.001142949	0.001331804	0.001505423	0.001644182	0.001818793	0.001970112	0.002106319	0.002271923	0.002475154	0.002712292
628	5.31951E-06	0.000199787	0.000412167	0.000612856	0.000788284	0.000968971	0.001134516	0.001322292	0.001494853	0.001632927	0.001805823	0.001956678	0.002092794	0.002257327	0.002459192	0.002693348
629	5.49938E-06	0.000196099	0.000406102	0.000603739	0.000778563	0.00095823	0.001121772	0.001306929	0.001479007	0.001616139	0.001786854	0.00193852	0.002073128	0.002236445	0.002437205	0.002668736
630	5.58187E-06	0.000191716	0.000399106	0.000593108	0.000766925	0.00094507	0.001106499	0.001288391	0.001460002	0.001596073	0.001764579	0.00191737	0.002049842	0.00221184	0.002411594	0.002641143
631	5.52618E-06	0.000187839	0.000392842	0.000583616	0.000755824	0.000932324	0.001092148	0.001271298	0.001442159	0.001577394	0.001744357	0.001897864	0.002028557	0.002189424	0.00238841	0.002617255
632	5.29289E-06	0.000184913	0.000387543	0.00057575	0.000745145	0.000919706	0.001078439	0.001255798	0.001424927	0.001559436	0.001725561	0.00187837	0.002008072	0.002167769	0.002365778	0.002594984
633	4.95123E-06	0.000182789	0.000382954	0.000569063	0.000734801	0.000907201	0.001064997	0.001241234	0.001407866	0.001541617	0.001707191	0.001858122	0.001987442	0.002145866	0.00234265	0.002572629
634	4.60382E-06	0.000181016	0.00037845	0.000562487	0.000724314	0.000894399	0.001050841	0.001226018	0.001389825	0.001522566	0.001687217	0.001835658	0.001964749	0.002121704	0.002317016	0.002547259
635	4.35337E-06	0.000179145	0.000373407	0.000554954	0.00071321	0.000880888	0.00103499	0.00120856	0.00136965	0.001500908	0.001663604	0.001809511	0.001938074	0.002093271	0.002286861	0.00251594
636	4.26921E-06	0.000177256	0.000368257	0.000547054	0.000702817	0.000868409	0.001019246	0.001190636	0.001349777	0.001479234	0.001638935	0.001782962	0.001910676	0.002064128	0.002256156	0.002482604
637	4.26321E-06	0.000175061	0.000362546	0.000538316	0.000692057	0.00085549	0.00100245	0.001170941	0.001328414	0.001455597	0.001611496	0.001753727	0.001880141	0.002031659	0.002221774	0.002444276
638	4.22865E-06	0.000172765	0.000356818	0.000529813	0.000681623	0.000842795	0.000986124	0.001151371	0.001307252	0.001431884	0.001583972	0.001724124	0.001849039	0.001998617	0.002186378	0.002404536
639	4.05854E-06	0.000170572	0.000351619	0.000522623	0.000672213	0.000830992	0.000971796	0.001133837	0.001287989	0.001409991	0.001559063	0.001696482	0.001819957	0.001967774	0.002152649	0.002366986
640	3.73004E-06	0.000168578	0.000347214	0.00051716	0.000664131	0.000820384	0.000960101	0.001119246	0.001271388	0.001390866	0.001538098	0.001672052	0.001794252	0.001940528	0.002122041	0.002333534
641	3.38126E-06	0.000166591	0.000343154	0.000512308	0.000656614	0.000810193	0.000949491	0.001106054	0.001255814	0.00137296	0.001519029	0.001649201	0.001770061	0.001914712	0.002092638	0.002301709
642	3.17346E-06	0.000164552	0.000339253	0.000507288	0.000649437	0.000800333	0.000939124	0.001093545	0.00124062	0.001355828	0.001500952	0.001627638	0.001746942	0.001889688	0.002064256	0.002270869
643	3.26153E-06	0.000162323	0.000335163	0.000501089	0.000642058	0.000790325	0.000927712	0.001080478	0.001224564	0.001338362	0.001482241	0.001606275	0.001723606	0.001863903	0.002035703	0.002239277
644	3.63878E-06	0.00015986	0.00033065	0.000493372	0.000634025	0.000779782	0.000914687	0.00106615	0.001207052	0.001319959	0.001462047	0.00158443	0.001699441	0.001836699	0.002006347	0.00220626
645	4.1159E-06	0.000157217	0.000325618	0.000484552	0.000624996	0.00076842	0.000900298	0.00105047	0.001188228	0.001300573	0.001440404	0.001561883	0.001674601	0.001808425	0.001976188	0.002172358
646	4.49172E-06	0.000154437	0.000319927	0.000475024	0.000614539	0.000755852	0.000884712	0.001033231	0.001168105	0.001280007	0.001417188	0.001538215	0.001649049	0.00177923	0.001944979	0.002137869
647	4.58143E-06	0.000151592	0.000313548	0.000465289	0.00060245	0.000741934	0.000868329	0.001014536	0.001147025	0.001258421	0.001392679	0.001513437	0.001623159	0.001749723	0.001913009	0.002103621
648	4.38919E-06	0.000148594	0.000306578	0.000455428	0.000588973	0.000726734	0.000851121	0.00099446	0.001124967	0.001235571	0.001366818	0.001487138	0.001596288	0.001719548	0.001879905	0.002069
649	4.04059E-06	0.000145264	0.000299226	0.000445288	0.0005747	0.000710522	0.000832864	0.000973161	0.00110179	0.001211084	0.00133946	0.001458783	0.001567299	0.001687893	0.001845053	0.002032669
650	3.66416E-06	0.000141421	0.000291704	0.000434717	0.000560234	0.000693577	0.000813331	0.000950796	0.001077348	0.001184577	0.001310459	0.001427828	0.001535036	0.001653935	0.001807828	0.001993269
651	3.37494E-06	0.000137008	0.000284273	0.000423714	0.000546208	0.000676322	0.000792606	0.00092774	0.00105181	0.00115608	0.001280038	0.001394261	0.001499037	0.001617412	0.001768163	0.001950201
652	3.20766E-06	0.000132474	0.000277124	0.000412642	0.00053279	0.000659198	0.000771535	0.000904475	0.001025837	0.001126512	0.001248935	0.001359361	0.001460879	0.001579279	0.001726982	0.001904786
653	3.17124E-06	0.000128483	0.000270502	0.000402096	0.000520139	0.000642833	0.000751441	0.00088177	0.001000538	0.001097407	0.001218409	0.001325215	0.001423238	0.001541333	0.001686015	0.001859514
654	3.27458E-06	0.000125701	0.000264656	0.000392679	0.000508412	0.00062786	0.000733654	0.000860397	0.000977029	0.00107031	0.00118973	0.001293929	0.001388808	0.001505387	0.001647009	0.001816893
655	3.49365E-06	0.000124421	0.000259694	0.000384731	0.000497696	0.000614621	0.000718881	0.000840886	0.000955964	0.001046189	0.001163655	0.001266661	0.001359132	0.00147252	0.001611046	0.001778407
656	3.71054E-06	0.000123666	0.000254759	0.000377009	0.00048672	0.000601261	0.000704508	0.000821157	0.000934546	0.001022057	0.001136887	0.001239145	0.001329572	0.001438464	0.001573713	0.001738707
657	3.81026E-06	0.000122891	0.000250171	0.000369993	0.000476555	0.000588732	0.000691082	0.000803036	0.00091434	0.000999672	0.001111465	0.001212756	0.001301482	0.001405664	0.001538002	0.001700494
658	3.67387E-06	0.000121272	0.000245625	0.000363234	0.000467059	0.000576496	0.000677426	0.000786294	0.000894595	0.000978249	0.001086602	0.001185816	0.001272943	0.001373003	0.001502993	0.001662167
659	3.31858E-06	0.000118599	0.000240984	0.000356485	0.00045809	0.000564367	0.000663185	0.000770708	0.00087508	0.000957475	0.00106215	0.001157994	0.001243437	0.001340431	0.001468489	0.001623356
660	2.93217E-06	0.000115435	0.000236322	0.000349758	0.000449513	0.0005526	0.000649041	0.000756061	0.000856219	0.000937638	0.001038753	0.001130642	0.001214204	0.001309233	0.001435198	0.001585242
661	2.70948E-06	0.000112244	0.000231427	0.000342637	0.000440618	0.000540775	0.000634919	0.000741176	0.000837392	0.00091787	0.001015791	0.001103786	0.001185056	0.001279121	0.001402068	0.001547092
662	2.82677E-06	0.000109726	0.000226682	0.000335597	0.000431855	0.000529851	0.000622313	0.000726813	0.00082011	0.000899649	0.000995207	0.001080188	0.001158797	0.001252985	0.001371643	0.001512131
663	3.18843E-06	0.000107755	0.000221972	0.000328465	0.000422971	0.00051947	0.000610698	0.000712492	0.000803829	0.000882358	0.000976248	0.001059123	0.001135003	0.001229773	0.001343289	0.001479886
664	3.53867E-06	0.000105805	0.000217074	0.00032096	0.00041365	0.00050893	0.000598852	0.000697587	0.000787459	0.000864868	0.000957374	0.001038677	0.001112288	0.00120712	0.001315615	0.001448934
665	3.62107E-06	0.000103346	0.000211763	0.0003128	0.000403581	0.000497528	0.000585557	0.000681477	0.000769908	0.000846051	0.000937045	0.001016931	0.001089259	0.001182656	0.001287228	0.001417847
666	3.27501E-06	0.000100174	0.000206215	0.000304303	0.000393197	0.00048554	0.000570876	0.000664824	0.000751602	0.000826433	0.00091561	0.000994073	0.001066518	0.001156501	0.001259084	0.001387718
667	2.70195E-06	9.64602E-05	0.000200251	0.000295312	0.000382213	0.000472585	0.00055464	0.000647166	0.000731955	0.000805386	0.000892354	0.000969353	0.001042578	0.00112784	0.001229661	0.001356604
668	2.207E-06	9.27216E-05	0.000194116	0.000286306	0.000371134	0.000459316	0.000538044	0.000629401	0.000711984	0.000784025	0.000868559	0.000944244	0.001018043	0.001098485	0.001199907	0.001325206
669	2.09269E-06	8.94736E-05	0.000188054	0.00027776	0.000360466	0.000446385	0.000522275	0.000612419	0.000692699	0.000763462	0.000845496	0.000920206	0.000993515	0.001070233	0.001170765	0.00129422
670	2.44882E-06	8.69512E-05	0.00018225	0.000269908	0.000350461	0.000434124	0.000507953	0.000596603	0.000674648	0.000744221	0.00082379	0.00089789	0.000969293	0.00104397	0.001142705	0.001264049
671	2.99298E-06	8.47808E-05	0.000176525	0.000262173	0.000340445	0.000421703	0.000493985	0.000580603	0.000656604	0.000724741	0.000801766	0.000875249	0.000943762	0.001017502	0.001113731	0.001232767
672	3.41377E-06	8.27963E-05	0.000171226	0.00025473	0.000330728	0.000409514	0.000480681	0.000564737	0.000639252	0.000705556	0.000780066	0.000852744	0.000918112	0.000991552	0.001085135	0.001202121
673	3.41894E-06	8.07187E-05	0.000166414	0.000247367	0.000321114	0.000397321	0.000467607	0.000548477	0.000622265	0.000686122	0.000758144	0.000829551	0.000892113	0.000965332	0.001056525	0.001171951
674	3.00371E-06	7.85122E-05	0.000162046	0.000240146	0.000311699	0.000385261	0.000454727	0.000532052	0.00060552	0.000666565	0.000736252	0.00080583	0.000866165	0.000938896	0.001028084	0.001142158
675	2.37366E-06	7.63192E-05	0.000158007	0.000233326	0.000302796	0.00037375	0.000442298	0.00051624	0.00058904	0.000647502	0.000715228	0.000782455	0.000841124	0.000912919	0.001000415	0.001112682
676	1.73601E-06	7.41973E-05	0.000153993	0.000226905	0.00029437	0.000362777	0.000430067	0.000501232	0.000572173	0.000628808	0.000695092	0.000759412	0.000816883	0.000887029	0.000972972	0.001082178
677	1.27618E-06	7.23566E-05	0.000150099	0.000221341	0.000287001	0.0003531	0.000418753	0.000488198	0.000555688	0.000611714	0.000677258	0.000738311	0.000795045	0.000862827	0.000947342	0.00105198
678	1.05659E-06	7.0787E-05	0.00014632	0.000216415	0.000280433	0.0003445	0.000408162	0.000476568	0.00053974	0.000595834	0.000660909	0.000718764	0.000774905	0.00083989	0.000922791	0.001022188
679	1.1055E-06	6.94429E-05	0.000142673	0.000211798	0.00027428	0.000336613	0.000397998	0.000465466	0.00052451	0.000580552	0.00064485	0.000700092	0.000755401	0.000817546	0.000898279	0.000992942
680	1.44952E-06	6.82784E-05	0.000139179	0.000207164	0.000268162	0.000329078	0.000387968	0.00045403	0.000510175	0.000565265	0.000627909	0.000681627	0.00073549	0.000795137	0.000872788	0.000964377
681	2.02688E-06	6.74483E-05	0.000136364	0.000203095	0.000262815	0.000322809	0.000379334	0.000443581	0.000498612	0.000551793	0.000612063	0.000665581	0.000717519	0.000775419	0.000849395	0.000940166
682	2.60719E-06	6.64849E-05	0.000133657	0.00019877	0.000257083	0.000316235	0.000370517	0.000432719	0.000487412	0.000538103	0.00059575	0.00064944	0.000699193	0.00075574	0.000825804	0.000916437
683	2.94819E-06	6.51774E-05	0.000131034	0.000194207	0.000250876	0.000309084	0.000361487	0.000421909	0.000476152	0.000524442	0.000580011	0.000633432	0.000681224	0.000736661	0.000803309	0.000893123
684	2.83366E-06	6.33408E-05	0.000128455	0.000189421	0.000244127	0.000301116	0.00035222	0.000411569	0.00046444	0.000511037	0.000565786	0.000617762	0.000664253	0.000718679	0.000783073	0.000870159
685	2.35002E-06	6.10861E-05	0.000125718	0.000184418	0.000236972	0.00029248	0.000342789	0.000401567	0.000452277	0.000497893	0.000552769	0.000602349	0.000648099	0.000701516	0.000764715	0.000847458
686	1.77719E-06	5.88013E-05	0.000122709	0.000179475	0.000230028	0.000284002	0.000333834	0.000392027	0.000440584	0.000485614	0.000540695	0.00058783	0.000633031	0.000685458	0.000748021	0.000826183
687	1.39275E-06	5.66926E-05	0.00011892	0.000174306	0.000223192	0.000275621	0.000324952	0.000381834	0.000428908	0.000473285	0.000527593	0.000573	0.000617327	0.000668635	0.000730424	0.000804911
688	1.37978E-06	5.49597E-05	0.00011425	0.000168951	0.000216667	0.000267625	0.000316212	0.000370708	0.000417435	0.000460809	0.000512774	0.000557662	0.000600532	0.000650541	0.000711013	0.000783618
689	1.58346E-06	5.34506E-05	0.000109306	0.000163587	0.000210426	0.000259911	0.000307466	0.00035907	0.000406121	0.000448234	0.000496977	0.000541865	0.000583068	0.000631586	0.000690482	0.000762541
690	1.77645E-06	5.19377E-05	0.000104845	0.00015842	0.000204391	0.000252298	0.000298516	0.000347491	0.000394874	0.000435642	0.000481252	0.000525709	0.000565545	0.000612374	0.000669866	0.000741972
691	1.73728E-06	5.0227E-05	0.000101667	0.000153738	0.000198595	0.000244745	0.000289336	0.000336724	0.000383819	0.00042335	0.000466888	0.000509585	0.000548875	0.000593844	0.000650552	0.000722598
692	1.44737E-06	4.82845E-05	9.97201E-05	0.000149399	0.000192797	0.000237097	0.000279762	0.000326687	0.00037264	0.000411077	0.000453717	0.000493364	0.00053294	0.000575919	0.000632365	0.000703778
693	1.12005E-06	4.63516E-05	9.81902E-05	0.000145076	0.000186816	0.000229537	0.000270028	0.000317	0.000361253	0.000398672	0.000440811	0.000477298	0.000517501	0.000558512	0.00061461	0.000684746
694	9.83672E-07	4.46863E-05	9.62079E-05	0.000140422	0.000180472	0.000222258	0.000260386	0.000307253	0.000349573	0.000385977	0.000427177	0.00046165	0.000502295	0.000541516	0.000596534	0.000664695
695	1.21794E-06	4.34899E-05	9.30634E-05	0.000135184	0.000173662	0.000215413	0.000251067	0.000297114	0.000337566	0.000372885	0.000412058	0.000446628	0.00048707	0.000524819	0.000577539	0.000643024
696	1.70194E-06	4.26428E-05	8.91022E-05	0.000129777	0.000166881	0.00020904	0.000242331	0.000286948	0.000325713	0.000359851	0.000396434	0.000432414	0.000471991	0.000508637	0.000558356	0.000620806
697	2.2006E-06	4.18378E-05	8.49182E-05	0.000124655	0.000160582	0.0002028	0.000234061	0.000276921	0.000314163	0.000346959	0.000381292	0.000418485	0.000456619	0.00049249	0.000539316	0.000598744
698	2.4775E-06	4.07949E-05	8.11754E-05	0.000120369	0.000155338	0.000196495	0.000226314	0.000267401	0.000303299	0.000334554	0.000367911	0.000404618	0.000440844	0.000476255	0.000521148	0.000577985
699	2.44732E-06	3.94143E-05	7.82248E-05	0.000117102	0.000151305	0.000190071	0.000219122	0.000258587	0.000293327	0.0003229	0.000356803	0.00039079	0.000424818	0.00045998	0.000504179	0.000559035
700	2.28591E-06	3.79083E-05	7.58749E-05	0.000114397	0.000147912	0.000183715	0.000212486	0.000250383	0.000284143	0.000312129	0.000347151	0.000377317	0.000409139	0.000444014	0.000488044	0.00054129
701	2.20193E-06	3.65972E-05	7.40274E-05	0.000111954	0.000144803	0.000178	0.000206819	0.000243152	0.00027617	0.000302971	0.000338679	0.000365295	0.000395254	0.00042961	0.00047326	0.00052509
702	2.37241E-06	3.5625E-05	7.2292E-05	0.000109062	0.000141086	0.000172728	0.000201655	0.000236253	0.000268683	0.00029485	0.000329771	0.000354254	0.000382888	0.000416194	0.000458427	0.000508663
703	2.74334E-06	3.49616E-05	7.05817E-05	0.000105755	0.000136832	0.00016775	0.000196753	0.000229574	0.000261504	0.000287325	0.000320166	0.000344032	0.000371767	0.000403692	0.000443663	0.000492079
704	3.13266E-06	3.44398E-05	6.88873E-05	0.000102346	0.000132466	0.000162737	0.000191751	0.000223012	0.000254433	0.000279671	0.000309945	0.000334209	0.000361158	0.000391805	0.000429358	0.000475801
705	3.35299E-06	3.38873E-05	6.72004E-05	9.91575E-05	0.000128426	0.00015735	0.000186278	0.000216461	0.000247264	0.000271148	0.000299198	0.000324354	0.000350306	0.000380222	0.000415915	0.000460303
706	3.29545E-06	3.3145E-05	6.54036E-05	9.62418E-05	0.000124763	0.000151291	0.000179922	0.000209567	0.000239528	0.000261123	0.000287802	0.000313844	0.000338421	0.000368258	0.000402983	0.000445242
707	3.05305E-06	3.22683E-05	6.34869E-05	9.35468E-05	0.000121307	0.000145191	0.000173164	0.00020256	0.000231461	0.000250652	0.000276715	0.000303342	0.000326494	0.000356382	0.000390677	0.000430816
708	2.74324E-06	3.1288E-05	6.13452E-05	9.08422E-05	0.000117645	0.000139558	0.00016631	0.000195396	0.000222998	0.000240598	0.000266572	0.000293166	0.0003152	0.000344602	0.000378491	0.000416543
709	2.48033E-06	3.02369E-05	5.88932E-05	8.79119E-05	0.000113403	0.00013486	0.000159671	0.000188054	0.000214106	0.000231775	0.000257937	0.000283607	0.000305156	0.000332932	0.000365955	0.000401982
710	2.3167E-06	2.91638E-05	5.63001E-05	8.47543E-05	0.000108739	0.000130971	0.000153535	0.000180774	0.000205182	0.000224256	0.000250475	0.000274555	0.000296156	0.000321419	0.000353111	0.000387275
711	2.26239E-06	2.80979E-05	5.38439E-05	8.14197E-05	0.000104052	0.000127236	0.000148017	0.000173784	0.000196691	0.000217394	0.000242999	0.000265354	0.000287145	0.000309795	0.000339975	0.000372544
712	2.33167E-06	2.7132E-05	5.19317E-05	7.8145E-05	9.99877E-05	0.000123269	0.000143562	0.000167706	0.000189552	0.000211008	0.000234831	0.000255926	0.00027768	0.000298485	0.000327325	0.000358754
713	2.52388E-06	2.62761E-05	5.07065E-05	7.50257E-05	9.67716E-05	0.00011875	0.000140113	0.000162656	0.000183971	0.000204664	0.000225435	0.000246085	0.000267309	0.000287492	0.000315326	0.00034616
714	2.80687E-06	2.54103E-05	4.97913E-05	7.20319E-05	9.38611E-05	0.000113918	0.000136745	0.000157957	0.000178903	0.000197941	0.00021536	0.000236156	0.000256408	0.000276652	0.000303546	0.000334276
715	3.14299E-06	2.43921E-05	4.87218E-05	6.91138E-05	9.05836E-05	0.000109103	0.000132388	0.000152799	0.00017309	0.000190411	0.000205334	0.000226547	0.000245487	0.00026577	0.000291455	0.000322496
716	3.49598E-06	2.31203E-05	4.71068E-05	6.62904E-05	8.64052E-05	0.000104709	0.000126191	0.000146566	0.000165533	0.000181876	0.000196233	0.000217834	0.000235248	0.000254909	0.000278842	0.000310535
717	3.80814E-06	2.1711E-05	4.49129E-05	6.35575E-05	8.14645E-05	0.000100617	0.000118522	0.000139245	0.000156401	0.000172599	0.000187996	0.000209678	0.000225512	0.000243886	0.000265769	0.000298068
718	4.01328E-06	2.04837E-05	4.2457E-05	6.10476E-05	7.65581E-05	9.65903E-05	0.000110874	0.000131568	0.000147049	0.000163582	0.000180385	0.000201619	0.000216047	0.00023294	0.000253132	0.000285451
719	4.04379E-06	1.9767E-05	4.00677E-05	5.88971E-05	7.2509E-05	9.23855E-05	0.000104789	0.000124294	0.000138874	0.000155859	0.000173148	0.000193182	0.000206612	0.000222321	0.000241856	0.000273057
720	3.89447E-06	1.97142E-05	3.80045E-05	5.71435E-05	6.97635E-05	8.79094E-05	0.000101082	0.000117973	0.000132717	0.000149934	0.000166109	0.000184164	0.00019709	0.000212228	0.000232382	0.000261122
721	3.71103E-06	2.00122E-05	3.63023E-05	5.55088E-05	6.77352E-05	8.33456E-05	9.86182E-05	0.000112494	0.000127852	0.000144809	0.00015908	0.00017483	0.000187453	0.000202492	0.000223657	0.000249246
722	3.67482E-06	2.03232E-05	3.5061E-05	5.38124E-05	6.58522E-05	7.91532E-05	9.62105E-05	0.000107946	0.000123646	0.000139633	0.000152308	0.000166005	0.000178201	0.000193437	0.000214993	0.000237605
723	3.9458E-06	2.03067E-05	3.43151E-05	5.18293E-05	6.35062E-05	7.56564E-05	9.26558E-05	0.000104252	0.000119345	0.000133463	0.000145827	0.000158239	0.000169583	0.000185115	0.000205503	0.00022609
724	4.48377E-06	1.99045E-05	3.39143E-05	4.96563E-05	6.07275E-05	7.28758E-05	8.81183E-05	0.000101145	0.00011479	0.000126546	0.000139648	0.000151557	0.000161758	0.000177512	0.000195397	0.000215063
725	5.12691E-06	1.92287E-05	3.35949E-05	4.75857E-05	5.79344E-05	7.06485E-05	8.35928E-05	9.82464E-05	0.000110179	0.000119851	0.000133767	0.000145666	0.000154836	0.000170576	0.00018556	0.000205169
726	5.70499E-06	1.83818E-05	3.30631E-05	4.58809E-05	5.55128E-05	6.87539E-05	8.00358E-05	9.50961E-05	0.00010564	0.000114282	0.000128083	0.000140158	0.000148813	0.000164127	0.000176759	0.000196918
727	6.09642E-06	1.75257E-05	3.22038E-05	4.47025E-05	5.37364E-05	6.70957E-05	7.79622E-05	9.15739E-05	0.000101449	0.000110384	0.000122749	0.000134975	0.000143802	0.000158203	0.000169645	0.000190601
728	6.26142E-06	1.68654E-05	3.11386E-05	4.38139E-05	5.24193E-05	6.55606E-05	7.66524E-05	8.78713E-05	9.77557E-05	0.0001075	0.000117914	0.000130208	0.000139559	0.000152618	0.000163902	0.000185265
729	6.1701E-06	1.66157E-05	3.00224E-05	4.2932E-05	5.13233E-05	6.40379E-05	7.52363E-05	8.42296E-05	9.47053E-05	0.00010483	0.000113739	0.000125982	0.000135806	0.000147173	0.00015911	0.000179819
730	5.81534E-06	1.69418E-05	2.9002E-05	4.18107E-05	5.02279E-05	6.24316E-05	7.29619E-05	8.0885E-05	9.24069E-05	0.000101664	0.000110353	0.000122396	0.000132282	0.000141711	0.000154858	0.000173326
731	5.35753E-06	1.7587E-05	2.8106E-05	4.04491E-05	4.89924E-05	6.06702E-05	6.99475E-05	7.78931E-05	9.05374E-05	9.78925E-05	0.000107423	0.000119128	0.000128662	0.00013619	0.000150614	0.000165889
732	5.0578E-06	1.81622E-05	2.74186E-05	3.91201E-05	4.77059E-05	5.89323E-05	6.69958E-05	7.55344E-05	8.89248E-05	9.40741E-05	0.000104827	0.000116133	0.000125104	0.000131162	0.000146382	0.000158758
733	5.16651E-06	1.82548E-05	2.69763E-05	3.80303E-05	4.63793E-05	5.72977E-05	6.47911E-05	7.39542E-05	8.72485E-05	9.06062E-05	0.000102265	0.000113167	0.000121549	0.000126947	0.000141918	0.000152899
734	5.75878E-06	1.77749E-05	2.67716E-05	3.72758E-05	4.51109E-05	5.58199E-05	6.35639E-05	7.30592E-05	8.52937E-05	8.77429E-05	9.95991E-05	0.0001101	0.000117972	0.000123589	0.000137189	0.000148633
735	6.65479E-06	1.7102E-05	2.67322E-05	3.67928E-05	4.41247E-05	5.45148E-05	6.28841E-05	7.241E-05	8.30006E-05	8.55294E-05	9.69289E-05	0.000106959	0.000114391	0.000120726	0.000132461	0.000145343
736	7.66891E-06	1.6689E-05	2.68343E-05	3.65779E-05	4.3745E-05	5.35037E-05	6.23931E-05	7.16817E-05	8.04836E-05	8.41649E-05	9.4563E-05	0.000103996	0.000111052	0.000118202	0.000128289	0.00014262
737	8.60014E-06	1.68097E-05	2.69529E-05	3.64748E-05	4.40074E-05	5.26581E-05	6.15603E-05	7.03543E-05	7.75921E-05	8.34269E-05	9.24048E-05	0.000101059	0.000107783	0.000115464	0.000124662	0.000139586
738	9.32024E-06	1.72253E-05	2.70486E-05	3.63784E-05	4.4489E-05	5.18154E-05	6.03943E-05	6.85438E-05	7.46911E-05	8.28876E-05	9.04811E-05	9.83478E-05	0.000104851	0.000112664	0.000121691	0.000136247
739	9.71804E-06	1.7528E-05	2.70915E-05	3.6175E-05	4.45957E-05	5.07667E-05	5.90285E-05	6.65157E-05	7.22541E-05	8.19989E-05	8.87959E-05	9.61022E-05	0.000102592	0.000110091	0.00011944	0.000132788
740	9.69254E-06	1.7326E-05	2.70542E-05	3.57573E-05	4.37581E-05	4.93186E-05	5.75926E-05	6.45359E-05	7.07336E-05	8.02344E-05	8.7347E-05	9.45465E-05	0.000101316	0.000108025	0.00011796	0.000129395
741	9.37995E-06	1.66742E-05	2.699E-05	3.51899E-05	4.20899E-05	4.7667E-05	5.61339E-05	6.28313E-05	7.00633E-05	7.76981E-05	8.60568E-05	9.35509E-05	0.000100869	0.000106535	0.000117048	0.000126358
742	9.12262E-06	1.60162E-05	2.69868E-05	3.46453E-05	4.0275E-05	4.62985E-05	5.45403E-05	6.14996E-05	6.95931E-05	7.49626E-05	8.46508E-05	9.25204E-05	0.000100518	0.000105333	0.000116096	0.00012387
743	9.28163E-06	1.5827E-05	2.715E-05	3.43224E-05	3.90541E-05	4.57457E-05	5.27236E-05	6.06711E-05	6.86793E-05	7.2672E-05	8.28906E-05	9.08844E-05	9.95494E-05	0.000104174	0.000114534	0.000122198
744	1.00635E-05	1.63942E-05	2.75057E-05	3.43179E-05	3.88688E-05	4.62326E-05	5.07301E-05	6.03636E-05	6.69813E-05	7.12398E-05	8.06799E-05	8.8372E-05	9.75349E-05	0.000102869	0.000112053	0.000121361
745	1.12553E-05	1.74944E-05	2.78671E-05	3.44518E-05	3.93472E-05	4.71503E-05	4.89637E-05	6.02929E-05	6.49787E-05	7.04505E-05	7.83055E-05	8.55219E-05	9.48229E-05	0.000101389	0.000109046	0.000120718
746	1.25783E-05	1.88267E-05	2.80241E-05	3.4514E-05	3.99985E-05	4.77685E-05	4.79189E-05	6.01524E-05	6.33276E-05	7.00182E-05	7.61622E-05	8.30586E-05	9.19437E-05	9.97791E-05	0.000106086	0.000119572
747	1.37527E-05	2.0088E-05	2.77848E-05	3.4297E-05	4.03322E-05	4.73987E-05	4.79698E-05	5.9615E-05	6.25578E-05	6.96101E-05	7.45372E-05	8.15421E-05	8.93142E-05	9.7985E-05	0.000103594	0.000117207
748	1.46372E-05	2.11662E-05	2.7404E-05	3.39715E-05	4.03018E-05	4.62569E-05	4.88662E-05	5.87939E-05	6.26569E-05	6.91989E-05	7.34965E-05	8.08521E-05	8.72218E-05	9.60327E-05	0.000101643	0.000113994
749	1.51564E-05	2.20399E-05	2.73587E-05	3.38927E-05	4.0075E-05	4.5008E-05	5.00247E-05	5.80108E-05	6.3319E-05	6.88933E-05	7.29727E-05	8.04983E-05	8.58648E-05	9.39633E-05	0.000100109	0.000110825
750	1.52379E-05	2.26885E-05	2.81243E-05	3.44152E-05	3.98229E-05	4.43239E-05	5.08563E-05	5.75873E-05	6.42296E-05	6.87999E-05	7.28934E-05	7.99842E-05	8.54345E-05	9.18182E-05	9.88582E-05	0.000108598
751	1.4998E-05	2.31455E-05	2.97164E-05	3.55941E-05	3.97209E-05	4.45662E-05	5.12135E-05	5.76209E-05	6.51738E-05	6.89414E-05	7.32068E-05	7.92265E-05	8.58567E-05	8.97832E-05	9.79154E-05	0.000107664
752	1.47121E-05	2.33744E-05	3.13559E-05	3.68674E-05	3.97036E-05	4.54053E-05	5.12263E-05	5.75512E-05	6.56722E-05	6.88019E-05	7.34382E-05	7.8203E-05	8.61722E-05	8.76744E-05	9.69051E-05	0.000106978
753	1.47067E-05	2.33806E-05	3.22455E-05	3.7687E-05	3.97731E-05	4.65507E-05	5.11551E-05	5.68811E-05	6.53493E-05	6.79612E-05	7.32265E-05	7.7068E-05	8.55172E-05	8.54774E-05	9.56278E-05	0.000105602
754	1.52341E-05	2.3206E-05	3.18705E-05	3.76767E-05	3.99303E-05	4.77045E-05	5.12026E-05	5.53765E-05	6.40207E-05	6.62261E-05	7.23323E-05	7.59469E-05	8.33547E-05	8.32913E-05	9.39531E-05	0.000102936
755	1.62558E-05	2.30227E-05	3.0784E-05	3.71137E-05	4.01726E-05	4.85651E-05	5.13461E-05	5.37805E-05	6.22117E-05	6.42451E-05	7.09765E-05	7.48517E-05	8.03767E-05	8.16199E-05	9.20123E-05	9.96496E-05
756	1.76977E-05	2.3077E-05	2.98473E-05	3.64946E-05	4.05681E-05	4.89088E-05	5.16015E-05	5.31693E-05	6.07279E-05	6.2984E-05	6.96126E-05	7.38984E-05	7.77076E-05	8.12135E-05	9.01574E-05	9.68863E-05
757	1.94134E-05	2.35196E-05	2.97692E-05	3.61682E-05	4.10379E-05	4.83829E-05	5.18086E-05	5.43247E-05	6.0109E-05	6.31035E-05	6.84353E-05	7.29447E-05	7.61357E-05	8.24427E-05	8.8419E-05	9.53631E-05
758	2.11382E-05	2.43089E-05	3.0581E-05	3.62232E-05	4.15023E-05	4.7255E-05	5.19474E-05	5.6669E-05	6.0266E-05	6.42442E-05	6.75503E-05	7.20099E-05	7.56944E-05	8.45989E-05	8.69241E-05	9.48246E-05
759	2.25143E-05	2.52599E-05	3.18645E-05	3.65499E-05	4.18365E-05	4.61279E-05	5.20289E-05	5.87203E-05	6.06542E-05	6.53428E-05	6.69333E-05	7.11323E-05	7.5865E-05	8.62099E-05	8.5761E-05	9.43031E-05
760	2.31777E-05	2.6181E-05	3.31819E-05	3.70324E-05	4.19151E-05	4.56231E-05	5.20642E-05	5.89553E-05	6.07105E-05	6.5304E-05	6.65559E-05	7.0352E-05	7.61062E-05	8.57635E-05	8.50164E-05	9.28038E-05
761	2.31164E-05	2.69501E-05	3.4133E-05	3.7521E-05	4.17328E-05	4.59072E-05	5.19365E-05	5.69726E-05	6.01776E-05	6.37153E-05	6.62283E-05	6.96101E-05	7.59759E-05	8.27909E-05	8.44427E-05	9.00302E-05
762	2.29571E-05	2.76879E-05	3.45582E-05	3.80149E-05	4.16808E-05	4.67154E-05	5.1617E-05	5.43301E-05	5.95677E-05	6.15145E-05	6.58757E-05	6.90707E-05	7.55844E-05	7.8809E-05	8.37513E-05	8.71972E-05
763	2.33547E-05	2.84923E-05	3.42539E-05	3.84596E-05	4.21184E-05	4.76592E-05	5.09899E-05	5.26809E-05	5.93604E-05	5.96562E-05	6.53107E-05	6.87935E-05	7.49526E-05	7.53812E-05	8.24888E-05	8.55061E-05
764	2.46992E-05	2.93966E-05	3.32114E-05	3.88195E-05	4.32278E-05	4.83953E-05	5.00074E-05	5.31221E-05	5.97948E-05	5.88368E-05	6.44133E-05	6.88101E-05	7.40785E-05	7.36736E-05	8.04407E-05	8.56868E-05
765	2.64091E-05	3.02022E-05	3.21113E-05	3.91297E-05	4.45498E-05	4.8767E-05	4.88647E-05	5.46944E-05	6.02394E-05	5.87832E-05	6.33117E-05	6.90506E-05	7.28795E-05	7.3352E-05	7.82563E-05	8.67402E-05
766	2.76195E-05	3.05952E-05	3.17437E-05	3.93662E-05	4.5383E-05	4.85614E-05	4.77243E-05	5.58498E-05	5.97379E-05	5.88865E-05	6.20732E-05	6.92874E-05	7.11159E-05	7.35989E-05	7.66459E-05	8.70898E-05
767	2.76682E-05	3.04235E-05	3.29163E-05	3.96555E-05	4.52603E-05	4.77859E-05	4.69329E-05	5.53901E-05	5.77063E-05	5.88002E-05	6.10049E-05	6.95298E-05	6.88713E-05	7.38813E-05	7.64931E-05	8.56412E-05
768	2.69261E-05	2.99409E-05	3.52658E-05	4.00472E-05	4.43277E-05	4.66658E-05	4.6659E-05	5.35935E-05	5.48733E-05	5.8524E-05	6.02272E-05	6.9448E-05	6.6496E-05	7.37488E-05	7.72386E-05	8.27844E-05
769	2.63451E-05	2.96506E-05	3.78332E-05	4.05899E-05	4.31043E-05	4.55951E-05	4.70293E-05	5.15839E-05	5.27382E-05	5.83025E-05	5.98281E-05	6.85966E-05	6.45616E-05	7.28644E-05	7.76269E-05	7.97936E-05
770	2.68772E-05	3.00554E-05	3.96512E-05	4.13301E-05	4.2119E-05	4.49712E-05	4.81612E-05	5.0494E-05	5.27935E-05	5.83806E-05	5.98903E-05	6.65426E-05	6.36358E-05	7.09039E-05	7.64072E-05	7.79493E-05
771	2.86003E-05	3.11914E-05	4.03704E-05	4.21981E-05	4.16756E-05	4.49326E-05	4.97962E-05	5.06398E-05	5.49932E-05	5.8744E-05	6.0263E-05	6.35354E-05	6.36477E-05	6.81211E-05	7.35392E-05	7.74912E-05
772	3.06177E-05	3.2598E-05	4.04211E-05	4.30517E-05	4.18784E-05	4.53838E-05	5.13136E-05	5.14621E-05	5.75831E-05	5.91654E-05	6.06154E-05	6.0716E-05	6.3881E-05	6.55456E-05	7.05039E-05	7.75658E-05
773	3.19445E-05	3.37606E-05	4.02662E-05	4.37198E-05	4.27997E-05	4.61898E-05	5.20338E-05	5.23133E-05	5.86476E-05	5.93692E-05	6.05673E-05	5.92632E-05	6.3533E-05	6.42337E-05	6.8858E-05	7.71975E-05
774	3.20843E-05	3.44024E-05	4.02396E-05	4.41181E-05	4.43524E-05	4.71798E-05	5.16561E-05	5.27268E-05	5.72084E-05	5.92049E-05	5.99242E-05	5.97235E-05	6.22061E-05	6.46687E-05	6.93892E-05	7.58018E-05
775	3.17723E-05	3.48471E-05	4.03432E-05	4.43805E-05	4.60567E-05	4.81013E-05	5.08338E-05	5.27034E-05	5.46529E-05	5.88377E-05	5.89603E-05	6.10517E-05	6.05237E-05	6.58928E-05	7.09475E-05	7.37884E-05
776	3.1949E-05	3.55189E-05	4.053E-05	4.46795E-05	4.7365E-05	4.86861E-05	5.03823E-05	5.23174E-05	5.27621E-05	5.84874E-05	5.80305E-05	6.194E-05	5.92814E-05	6.67104E-05	7.20652E-05	7.17309E-05
777	3.33521E-05	3.67395E-05	4.07625E-05	4.5144E-05	4.78513E-05	4.87191E-05	5.09316E-05	5.16676E-05	5.29801E-05	5.83146E-05	5.74385E-05	6.13465E-05	5.91158E-05	6.61572E-05	7.15243E-05	7.0102E-05
778	3.55262E-05	3.82459E-05	4.10828E-05	4.56736E-05	4.78444E-05	4.83336E-05	5.20392E-05	5.10063E-05	5.47441E-05	5.81657E-05	5.72052E-05	5.98619E-05	5.9741E-05	6.47022E-05	6.96752E-05	6.88035E-05
779	3.75953E-05	3.9568E-05	4.15606E-05	4.6086E-05	4.7939E-05	4.77853E-05	5.28834E-05	5.06427E-05	5.67869E-05	5.77752E-05	5.72529E-05	5.86504E-05	6.05464E-05	6.3317E-05	6.74151E-05	6.75368E-05
780	3.87281E-05	4.02651E-05	4.22669E-05	4.62136E-05	4.86865E-05	4.73406E-05	5.26944E-05	5.08658E-05	5.78859E-05	5.69096E-05	5.75045E-05	5.88084E-05	6.09549E-05	6.2924E-05	6.56283E-05	6.60392E-05
