Name	red	green	blue
Date	15/02/2018	15/02/2018	15/02/2018
Time	09:40pm	09:40pm	09:41pm
Integration time [ms]	4658	3186	1872
Luminance[cd/sqm]	4.68E+01	1.59E+02	1.71E+01
Radiance[W/sr*sqm]	2.35E-01	2.98E-01	2.37E-01
CCT [K]	0	0	0
DWl[nm]	611	549	463
PE[%]	91.7	78.2	92.5
x	0.6416	0.304	0.1535
y	0.3305	0.6186	0.0582
u'	0.4516	0.1239	0.181
v'	0.5234	0.5672	0.1546
Reference Illuminant	daylight >7000K	daylight >7000K	daylight >7000K
CCT [K]	8060	8060	8060
R1	95.5	95.5	95.5
R2	85.1	85.1	85.1
R3	70.7	70.7	70.7
R4	83.2	83.2	83.2
R5	91.7	91.7	91.7
R6	77.9	77.9	77.9
R7	84.4	84.4	84.4
R8	89.5	89.5	89.5
R9	83.6	83.6	83.6
R10	59.1	59.1	59.1
R11	82.4	82.4	82.4
R12	52.5	52.5	52.5
R13	92.2	92.2	92.2
R14	83.1	83.1	83.1
Ra	84.75	84.75	84.75
			
wavelength [nm]	Radiance[W/(sr*sqm*nm)]	Radiance[W/(sr*sqm*nm)]	Radiance[W/(sr*sqm*nm)]
			
380	0	2.74602E-07	0
381	0	1.50878E-07	0
382	1.9416E-08	4.52216E-08	7.18867E-08
383	6.73346E-07	0	2.19071E-07
384	1.3986E-06	0	3.59078E-07
385	2.02005E-06	0	4.09083E-07
386	2.40928E-06	0	2.97749E-07
387	2.39113E-06	6.25274E-08	0
388	1.94122E-06	1.60357E-07	0
389	1.26542E-06	2.60944E-07	0
390	5.8539E-07	3.41349E-07	0
391	1.13608E-07	3.79616E-07	0
392	4.11459E-08	3.56259E-07	1.06129E-06
393	3.40138E-07	2.7995E-07	3.36452E-06
394	8.0977E-07	1.8154E-07	5.96949E-06
395	1.25191E-06	9.13393E-08	8.41925E-06
396	1.47701E-06	3.84977E-08	1.02805E-05
397	1.34341E-06	4.31614E-08	1.12052E-05
398	9.53547E-07	8.07317E-08	1.13056E-05
399	4.89461E-07	1.12088E-07	1.08454E-05
400	1.26808E-07	9.94836E-08	1.00787E-05
401	3.46138E-08	6.7746E-09	9.28009E-06
402	2.76687E-07	0	8.65136E-06
403	6.9921E-07	0	8.4209E-06
404	1.12354E-06	0	8.81156E-06
405	1.37503E-06	7.49097E-08	1.00412E-05
406	1.29379E-06	7.74248E-07	1.2314E-05
407	9.14523E-07	1.77838E-06	1.55982E-05
408	4.38773E-07	2.85178E-06	1.96682E-05
409	6.95122E-08	3.75845E-06	2.42965E-05
410	5.53471E-09	4.26726E-06	2.92602E-05
411	3.95445E-07	4.21314E-06	3.44568E-05
412	1.13905E-06	3.73884E-06	4.0242E-05
413	2.05642E-06	3.08993E-06	4.71444E-05
414	2.97075E-06	2.50772E-06	5.56835E-05
415	3.70953E-06	2.22793E-06	6.63708E-05
416	4.22981E-06	2.35073E-06	7.9989E-05
417	4.68727E-06	2.71688E-06	9.72297E-05
418	5.2656E-06	3.14727E-06	0.00011892
419	6.14692E-06	3.46436E-06	0.000145881
420	7.49969E-06	3.51042E-06	0.000178955
421	9.3409E-06	3.35225E-06	0.000219315
422	1.15919E-05	3.20799E-06	0.000268467
423	1.41715E-05	3.29555E-06	0.00032787
424	1.69991E-05	3.83077E-06	0.000398971
425	2.00002E-05	4.95396E-06	0.000483483
426	2.31059E-05	6.54505E-06	0.000583777
427	2.62725E-05	8.43426E-06	0.000702891
428	2.9448E-05	1.04518E-05	0.000843624
429	3.25879E-05	1.2436E-05	0.001008774
430	3.58474E-05	1.44019E-05	0.001202044
431	3.96487E-05	1.65803E-05	0.001429749
432	4.43432E-05	1.91786E-05	0.001695585
433	5.0316E-05	2.24166E-05	0.00200435
434	5.78477E-05	2.65355E-05	0.002360582
435	6.6623E-05	3.19091E-05	0.00276745
436	7.6208E-05	3.90048E-05	0.003231605
437	8.60081E-05	4.82136E-05	0.003752981
438	9.5504E-05	5.9951E-05	0.00433424
439	0.000104368	7.41036E-05	0.004964915
440	0.000112588	8.96897E-05	0.005612995
441	0.000120323	0.000105775	0.006251975
442	0.000127462	0.000121211	0.006841913
443	0.000133963	0.000134978	0.007350131
444	0.000139296	0.000146395	0.007755957
445	0.00014269	0.000154953	0.008044711
446	0.000143371	0.000160146	0.008201867
447	0.000140561	0.000161464	0.008212633
448	0.00013409	0.000158864	0.008075427
449	0.000125045	0.00015327	0.007815904
450	0.000114674	0.000145731	0.007463186
451	0.000104067	0.000137089	0.007035679
452	9.4575E-05	0.000128598	0.006574223
453	8.63975E-05	0.000120889	0.00610092
454	7.91799E-05	0.000114371	0.005633929
455	7.25611E-05	0.000109446	0.005191305
456	6.62447E-05	0.000106618	0.004795518
457	5.9967E-05	0.000105983	0.004450606
458	5.39177E-05	0.000107297	0.004146376
459	4.83383E-05	0.000110252	0.003869963
460	4.34704E-05	0.000114542	0.003608495
461	3.95792E-05	0.00012005	0.003354926
462	3.64649E-05	0.000126519	0.003101633
463	3.37971E-05	0.000133955	0.002852338
464	3.12408E-05	0.000142368	0.002610855
465	2.84603E-05	0.000151768	0.00238102
466	2.53635E-05	0.000162523	0.002169655
467	2.21722E-05	0.000174627	0.00197353
468	1.9218E-05	0.000188343	0.001793786
469	1.68374E-05	0.000203941	0.001631579
470	1.532E-05	0.000221653	0.001487868
471	1.44845E-05	0.00024057	0.001357243
472	1.40388E-05	0.000261116	0.001243414
473	1.36322E-05	0.00028302	0.001144542
474	1.29175E-05	0.00030601	0.001058789
475	1.17941E-05	0.000329735	0.000984377
476	1.05368E-05	0.000352959	0.000917677
477	9.50593E-06	0.000375842	0.000859224
478	9.03149E-06	0.000397894	0.000807307
479	9.3462E-06	0.000418793	0.000760465
480	1.01476E-05	0.000439142	0.000718575
481	1.09331E-05	0.000459206	0.000680999
482	1.12346E-05	0.000480498	0.00064915
483	1.05955E-05	0.0005039	0.000623315
484	9.0552E-06	0.000529795	0.00060327
485	7.18358E-06	0.000558033	0.000588234
486	5.58149E-06	0.00058974	0.000578686
487	4.81358E-06	0.000623587	0.000572528
488	5.23557E-06	0.000659582	0.000569161
489	6.4583E-06	0.000698277	0.000568497
490	7.94208E-06	0.000740335	0.000570556
491	9.16635E-06	0.000787826	0.000576391
492	9.63003E-06	0.000840102	0.000584959
493	9.38094E-06	0.00089694	0.000595618
494	8.80414E-06	0.000957597	0.000607337
495	8.29073E-06	0.001021323	0.000619076
496	8.23493E-06	0.001088131	0.000630238
497	8.7646E-06	0.001157202	0.000639843
498	9.58564E-06	0.001229368	0.000648138
499	1.03618E-05	0.001305561	0.000655449
500	1.0755E-05	0.001386715	0.000662103
501	1.0509E-05	0.001469919	0.000666729
502	9.92498E-06	0.00155738	0.000670677
503	9.42423E-06	0.001647741	0.000673592
504	9.42617E-06	0.001739649	0.000675119
505	1.03146E-05	0.001831823	0.00067491
506	1.19937E-05	0.001925427	0.000673213
507	1.39861E-05	0.002019511	0.000669281
508	1.58136E-05	0.002114489	0.000662894
509	1.70011E-05	0.002210766	0.000653835
510	1.73087E-05	0.002308248	0.000642166
511	1.68749E-05	0.002400647	0.000627058
512	1.59596E-05	0.002491808	0.000610582
513	1.47829E-05	0.00258068	0.000593352
514	1.35622E-05	0.002666537	0.000575895
515	1.25129E-05	0.00275001	0.000558382
516	1.18487E-05	0.002832217	0.000540912
517	1.17799E-05	0.002914022	0.000523535
518	1.24861E-05	0.002996241	0.000506312
519	1.38181E-05	0.003077959	0.000489189
520	1.54244E-05	0.003157195	0.00047204
521	1.69849E-05	0.003237925	0.000455574
522	1.81302E-05	0.003312516	0.000438766
523	1.87335E-05	0.003380366	0.000421663
524	1.89498E-05	0.003442626	0.00040453
525	1.89523E-05	0.003500561	0.000387649
526	1.89208E-05	0.003556771	0.000371438
527	1.89607E-05	0.003610535	0.000355914
528	1.90242E-05	0.003660607	0.00034096
529	1.90369E-05	0.003705444	0.000326406
530	1.89246E-05	0.003743502	0.000312085
531	1.86307E-05	0.003773679	0.000297865
532	1.81964E-05	0.003797189	0.000283795
533	1.76966E-05	0.003816078	0.000269992
534	1.72065E-05	0.003832395	0.000256572
535	1.67943E-05	0.003847989	0.000243626
536	1.64423E-05	0.003861009	0.000230857
537	1.60919E-05	0.003870849	0.000217946
538	1.56777E-05	0.0038755	0.000204477
539	1.51378E-05	0.00387303	0.000190055
540	1.45228E-05	0.003863626	0.000174849
541	1.40363E-05	0.00385631	0.000159949
542	1.3842E-05	0.003847457	0.000145903
543	1.4128E-05	0.003839835	0.000133574
544	1.49235E-05	0.003834434	0.00012329
545	1.59414E-05	0.003828696	0.000114318
546	1.6851E-05	0.003818538	0.000105761
547	1.73298E-05	0.003802062	9.67893E-05
548	1.71737E-05	0.00377719	8.68676E-05
549	1.65944E-05	0.003744954	7.65889E-05
550	1.58914E-05	0.00370704	6.67842E-05
551	1.53598E-05	0.003663911	5.82675E-05
552	1.52515E-05	0.003618198	5.17358E-05
553	1.55086E-05	0.003569452	4.69551E-05
554	1.59678E-05	0.003516595	4.33774E-05
555	1.64656E-05	0.003458548	4.04537E-05
556	1.69053E-05	0.003404288	3.77859E-05
557	1.72646E-05	0.003345604	3.51377E-05
558	1.76579E-05	0.00328579	3.26066E-05
559	1.8202E-05	0.003228197	3.02932E-05
560	1.90129E-05	0.003175982	2.8294E-05
561	2.00959E-05	0.003116475	2.65204E-05
562	2.1579E-05	0.003059407	2.5043E-05
563	2.35178E-05	0.003001681	2.38116E-05
564	2.59668E-05	0.002940304	2.27752E-05
565	2.89645E-05	0.002874723	2.18715E-05
566	3.25251E-05	0.002806326	2.10218E-05
567	3.66742E-05	0.00273784	2.01565E-05
568	4.14369E-05	0.00267132	1.92021E-05
569	4.70605E-05	0.002607157	1.81296E-05
570	5.40954E-05	0.002543476	1.69706E-05
571	6.31176E-05	0.002478458	1.57621E-05
572	7.46907E-05	0.002409868	1.45392E-05
573	8.92342E-05	0.002337096	1.3412E-05
574	0.000106913	0.002261952	1.26177E-05
575	0.000127866	0.00218648	1.24058E-05
576	0.000152071	0.002110462	1.30094E-05
577	0.000180049	0.002037414	1.44546E-05
578	0.000212787	0.001966493	1.62692E-05
579	0.000251337	0.00189662	1.79227E-05
580	0.000296745	0.001826726	1.88895E-05
581	0.000350517	0.001759558	1.89616E-05
582	0.000412548	0.001691947	1.854E-05
583	0.000483139	0.001624527	1.8164E-05
584	0.000562592	0.001557932	1.83729E-05
585	0.000650775	0.001492492	1.94553E-05
586	0.000747301	0.001429507	2.10355E-05
587	0.000849955	0.001366373	2.25702E-05
588	0.000957219	0.001302443	2.35365E-05
589	0.001067884	0.00123738	2.36079E-05
590	0.001181663	0.001171779	2.30458E-05
591	0.001301836	0.001109303	2.22791E-05
592	0.001425542	0.001047513	2.16195E-05
593	0.001552243	0.000986963	2.13499E-05
594	0.001680027	0.000927511	2.14677E-05
595	0.001806698	0.000868879	2.19155E-05
596	0.001926841	0.000809447	2.25975E-05
597	0.00204164	0.00075069	2.34505E-05
598	0.002151506	0.000693274	2.42622E-05
599	0.002257222	0.000637997	2.47978E-05
600	0.002359572	0.000585667	2.48205E-05
601	0.002452042	0.000535411	2.4179E-05
602	0.002537968	0.000488596	2.32663E-05
603	0.00261439	0.000444794	2.24801E-05
604	0.002678354	0.000403578	2.22174E-05
605	0.002728776	0.000364714	2.26411E-05
606	0.00276948	0.000328481	2.33505E-05
607	0.00280423	0.000295133	2.38543E-05
608	0.00283714	0.000264978	2.3666E-05
609	0.002870292	0.000238037	2.25703E-05
610	0.00290157	0.000213755	2.09126E-05
611	0.002923113	0.000191159	1.90737E-05
612	0.002937482	0.00017004	1.75066E-05
613	0.002943869	0.000150141	1.64893E-05
614	0.002944442	0.00013183	1.60751E-05
615	0.002941643	0.000115536	1.62954E-05
616	0.002931642	0.000101458	1.71412E-05
617	0.002921093	8.98031E-05	1.85199E-05
618	0.002907759	7.98779E-05	2.01065E-05
619	0.002889253	7.09562E-05	2.15671E-05
620	0.002863368	6.23465E-05	2.25835E-05
621	0.002834843	5.39955E-05	2.3119E-05
622	0.002804582	4.62624E-05	2.33314E-05
623	0.002777244	3.9617E-05	2.34148E-05
624	0.002757087	3.44914E-05	2.35512E-05
625	0.002743356	3.08489E-05	2.37765E-05
626	0.002734962	2.8345E-05	2.40489E-05
627	0.002724077	2.65575E-05	2.42669E-05
628	0.00270675	2.51274E-05	2.43701E-05
629	0.002683254	2.38657E-05	2.44039E-05
630	0.002656013	2.267E-05	2.44676E-05
631	0.002631474	2.14718E-05	2.4698E-05
632	0.002607399	2.01387E-05	2.51246E-05
633	0.002582683	1.86016E-05	2.56397E-05
634	0.00255524	1.68003E-05	2.60777E-05
635	0.002522976	1.46749E-05	2.62727E-05
636	0.002490348	1.23211E-05	2.62119E-05
637	0.002453791	1.01848E-05	2.60702E-05
638	0.002416087	8.83761E-06	2.61446E-05
639	0.002380037	8.85244E-06	2.67334E-05
640	0.002347059	1.0296E-05	2.79616E-05
641	0.002314798	1.22523E-05	2.96046E-05
642	0.002282809	1.36967E-05	3.1424E-05
643	0.002249548	1.36238E-05	3.31688E-05
644	0.002214579	1.19338E-05	3.46426E-05
645	0.002178721	9.55001E-06	3.57111E-05
646	0.002142556	7.45674E-06	3.6237E-05
647	0.002107193	6.55778E-06	3.61177E-05
648	0.002072192	6.72741E-06	3.55351E-05
649	0.002036329	7.18074E-06	3.4857E-05
650	0.001998356	7.11634E-06	3.44568E-05
651	0.001957662	5.92597E-06	3.46312E-05
652	0.001914871	4.05711E-06	3.52133E-05
653	0.001871541	2.31642E-06	3.58883E-05
654	0.001829248	1.51673E-06	3.63387E-05
655	0.001789071	2.10027E-06	3.63547E-05
656	0.001746628	3.53448E-06	3.59211E-05
657	0.001705864	5.1379E-06	3.5243E-05
658	0.001666369	6.23723E-06	3.44397E-05
659	0.001628129	6.55571E-06	3.36696E-05
660	0.001591626	6.31338E-06	3.31407E-05
661	0.001555358	5.75401E-06	3.30206E-05
662	0.00152183	5.1281E-06	3.35238E-05
663	0.001490194	4.57466E-06	3.44216E-05
664	0.001458868	4.17059E-06	3.52465E-05
665	0.001426267	3.99147E-06	3.55304E-05
666	0.001393538	4.08163E-06	3.49764E-05
667	0.001359601	4.31741E-06	3.36504E-05
668	0.001326256	4.54073E-06	3.17984E-05
669	0.00129529	4.59485E-06	2.96669E-05
670	0.001267274	4.43024E-06	2.75621E-05
671	0.001238861	4.17669E-06	2.58547E-05
672	0.001210228	3.99525E-06	2.50042E-05
673	0.001179775	4.02698E-06	2.53771E-05
674	0.001147633	4.23936E-06	2.66822E-05
675	0.001115199	4.47295E-06	2.81468E-05
676	0.001082604	4.56083E-06	2.89573E-05
677	0.001052293	4.41091E-06	2.85483E-05
678	0.001023817	4.21226E-06	2.71196E-05
679	0.000996304	4.23333E-06	2.50947E-05
680	0.000968899	4.73596E-06	2.28923E-05
681	0.000944798	5.72985E-06	2.09955E-05
682	0.00092042	6.74075E-06	1.96922E-05
683	0.000896085	7.26606E-06	1.93665E-05
684	0.000872103	6.86635E-06	2.03407E-05
685	0.000848679	5.83365E-06	2.22231E-05
686	0.000827213	4.92863E-06	2.4209E-05
687	0.000806516	4.90758E-06	2.54123E-05
688	0.000786596	6.21344E-06	2.52612E-05
689	0.000767012	8.18599E-06	2.41527E-05
690	0.000747228	9.92693E-06	2.26918E-05
691	0.000727124	1.05615E-05	2.14881E-05
692	0.000706159	9.96766E-06	2.07391E-05
693	0.000684688	8.88935E-06	2.02205E-05
694	0.000663099	8.12582E-06	1.96819E-05
695	0.000641751	8.33949E-06	1.89335E-05
696	0.000621216	9.33913E-06	1.81708E-05
697	0.00060116	1.06036E-05	1.77041E-05
698	0.000581679	1.16113E-05	1.7857E-05
699	0.000562802	1.20769E-05	1.85522E-05
700	0.000544444	1.21257E-05	1.90228E-05
701	0.000527572	1.1949E-05	1.84598E-05
702	0.00051097	1.16962E-05	1.61142E-05
703	0.000494622	1.15807E-05	1.2674E-05
704	0.000478552	1.18404E-05	9.59069E-06
705	0.000462786	1.27184E-05	8.35523E-06
706	0.000446848	1.41831E-05	9.62207E-06
707	0.000431546	1.56467E-05	1.21492E-05
708	0.000417119	1.64141E-05	1.43953E-05
709	0.000403771	1.58618E-05	1.49258E-05
710	0.000391258	1.43342E-05	1.38648E-05
711	0.000378638	1.27963E-05	1.2341E-05
712	0.000365791	1.22712E-05	1.15506E-05
713	0.000352359	1.32861E-05	1.21325E-05
714	0.000338483	1.51239E-05	1.33185E-05
715	0.000324385	1.68607E-05	1.41074E-05
716	0.000310579	1.76387E-05	1.35816E-05
717	0.000296955	1.73468E-05	1.18531E-05
718	0.000283697	1.64157E-05	9.76427E-06
719	0.000270997	1.52942E-05	8.18718E-06
720	0.000258979	1.43224E-05	7.68345E-06
721	0.0002473	1.35421E-05	8.01461E-06
722	0.00023622	1.29877E-05	8.83479E-06
723	0.000225679	1.26681E-05	9.7862E-06
724	0.000215722	1.25184E-05	1.05464E-05
725	0.000206456	1.24284E-05	1.0812E-05
726	0.000197838	1.22769E-05	1.02694E-05
727	0.000190058	1.2067E-05	8.92259E-06
728	0.000182978	1.20072E-05	7.38045E-06
729	0.000176437	1.23345E-05	6.33381E-06
730	0.000170299	1.32368E-05	6.39537E-06
731	0.000164363	1.44826E-05	7.50889E-06
732	0.000159052	1.56959E-05	9.32997E-06
733	0.00015451	1.6481E-05	1.14985E-05
734	0.000150731	1.6609E-05	1.35759E-05
735	0.000147492	1.60953E-05	1.50116E-05
736	0.00014484	1.50043E-05	1.52728E-05
737	0.000142245	1.34341E-05	1.39715E-05
738	0.000139536	1.19966E-05	1.17763E-05
739	0.000136564	1.14565E-05	9.67522E-06
740	0.000133191	1.25373E-05	8.63382E-06
741	0.000129672	1.49307E-05	8.87817E-06
742	0.000126433	1.73525E-05	9.93755E-06
743	0.000123986	1.8467E-05	1.13123E-05
744	0.000122529	1.76065E-05	1.26273E-05
745	0.000121412	1.59099E-05	1.38513E-05
746	0.000119899	1.48403E-05	1.50176E-05
747	0.00011723	1.56617E-05	1.61357E-05
748	0.000113693	1.79073E-05	1.71429E-05
749	0.000110082	2.02217E-05	1.79361E-05
750	0.0001072	2.12422E-05	1.84135E-05
751	0.000105582	2.07125E-05	1.8662E-05
752	0.000104753	1.97308E-05	1.89071E-05
753	0.000104387	1.95641E-05	1.94283E-05
754	0.000104131	2.10772E-05	2.03927E-05
755	0.00010356	2.36043E-05	2.15435E-05
756	0.000102402	2.61618E-05	2.25613E-05
757	0.000100082	2.77508E-05	2.30814E-05
758	9.69683E-05	2.84263E-05	2.32041E-05
759	9.3907E-05	2.88704E-05	2.3295E-05
760	9.17679E-05	2.97888E-05	2.37328E-05
761	9.06802E-05	3.13656E-05	2.46391E-05
762	9.01612E-05	3.3176E-05	2.58831E-05
763	8.94993E-05	3.4683E-05	2.72683E-05
764	8.81618E-05	3.55041E-05	2.85686E-05
765	8.62927E-05	3.58338E-05	2.94707E-05
766	8.40277E-05	3.59306E-05	2.95762E-05
767	8.18293E-05	3.6189E-05	2.87055E-05
768	7.98839E-05	3.6847E-05	2.76151E-05
769	7.83226E-05	3.80976E-05	2.75997E-05
770	7.7274E-05	4.01225E-05	2.99465E-05
771	7.66704E-05	4.26134E-05	3.45916E-05
772	7.63321E-05	4.47562E-05	3.99487E-05
773	7.60272E-05	4.56703E-05	4.4296E-05
774	7.55198E-05	4.49889E-05	4.64717E-05
775	7.45734E-05	4.36358E-05	4.67482E-05
776	7.29497E-05	4.27538E-05	4.56246E-05
777	7.05281E-05	4.32901E-05	4.3654E-05
778	6.79003E-05	4.50213E-05	4.16541E-05
779	6.59131E-05	4.73148E-05	4.05476E-05
780	6.53595E-05	4.95378E-05	4.12019E-05
