			
			
			
Name	red_spectrum	green_spectrum	blue_spectrum
Date	01/02/2018	01/02/2018	01/02/2018
Time	05:22pm	05:22pm	05:23pm
Integration time [ms]	848	2010	2454
Luminance[cd/sqm]	7.14E+01	1.56E+02	2.10E+01
Radiance[W/sr*sqm]	2.67E-01	3.33E-01	2.25E-01
CCT [K]	0	0	0
DWl[nm]	611	533	468
PE[%]	93.3	72.3	88.7
x	0.6466	0.2216	0.1526
y	0.3311	0.6643	0.0812
u'	0.4553	0.0842	0.1663
v'	0.5246	0.5679	0.1992
Reference Illuminant	Planckian radiator	Planckian radiator	Planckian radiator
CCT [K]	0	0	0
R1	0	0	0
R2	0	0	0
R3	0	0	0
R4	0	0	0
R5	0	0	0
R6	0	0	0
R7	0	0	0
R8	0	0	0
R9	0	0	0
R10	0	0	0
R11	0	0	0
R12	0	0	0
R13	0	0	0
R14	0	0	0
Ra	0	0	0
			
wavelength [nm]	Radiance[W/(sr*sqm*nm)]	Radiance[W/(sr*sqm*nm)]	Radiance[W/(sr*sqm*nm)]
			
380	3.19025E-06	2.39237E-06	4.7729E-06
381	2.43607E-06	3.15968E-06	3.71564E-06
382	1.65095E-06	3.4537E-06	2.84142E-06
383	9.67319E-07	3.12186E-06	2.33014E-06
384	4.45405E-07	2.3568E-06	2.13791E-06
385	1.24374E-07	1.41788E-06	2.17191E-06
386	4.02379E-08	5.47141E-07	2.3779E-06
387	2.28604E-07	0	2.6552E-06
388	6.51685E-07	0	2.96199E-06
389	1.13227E-06	0	3.30896E-06
390	1.48554E-06	0	3.71179E-06
391	1.53449E-06	6.13695E-09	4.18583E-06
392	1.12625E-06	9.77711E-08	4.74645E-06
393	4.01839E-07	9.4069E-08	5.4294E-06
394	0	4.8875E-08	6.28603E-06
395	0	1.59951E-08	7.3662E-06
396	9.6212E-09	4.71588E-08	8.7227E-06
397	1.55153E-06	1.89381E-07	1.03939E-05
398	3.83407E-06	4.72135E-07	1.23946E-05
399	6.40959E-06	9.18301E-07	1.47301E-05
400	8.84615E-06	1.54993E-06	1.74055E-05
401	1.07618E-05	2.39556E-06	2.04895E-05
402	1.19103E-05	3.4242E-06	2.38699E-05
403	1.24653E-05	4.50027E-06	2.73262E-05
404	1.26478E-05	5.47715E-06	3.06223E-05
405	1.26738E-05	6.2115E-06	3.35277E-05
406	1.27464E-05	6.57282E-06	3.58531E-05
407	1.28453E-05	6.57227E-06	3.78736E-05
408	1.27696E-05	6.34642E-06	4.02844E-05
409	1.2316E-05	6.03314E-06	4.37801E-05
410	1.12858E-05	5.76749E-06	4.90411E-05
411	9.59099E-06	5.65908E-06	5.67034E-05
412	7.66357E-06	5.66763E-06	6.69673E-05
413	6.11269E-06	5.71108E-06	7.99384E-05
414	5.5369E-06	5.70881E-06	9.57207E-05
415	6.52051E-06	5.58239E-06	0.00011443
416	9.29158E-06	5.34425E-06	0.00013789
417	1.33833E-05	5.12468E-06	0.000170002
418	1.82735E-05	5.08044E-06	0.000215118
419	2.34443E-05	5.36693E-06	0.000277553
420	2.83924E-05	6.11718E-06	0.000360805
421	3.27305E-05	7.2038E-06	0.000458709
422	3.617E-05	8.33088E-06	0.000558947
423	3.84205E-05	9.2009E-06	0.000649132
424	3.91945E-05	9.51919E-06	0.000716999
425	3.86141E-05	9.25329E-06	0.000762006
426	3.81973E-05	9.26937E-06	0.000823603
427	3.97929E-05	1.06298E-05	0.000950361
428	4.52084E-05	1.43798E-05	0.001189927
429	5.6166E-05	2.15145E-05	0.001587617
430	7.25069E-05	3.19158E-05	0.002136744
431	9.20819E-05	4.4276E-05	0.002775852
432	0.000112494	5.7166E-05	0.003436352
433	0.000131424	6.91906E-05	0.004051909
434	0.000146769	7.90769E-05	0.004562508
435	0.000157585	8.62173E-05	0.00494271
436	0.000163552	9.03566E-05	0.005185967
437	0.00016395	9.10211E-05	0.005273254
438	0.000158258	8.78459E-05	0.005191645
439	0.000147063	8.12049E-05	0.004959339
440	0.000132767	7.26847E-05	0.004645622
441	0.000118079	6.4058E-05	0.004329565
442	0.000105392	5.69245E-05	0.004079173
443	9.69788E-05	5.27885E-05	0.003959766
444	9.26157E-05	5.15084E-05	0.003963026
445	9.08232E-05	5.21178E-05	0.004043732
446	9.01108E-05	5.36426E-05	0.004156345
447	8.89839E-05	5.51058E-05	0.004255145
448	8.64789E-05	5.58648E-05	0.004310441
449	8.27394E-05	5.59727E-05	0.004325886
450	7.80475E-05	5.55699E-05	0.004309312
451	7.2575E-05	5.47132E-05	0.004262028
452	6.67442E-05	5.36305E-05	0.004198271
453	6.09438E-05	5.24577E-05	0.004121874
454	5.56163E-05	5.1327E-05	0.004034481
455	5.12033E-05	5.03703E-05	0.003937701
456	4.81893E-05	4.97656E-05	0.003836749
457	4.66888E-05	4.95973E-05	0.003728801
458	4.62514E-05	4.99988E-05	0.003613484
459	4.63418E-05	5.1104E-05	0.003490238
460	4.64245E-05	5.30468E-05	0.003358504
461	4.60719E-05	5.60433E-05	0.003222594
462	4.51373E-05	6.01707E-05	0.003079178
463	4.37847E-05	6.55875E-05	0.002931209
464	4.21818E-05	7.24532E-05	0.002781669
465	4.04972E-05	8.09291E-05	0.002633556
466	3.89229E-05	9.14505E-05	0.002493363
467	3.74143E-05	0.00010441	0.002356468
468	3.59892E-05	0.000120361	0.002222891
469	3.46658E-05	0.000139868	0.00209265
470	3.3461E-05	0.000163457	0.00196584
471	3.22698E-05	0.000190646	0.001836903
472	3.12084E-05	0.000221857	0.001713914
473	3.02746E-05	0.000257037	0.001597842
474	2.94676E-05	0.000296126	0.001489648
475	2.88429E-05	0.000338585	0.001389627
476	2.84871E-05	0.000382294	0.00129425
477	2.86159E-05	0.000426502	0.00120578
478	2.93809E-05	0.000469838	0.001123307
479	3.09002E-05	0.000511151	0.001046131
480	3.31101E-05	0.000550467	0.00097469
481	3.58326E-05	0.00058738	0.00090851
482	3.89847E-05	0.000623068	0.000849893
483	4.24345E-05	0.000657969	0.000799584
484	4.58899E-05	0.000692607	0.000757385
485	4.8887E-05	0.000727596	0.000722084
486	5.1072E-05	0.000765236	0.000693967
487	5.18752E-05	0.000804604	0.000670165
488	5.10681E-05	0.000846423	0.000649836
489	4.92016E-05	0.000891779	0.00063329
490	4.69841E-05	0.000941829	0.000621067
491	4.52013E-05	0.000999519	0.000614812
492	4.44049E-05	0.001064557	0.000613922
493	4.4504E-05	0.001139699	0.000618614
494	4.49489E-05	0.001228609	0.000628908
495	4.5182E-05	0.001334974	0.000644818
496	4.46797E-05	0.001463508	0.000666827
497	4.31793E-05	0.001616961	0.000694532
498	4.0994E-05	0.001798716	0.000727991
499	3.84904E-05	0.002012149	0.000767263
500	3.60371E-05	0.002260654	0.000812407
501	3.38955E-05	0.0025407	0.000861194
502	3.23721E-05	0.002855498	0.000914238
503	3.16432E-05	0.003202299	0.000970017
504	3.1884E-05	0.003578367	0.001027021
505	3.32477E-05	0.003980757	0.001083697
506	3.56006E-05	0.004406733	0.001138752
507	3.85238E-05	0.00484505	0.001188747
508	4.16178E-05	0.00528718	0.001231029
509	4.44859E-05	0.005724579	0.001262955
510	4.69435E-05	0.006146209	0.001282427
511	4.9073E-05	0.006522168	0.001285473
512	5.12029E-05	0.006849541	0.001273961
513	5.35604E-05	0.007112872	0.001246968
514	5.62306E-05	0.007299969	0.001204189
515	5.86908E-05	0.007412227	0.001147972
516	6.0262E-05	0.007455004	0.001081404
517	6.0267E-05	0.007432941	0.00100744
518	5.81312E-05	0.007351155	0.000929024
519	5.4329E-05	0.007216938	0.000848722
520	4.99806E-05	0.007038901	0.000768851
521	4.62904E-05	0.006838161	0.000692976
522	4.42507E-05	0.006609702	0.000621798
523	4.40539E-05	0.006361439	0.000556519
524	4.47255E-05	0.006100809	0.000496965
525	4.52155E-05	0.005835195	0.000442868
526	4.44939E-05	0.005574059	0.000394112
527	4.19744E-05	0.005321443	0.000350248
528	3.83616E-05	0.005080967	0.000311019
529	3.45698E-05	0.004855797	0.000276165
530	3.15126E-05	0.004649097	0.000245429
531	2.99779E-05	0.004461328	0.000218552
532	3.00556E-05	0.004277701	0.000195275
533	3.15936E-05	0.004078187	0.000175339
534	3.44399E-05	0.003842771	0.000158485
535	3.84735E-05	0.003556029	0.000144537
536	4.39313E-05	0.003256269	0.000134255
537	5.13229E-05	0.003020529	0.000129149
538	6.11486E-05	0.002924924	0.000130678
539	7.38801E-05	0.003042937	0.000140224
540	8.91478E-05	0.003372855	0.000156786
541	0.000105781	0.003832111	0.000176897
542	0.000122263	0.004322401	0.000196424
543	0.000137192	0.004750256	0.000211458
544	0.000149183	0.005048084	0.000219356
545	0.000156887	0.005200148	0.000219999
546	0.000158909	0.005195302	0.00021351
547	0.000153944	0.005025433	0.000200141
548	0.000141485	0.004688497	0.000180509
549	0.000123875	0.004207766	0.000156668
550	0.00010406	0.003611895	0.000130982
551	8.49675E-05	0.002928642	0.000105783
552	6.91614E-05	0.002194349	8.32288E-05
553	5.673E-05	0.001477527	6.39184E-05
554	4.6918E-05	0.0008584	4.79325E-05
555	3.8968E-05	0.00041734	3.53508E-05
556	3.22773E-05	0.000223714	2.62674E-05
557	2.65979E-05	0.000239394	2.00355E-05
558	2.21211E-05	0.000371272	1.58418E-05
559	1.90434E-05	0.000524471	1.28596E-05
560	1.75383E-05	0.000607714	1.02907E-05
561	1.7328E-05	0.000598358	7.88673E-06
562	1.79694E-05	0.00053402	5.92675E-06
563	1.89379E-05	0.00045154	4.64994E-06
564	1.97212E-05	0.000386734	4.28276E-06
565	2.00791E-05	0.000352047	4.75104E-06
566	2.00503E-05	0.000335539	5.66658E-06
567	1.96955E-05	0.000324309	6.62946E-06
568	1.90814E-05	0.000305692	7.24656E-06
569	1.87344E-05	0.000279335	7.40889E-06
570	1.98086E-05	0.000261666	7.39485E-06
571	2.35018E-05	0.0002703	7.51053E-06
572	3.09946E-05	0.000322601	8.05832E-06
573	4.25951E-05	0.000423203	9.21549E-06
574	5.71046E-05	0.000554755	1.09428E-05
575	7.31784E-05	0.000697774	1.31796E-05
576	8.93862E-05	0.000831971	1.58484E-05
577	0.000105472	0.000943005	1.88568E-05
578	0.000123248	0.00102518	2.20129E-05
579	0.000144781	0.001073996	2.5115E-05
580	0.000172121	0.001084996	2.79627E-05
581	0.000206621	0.001060244	3.04747E-05
582	0.000246335	0.001008503	3.26066E-05
583	0.000289193	0.000942262	3.43841E-05
584	0.000333127	0.000874013	3.5833E-05
585	0.000377882	0.00081404	3.69867E-05
586	0.000428753	0.000767489	3.7948E-05
587	0.000490966	0.000736454	3.87293E-05
588	0.000570197	0.000724143	3.93886E-05
589	0.000668653	0.000730607	3.9887E-05
590	0.000778217	0.000746528	3.98983E-05
591	0.000891152	0.000762804	3.91441E-05
592	0.000995567	0.000766312	3.71292E-05
593	0.00108482	0.000749251	3.37226E-05
594	0.001163283	0.000714598	2.9598E-05
595	0.001237494	0.000667434	2.55921E-05
596	0.001311922	0.000611909	2.25182E-05
597	0.001385511	0.000553458	2.09072E-05
598	0.001426792	0.000493429	2.0146E-05
599	0.001398774	0.000432641	1.94136E-05
600	0.001264185	0.000371923	1.7882E-05
601	0.001042493	0.000313997	1.5364E-05
602	0.000923201	0.000270875	1.36466E-05
603	0.00111962	0.00025468	1.47826E-05
604	0.001844645	0.000277511	2.0821E-05
605	0.003205266	0.000344743	3.28644E-05
606	0.005052282	0.000445513	4.97263E-05
607	0.007197571	0.00056645	6.98712E-05
608	0.009453247	0.000694223	9.17652E-05
609	0.011633532	0.000816223	0.000113691
610	0.01355701	0.000921331	0.000133553
611	0.015015959	0.000996835	0.000148942
612	0.01585397	0.001033482	0.000157961
613	0.015945835	0.001023021	0.000159515
614	0.015253133	0.000961302	0.000154187
615	0.013746018	0.000844594	0.000142719
616	0.01137664	0.000668241	0.000125606
617	0.008401024	0.000450583	0.000104893
618	0.005361449	0.00023315	8.35105E-05
619	0.002814322	5.86134E-05	6.44332E-05
620	0.00128848	0	5.04968E-05
621	0.000854997	0	4.23658E-05
622	0.001126261	5.76473E-06	3.8371E-05
623	0.001701684	6.26813E-05	3.68422E-05
624	0.002202407	9.77352E-05	3.61832E-05
625	0.002502649	0.000103263	3.56235E-05
626	0.00266516	9.14872E-05	3.50406E-05
627	0.002750116	7.47109E-05	3.424E-05
628	0.002813987	6.41463E-05	3.30827E-05
629	0.002860455	6.10562E-05	3.15189E-05
630	0.002866318	6.16338E-05	2.95444E-05
631	0.002812567	6.2146E-05	2.71971E-05
632	0.002674538	5.93226E-05	2.44494E-05
633	0.002449317	5.34254E-05	2.14625E-05
634	0.002139766	4.58598E-05	1.84447E-05
635	0.001748761	3.80335E-05	1.56043E-05
636	0.001296837	3.11372E-05	1.31348E-05
637	0.000844304	2.52727E-05	1.10199E-05
638	0.000466485	2.04583E-05	9.25545E-06
639	0.00023904	1.6712E-05	7.83717E-06
640	0.000190706	1.39903E-05	6.74578E-06
641	0.000259346	1.21261E-05	5.93028E-06
642	0.000372097	1.095E-05	5.34218E-06
643	0.000457004	1.02868E-05	4.9313E-06
644	0.000487725	1.00683E-05	4.71698E-06
645	0.000489483	1.03464E-05	4.79714E-06
646	0.000490377	1.11787E-05	5.27389E-06
647	0.000516616	1.25967E-05	6.22867E-06
648	0.000568829	1.4301E-05	7.48347E-06
649	0.000631297	1.578E-05	8.694E-06
650	0.00068792	1.65148E-05	9.51063E-06
651	0.000724394	1.61021E-05	9.65881E-06
652	0.00073578	1.47575E-05	9.26717E-06
653	0.000720427	1.29098E-05	8.60293E-06
654	0.000676682	1.09915E-05	7.93545E-06
655	0.000607954	9.32835E-06	7.44333E-06
656	0.000529451	7.94628E-06	7.05079E-06
657	0.000461441	6.86993E-06	6.67914E-06
658	0.000422162	6.09726E-06	6.23391E-06
659	0.000415715	5.6116E-06	5.73156E-06
660	0.000428488	5.37799E-06	5.32745E-06
661	0.000445184	5.35338E-06	5.17888E-06
662	0.000452509	5.50904E-06	5.42628E-06
663	0.000445721	5.81744E-06	5.88908E-06
664	0.000425542	6.25616E-06	6.19911E-06
665	0.000392764	6.80301E-06	5.98789E-06
666	0.000349638	7.42504E-06	5.03756E-06
667	0.000300994	7.97354E-06	3.69963E-06
668	0.000253336	8.28484E-06	2.48997E-06
669	0.000213131	8.19678E-06	1.92037E-06
670	0.000183777	7.67573E-06	2.16824E-06
671	0.000163125	6.90004E-06	2.82865E-06
672	0.000149019	6.09288E-06	3.44575E-06
673	0.00013906	5.45226E-06	3.59323E-06
674	0.000131637	5.00983E-06	3.26401E-06
675	0.000125719	4.67541E-06	2.75775E-06
676	0.000120151	4.35133E-06	2.37673E-06
677	0.00011469	4.01425E-06	2.35655E-06
678	0.000111702	3.92018E-06	2.60516E-06
679	0.000114316	4.40374E-06	2.93987E-06
680	0.000125603	5.79142E-06	3.18166E-06
681	0.000147418	8.10764E-06	3.29281E-06
682	0.000177806	1.07909E-05	3.42089E-06
683	0.000214975	1.32426E-05	3.74534E-06
684	0.000257118	1.49185E-05	4.41947E-06
685	0.000302399	1.59155E-05	5.29551E-06
686	0.000349488	1.67599E-05	6.04508E-06
687	0.000396123	1.79387E-05	6.31761E-06
688	0.000439231	1.97483E-05	5.93162E-06
689	0.00047175	2.17563E-05	5.25763E-06
690	0.000485723	2.33733E-05	4.78565E-06
691	0.000473701	2.40332E-05	4.99448E-06
692	0.000436936	2.35903E-05	5.81644E-06
693	0.000387391	2.24161E-05	6.57668E-06
694	0.000337734	2.09133E-05	6.55933E-06
695	0.000298834	1.94495E-05	5.21838E-06
696	0.000270269	1.81684E-05	3.05894E-06
697	0.000246995	1.71028E-05	9.71343E-07
698	0.000224236	1.63088E-05	0
699	0.000207599	1.65298E-05	1.69541E-07
700	0.000220493	1.96849E-05	1.55562E-06
701	0.00028902	2.78938E-05	3.5956E-06
702	0.000435386	4.29483E-05	5.88475E-06
703	0.000649112	6.39246E-05	8.27496E-06
704	0.000901734	8.84044E-05	1.07546E-05
705	0.001163912	0.000113896	1.33127E-05
706	0.001405621	0.000137843	1.58346E-05
707	0.001603204	0.00015831	1.80509E-05
708	0.001731925	0.000173258	1.96476E-05
709	0.001768783	0.000180734	2.03319E-05
710	0.001716102	0.000180186	2.01221E-05
711	0.001591035	0.000171786	1.92191E-05
712	0.001415183	0.000156131	1.78755E-05
713	0.001207011	0.000134289	1.62375E-05
714	0.000981296	0.000109004	1.42302E-05
715	0.000752444	8.33225E-05	1.17426E-05
716	0.000535561	6.02647E-05	8.70422E-06
717	0.000344104	4.11188E-05	5.43585E-06
718	0.000192364	2.62115E-05	2.55489E-06
719	9.48961E-05	1.58557E-05	6.95761E-07
720	5.64771E-05	9.9713E-06	1.64812E-07
721	5.73081E-05	7.49365E-06	4.4148E-07
722	7.35867E-05	7.20849E-06	8.69511E-07
723	8.27414E-05	7.90895E-06	8.478E-07
724	8.00761E-05	8.86145E-06	4.65294E-07
725	7.16964E-05	9.61415E-06	2.29792E-07
726	6.38858E-05	9.70588E-06	6.60085E-07
727	6.0317E-05	8.93892E-06	1.92248E-06
728	5.89878E-05	7.61818E-06	3.46175E-06
729	5.71897E-05	6.11418E-06	4.62822E-06
730	5.26206E-05	4.77616E-06	4.85154E-06
731	4.6244E-05	3.75132E-06	4.21736E-06
732	4.07455E-05	3.11062E-06	3.13662E-06
733	3.87108E-05	2.91357E-06	2.01476E-06
734	4.08154E-05	3.12705E-06	1.10709E-06
735	4.49552E-05	3.58329E-06	4.49762E-07
736	4.88917E-05	4.11103E-06	6.21684E-08
737	5.06897E-05	4.59255E-06	0
738	5.09194E-05	5.24815E-06	2.45481E-07
739	5.0892E-05	6.40119E-06	9.65746E-07
740	5.18797E-05	8.35055E-06	2.19889E-06
741	5.40265E-05	1.08241E-05	3.71139E-06
742	5.6354E-05	1.30066E-05	4.98687E-06
743	5.78527E-05	1.40523E-05	5.49029E-06
744	5.78626E-05	1.35538E-05	4.93553E-06
745	5.66783E-05	1.22882E-05	3.71078E-06
746	5.47852E-05	1.12464E-05	2.32288E-06
747	5.25504E-05	1.12895E-05	1.23861E-06
748	4.9819E-05	1.21648E-05	5.53302E-07
749	4.61544E-05	1.30486E-05	1.73443E-07
750	4.11262E-05	1.311E-05	3.44E-09
751	3.50545E-05	1.21132E-05	0
752	2.90254E-05	1.05421E-05	1.70099E-07
753	2.43064E-05	8.97174E-06	5.4957E-07
754	2.17756E-05	7.83338E-06	1.11722E-06
755	2.08268E-05	7.00036E-06	1.70637E-06
756	2.05382E-05	6.22711E-06	2.11613E-06
757	1.99825E-05	5.26433E-06	2.16488E-06
758	1.92465E-05	4.17053E-06	2.00581E-06
759	1.90195E-05	3.18624E-06	1.99938E-06
760	2.00058E-05	2.56104E-06	2.51386E-06
761	2.2007E-05	2.43205E-06	3.52195E-06
762	2.36139E-05	2.78096E-06	4.43215E-06
763	2.32463E-05	3.57135E-06	4.58738E-06
764	2.00809E-05	4.74108E-06	3.65453E-06
765	1.60433E-05	6.1419E-06	2.47493E-06
766	1.36927E-05	7.5879E-06	2.16821E-06
767	1.53378E-05	8.92652E-06	3.70983E-06
768	1.99331E-05	1.01276E-05	6.47219E-06
769	2.465E-05	1.12305E-05	8.96779E-06
770	2.66447E-05	1.227E-05	9.70762E-06
771	2.51942E-05	1.30888E-05	8.48615E-06
772	2.20839E-05	1.33267E-05	6.60509E-06
773	1.9264E-05	1.25986E-05	5.4733E-06
774	1.78497E-05	1.0861E-05	5.8051E-06
775	1.68397E-05	8.92172E-06	6.56258E-06
776	1.48889E-05	7.73657E-06	6.41816E-06
777	1.10452E-05	8.03402E-06	4.41346E-06
778	6.65872E-06	9.20164E-06	1.75462E-06
779	3.89871E-06	1.01526E-05	4.17154E-07
780	4.77088E-06	9.86973E-06	2.22699E-06
