Name	0	17	34	51	68	85	102	119	136	153	170	187	204	221	238	255
Date	15/02/2018	15/02/2018	15/02/2018	15/02/2018	15/02/2018	15/02/2018	15/02/2018	15/02/2018	15/02/2018	15/02/2018	15/02/2018	15/02/2018	15/02/2018	15/02/2018	15/02/2018	15/02/2018
Time	07:57pm	07:59pm	08:02pm	08:04pm	08:06pm	08:08pm	08:10pm	08:11pm	08:13pm	08:15pm	08:15pm	08:15pm	08:16pm	08:16pm	08:16pm	08:16pm
Integration time [ms]	60000	60000	60000	60000	31744	20986	14724	8571	6593	5317	4016	3208	2683	2235	1899	1875
Luminance[cd/sqm]	3.63E-01	3.63E-01	4.47E-01	6.50E-01	1.05E+00	1.52E+00	2.13E+00	2.95E+00	3.90E+00	4.99E+00	6.30E+00	7.79E+00	9.45E+00	1.14E+01	1.36E+01	1.69E+01
Radiance[W/sr*sqm]	2.40E-03	2.52E-03	3.82E-03	7.01E-03	1.28E-02	2.01E-02	2.94E-02	4.16E-02	5.59E-02	7.24E-02	9.12E-02	1.13E-01	1.37E-01	1.64E-01	1.93E-01	2.35E-01
CCT [K]	8650	16796	0	0	0	0	0	0	0	0	0	0	0	0	0	0
DWl[nm]	480	474	464	463	462	462	462	462	462	462	462	462	462	462	463	463
PE[%]	17.9	30.2	62	81	86.6	89.6	90.9	91.6	92.2	92.6	92.6	92.8	92.8	92.9	92.7	92.6
x	0.2901	0.2668	0.2112	0.1763	0.166	0.1606	0.1583	0.157	0.1556	0.1549	0.1548	0.1542	0.1539	0.1536	0.1537	0.1533
y	0.2973	0.2565	0.1506	0.0919	0.0742	0.0651	0.0607	0.0587	0.0569	0.0561	0.0559	0.0555	0.0558	0.056	0.0566	0.058
u'	0.1938	0.1925	0.1926	0.188	0.1866	0.1857	0.1855	0.1852	0.1847	0.1843	0.1842	0.1837	0.1831	0.1826	0.1823	0.1809
v'	0.4469	0.4163	0.3092	0.2205	0.1876	0.1693	0.1601	0.1559	0.1518	0.1501	0.1496	0.1487	0.1494	0.1498	0.1512	0.154
Reference Illuminant	daylight >7000K	daylight >7000K	daylight >7000K	daylight >7000K	daylight >7000K	daylight >7000K	daylight >7000K	daylight >7000K	daylight >7000K	daylight >7000K	daylight >7000K	daylight >7000K	daylight >7000K	daylight >7000K	daylight >7000K	daylight >7000K
CCT [K]	8650	16796	16796	16796	16796	16796	16796	16796	16796	16796	16796	16796	16796	16796	16796	16796
R1	98.3	91.7	91.7	91.7	91.7	91.7	91.7	91.7	91.7	91.7	91.7	91.7	91.7	91.7	91.7	91.7
R2	88	88.8	88.8	88.8	88.8	88.8	88.8	88.8	88.8	88.8	88.8	88.8	88.8	88.8	88.8	88.8
R3	70.2	65.5	65.5	65.5	65.5	65.5	65.5	65.5	65.5	65.5	65.5	65.5	65.5	65.5	65.5	65.5
R4	80.6	81.5	81.5	81.5	81.5	81.5	81.5	81.5	81.5	81.5	81.5	81.5	81.5	81.5	81.5	81.5
R5	96.4	96	96	96	96	96	96	96	96	96	96	96	96	96	96	96
R6	81.6	79.4	79.4	79.4	79.4	79.4	79.4	79.4	79.4	79.4	79.4	79.4	79.4	79.4	79.4	79.4
R7	83.5	83.9	83.9	83.9	83.9	83.9	83.9	83.9	83.9	83.9	83.9	83.9	83.9	83.9	83.9	83.9
R8	86.9	81	81	81	81	81	81	81	81	81	81	81	81	81	81	81
R9	92.1	56.8	56.8	56.8	56.8	56.8	56.8	56.8	56.8	56.8	56.8	56.8	56.8	56.8	56.8	56.8
R10	65.1	65.5	65.5	65.5	65.5	65.5	65.5	65.5	65.5	65.5	65.5	65.5	65.5	65.5	65.5	65.5
R11	79.1	80.7	80.7	80.7	80.7	80.7	80.7	80.7	80.7	80.7	80.7	80.7	80.7	80.7	80.7	80.7
R12	58	55	55	55	55	55	55	55	55	55	55	55	55	55	55	55
R13	97.6	95.4	95.4	95.4	95.4	95.4	95.4	95.4	95.4	95.4	95.4	95.4	95.4	95.4	95.4	95.4
R14	82.7	80	80	80	80	80	80	80	80	80	80	80	80	80	80	80
Ra	85.68	83.48	83.48	83.48	83.48	83.48	83.48	83.48	83.48	83.48	83.48	83.48	83.48	83.48	83.48	83.48
																
wavelength [nm]	Radiance[W/(sr*sqm*nm)]	Radiance[W/(sr*sqm*nm)]	Radiance[W/(sr*sqm*nm)]	Radiance[W/(sr*sqm*nm)]	Radiance[W/(sr*sqm*nm)]	Radiance[W/(sr*sqm*nm)]	Radiance[W/(sr*sqm*nm)]	Radiance[W/(sr*sqm*nm)]	Radiance[W/(sr*sqm*nm)]	Radiance[W/(sr*sqm*nm)]	Radiance[W/(sr*sqm*nm)]	Radiance[W/(sr*sqm*nm)]	Radiance[W/(sr*sqm*nm)]	Radiance[W/(sr*sqm*nm)]	Radiance[W/(sr*sqm*nm)]	Radiance[W/(sr*sqm*nm)]
																
380	3.8583E-07	6.68665E-07	1.45969E-06	4.5825E-08	4.7666E-07	1.39697E-06	5.08904E-07	0	4.21952E-08	0	4.61901E-06	0	2.66549E-06	1.32114E-06	0	0
381	1.23245E-07	8.35328E-07	1.82478E-06	0	2.40547E-07	1.47827E-06	6.49081E-07	0	5.12915E-07	0	3.62456E-06	0	2.17483E-06	1.94914E-06	0	0
382	2.69233E-09	8.7979E-07	1.89924E-06	0	8.347E-09	1.457E-06	6.61315E-07	1.09199E-08	1.04301E-06	1.43681E-08	2.77865E-06	2.35969E-08	2.06629E-06	2.47625E-06	4.99779E-08	6.68944E-08
383	7.44056E-08	7.76261E-07	1.62174E-06	1.91186E-07	0	1.29358E-06	5.14439E-07	3.13042E-07	1.5342E-06	7.77578E-07	2.19946E-06	1.31346E-06	2.50648E-06	2.81334E-06	1.53794E-06	4.38444E-07
384	2.63646E-07	5.7374E-07	1.12783E-06	4.41234E-07	0	1.03265E-06	2.86596E-07	6.07046E-07	1.92269E-06	1.67126E-06	1.86839E-06	2.80886E-06	3.26614E-06	2.94137E-06	3.30652E-06	7.70846E-07
385	4.71856E-07	3.35182E-07	5.89336E-07	6.61775E-07	0	7.35342E-07	7.58625E-08	8.2784E-07	2.15725E-06	2.49874E-06	1.73633E-06	4.13079E-06	4.04004E-06	2.85893E-06	5.0452E-06	1.04352E-06
386	6.17467E-07	1.19153E-07	1.64084E-07	7.82686E-07	0	4.62873E-07	0	9.28102E-07	2.21933E-06	3.12102E-06	1.78118E-06	4.99861E-06	4.60949E-06	2.59744E-06	6.55501E-06	1.25358E-06
387	6.11666E-07	0	0	7.20159E-07	8.99028E-08	2.54095E-07	5.38804E-08	8.4058E-07	2.03353E-06	3.34154E-06	1.9428E-06	5.03781E-06	4.66569E-06	2.11015E-06	7.51896E-06	1.37104E-06
388	4.37517E-07	0	1.07047E-07	4.71277E-07	4.76725E-07	1.32631E-07	3.39768E-07	5.83386E-07	1.61085E-06	3.10356E-06	2.16487E-06	4.17929E-06	4.14879E-06	1.44883E-06	7.81358E-06	1.43441E-06
389	1.96817E-07	0	4.10256E-07	1.64031E-07	8.89088E-07	7.29295E-08	7.18559E-07	3.10307E-07	1.06968E-06	2.55412E-06	2.35324E-06	2.82018E-06	3.35656E-06	7.71997E-07	7.57328E-06	1.58554E-06
390	0	0	7.6658E-07	0	1.22265E-06	4.53801E-08	1.07179E-06	1.83219E-07	5.34917E-07	1.85555E-06	2.41345E-06	1.39027E-06	2.61212E-06	2.4315E-07	6.95373E-06	1.97151E-06
391	0	0	1.05224E-06	0	1.37753E-06	2.16014E-08	1.28602E-06	3.57318E-07	1.26324E-07	1.16355E-06	2.25511E-06	3.016E-07	2.2254E-06	1.90032E-08	6.10466E-06	2.73352E-06
392	1.46656E-07	0	1.15474E-06	2.20012E-07	1.26527E-06	0	1.25915E-06	9.67618E-07	0	6.22666E-07	1.80172E-06	0	2.47286E-06	2.39741E-07	5.16805E-06	3.99261E-06
393	5.55809E-07	0	1.07215E-06	7.99886E-07	9.28086E-07	0	1.00877E-06	1.91231E-06	3.72096E-08	2.96823E-07	1.15713E-06	2.74521E-07	3.27952E-06	8.70656E-07	4.27353E-06	5.62883E-06
394	1.05277E-06	0	8.89961E-07	1.47356E-06	5.11126E-07	0	6.4689E-07	2.90306E-06	3.26919E-07	1.85658E-07	5.66921E-07	1.05472E-06	4.29286E-06	1.73899E-06	3.53962E-06	7.33246E-06
395	1.5133E-06	0	6.92909E-07	2.06312E-06	1.56948E-07	0	2.83975E-07	3.65717E-06	7.72351E-07	2.86956E-07	2.71365E-07	1.9846E-06	5.16585E-06	2.67462E-06	3.07996E-06	8.80016E-06
396	1.81903E-06	0	5.62734E-07	2.39895E-06	2.54455E-09	0	2.61787E-08	3.90521E-06	1.32585E-06	5.98927E-07	5.01623E-07	2.79284E-06	5.56812E-06	3.51602E-06	3.00544E-06	9.7459E-06
397	1.8768E-06	1.13205E-07	5.60883E-07	2.35067E-06	1.48683E-07	1.89088E-07	0	3.4544E-06	1.93574E-06	1.10824E-06	1.41497E-06	3.26351E-06	5.25457E-06	4.12908E-06	3.39442E-06	9.95261E-06
398	1.72459E-06	2.77662E-07	6.54148E-07	1.99277E-06	5.17785E-07	4.55513E-07	6.08974E-08	2.52087E-06	2.52399E-06	1.73734E-06	2.79508E-06	3.45632E-06	4.43616E-06	4.52273E-06	4.18157E-06	9.60064E-06
399	1.4434E-06	4.41944E-07	7.7807E-07	1.46664E-06	9.73953E-07	7.27604E-07	2.83582E-07	1.45274E-06	3.00539E-06	2.38884E-06	4.30483E-06	3.52215E-06	3.47161E-06	4.7535E-06	5.25411E-06	8.99846E-06
400	1.11141E-06	5.64728E-07	8.70442E-07	9.08707E-07	1.38606E-06	9.48389E-07	5.7568E-07	5.85932E-07	3.29779E-06	2.96877E-06	5.61895E-06	3.60662E-06	2.70704E-06	4.87595E-06	6.50318E-06	8.44376E-06
401	8.0644E-07	6.08168E-07	8.74182E-07	4.51763E-07	1.63301E-06	1.06643E-06	8.91664E-07	2.44387E-07	3.33277E-06	3.39742E-06	6.44481E-06	3.86204E-06	2.48334E-06	4.95846E-06	7.84856E-06	8.24908E-06
402	5.69197E-07	5.52332E-07	7.62214E-07	1.69209E-07	1.6437E-06	1.05749E-06	1.19429E-06	5.76669E-07	3.09873E-06	3.62621E-06	6.64093E-06	4.36079E-06	2.96523E-06	5.06742E-06	9.20671E-06	8.57245E-06
403	3.83668E-07	4.23957E-07	5.84391E-07	2.87956E-08	1.47243E-06	9.69641E-07	1.47045E-06	1.3763E-06	2.75939E-06	3.71914E-06	6.47154E-06	5.0684E-06	3.99597E-06	5.34868E-06	1.05863E-05	9.39231E-06
404	2.26363E-07	2.55003E-07	3.99042E-07	0	1.188E-06	8.58893E-07	1.71024E-06	2.39517E-06	2.49633E-06	3.75231E-06	6.2454E-06	5.9361E-06	5.37969E-06	5.95341E-06	1.20054E-05	1.06611E-05
405	7.43143E-08	7.67189E-08	2.63201E-07	0	8.57646E-07	7.80004E-07	1.90397E-06	3.39069E-06	2.48708E-06	3.80009E-06	6.26445E-06	6.9162E-06	6.92486E-06	7.02944E-06	1.34818E-05	1.23322E-05
406	0	0	2.29775E-07	1.04889E-08	5.4741E-07	7.86069E-07	2.04594E-06	4.1384E-06	2.89783E-06	3.93772E-06	6.81268E-06	7.96728E-06	8.45655E-06	8.71789E-06	1.50399E-05	1.43686E-05
407	0	0	2.97228E-07	1.87657E-08	3.23586E-07	9.16333E-07	2.18753E-06	4.62733E-06	3.74034E-06	4.26197E-06	7.92523E-06	9.09951E-06	9.98123E-06	1.10467E-05	1.67522E-05	1.68052E-05
408	0	0	4.17835E-07	1.90062E-08	2.53286E-07	1.19874E-06	2.43009E-06	5.03082E-06	4.8965E-06	4.89057E-06	9.42975E-06	1.03719E-05	1.16647E-05	1.39522E-05	1.87411E-05	1.97472E-05
409	0	0	5.43304E-07	1.30969E-08	4.02298E-07	1.6603E-06	2.87455E-06	5.5248E-06	6.24626E-06	5.93958E-06	1.11505E-05	1.18439E-05	1.36747E-05	1.73688E-05	2.11284E-05	2.33E-05
410	0	0	6.26338E-07	2.88547E-09	8.35052E-07	2.32746E-06	3.61977E-06	6.28157E-06	7.67206E-06	7.52265E-06	1.29152E-05	1.35736E-05	1.61754E-05	2.12324E-05	2.40331E-05	2.75667E-05
411	4.44249E-07	2.61747E-07	6.33055E-07	0	1.58944E-06	3.21534E-06	4.73753E-06	7.44206E-06	9.1023E-06	9.73351E-06	1.46292E-05	1.56546E-05	1.9343E-05	2.55313E-05	2.76219E-05	3.26973E-05
412	1.04383E-06	6.03454E-07	5.9324E-07	3.69051E-08	2.56224E-06	4.26725E-06	6.144E-06	8.96249E-06	1.06563E-05	1.2527E-05	1.65235E-05	1.82998E-05	2.33433E-05	3.0409E-05	3.21947E-05	3.89491E-05
413	1.60893E-06	9.22411E-07	5.57653E-07	1.76798E-07	3.60614E-06	5.40589E-06	7.70916E-06	1.07459E-05	1.25213E-05	1.58204E-05	1.89453E-05	2.1772E-05	2.83525E-05	3.6078E-05	3.81154E-05	4.66379E-05
414	1.98695E-06	1.1377E-06	5.76177E-07	4.68548E-07	4.57639E-06	6.5553E-06	9.30522E-06	1.26968E-05	1.48813E-05	1.95325E-05	2.22358E-05	2.63297E-05	3.45436E-05	4.27473E-05	4.57416E-05	5.60743E-05
415	2.02904E-06	1.17041E-06	6.97538E-07	9.63085E-07	5.33186E-06	7.6417E-06	1.0808E-05	1.47231E-05	1.79168E-05	2.35848E-05	2.67295E-05	3.22267E-05	4.20874E-05	5.06237E-05	5.54252E-05	6.7565E-05
416	1.70008E-06	1.00377E-06	9.4408E-07	1.67736E-06	5.85488E-06	8.69678E-06	1.22583E-05	1.6909E-05	2.18219E-05	2.81084E-05	3.27821E-05	3.98132E-05	5.13338E-05	6.02073E-05	6.77308E-05	8.17606E-05
417	1.1519E-06	7.22681E-07	1.28481E-06	2.55755E-06	6.3023E-06	9.87478E-06	1.38982E-05	1.95277E-05	2.66576E-05	3.34017E-05	4.05534E-05	4.93284E-05	6.25822E-05	7.20832E-05	8.31174E-05	9.93362E-05
418	5.6033E-07	4.25185E-07	1.68488E-06	3.54414E-06	6.86068E-06	1.13595E-05	1.60147E-05	2.29042E-05	3.25105E-05	3.98316E-05	5.02415E-05	6.1069E-05	7.6218E-05	8.69567E-05	0.000102153	0.000121116
419	9.96523E-08	2.08495E-07	2.10971E-06	4.57813E-06	7.71497E-06	1.3333E-05	1.88921E-05	2.73612E-05	3.94668E-05	4.77619E-05	6.20426E-05	7.53293E-05	9.26233E-05	0.000105527	0.000125401	0.000147917
420	0	1.6125E-07	2.52733E-06	5.60727E-06	9.04219E-06	1.597E-05	2.28055E-05	3.32097E-05	4.76287E-05	5.75643E-05	7.61696E-05	9.24215E-05	0.00011221	0.000128504	0.000153454	0.000180586
421	5.50517E-08	2.76647E-07	2.93329E-06	6.65462E-06	1.09381E-05	1.93654E-05	2.79351E-05	4.06458E-05	5.72935E-05	6.97276E-05	9.30349E-05	0.000112877	0.000135766	0.000156779	0.000187262	0.000220363
422	3.74465E-07	4.84561E-07	3.34316E-06	7.79702E-06	1.34502E-05	2.35717E-05	3.44129E-05	4.98102E-05	6.89188E-05	8.48557E-05	0.000113233	0.000137436	0.000164401	0.000191443	0.000228119	0.000268866
423	7.8689E-07	7.14323E-07	3.77221E-06	9.11038E-06	1.66226E-05	2.86369E-05	4.23641E-05	6.08344E-05	8.29508E-05	0.000103536	0.000137342	0.000166813	0.000199195	0.000233555	0.000277279	0.000327667
424	1.19196E-06	8.95944E-07	4.23554E-06	1.06699E-05	2.04991E-05	3.46083E-05	5.19126E-05	7.38488E-05	9.98315E-05	0.000126352	0.000165932	0.000201717	0.000241218	0.000284162	0.000335983	0.000398323
425	1.51462E-06	9.92861E-07	4.76005E-06	1.25518E-05	2.51269E-05	4.15837E-05	6.32027E-05	8.90699E-05	0.000120061	0.000153889	0.000199672	0.000243031	0.0002916	0.000344465	0.000405676	0.000482574
426	1.7644E-06	1.08235E-06	5.41117E-06	1.48303E-05	3.05512E-05	4.98127E-05	7.6414E-05	0.000106963	0.000144277	0.000186672	0.000239464	0.000292096	0.000351514	0.000415999	0.000488287	0.000582529
427	1.97074E-06	1.26665E-06	6.26739E-06	1.75925E-05	3.68443E-05	5.96215E-05	9.18029E-05	0.000128143	0.000173277	0.000225377	0.000286474	0.000350617	0.00042246	0.000500747	0.000586287	0.000700902
428	2.16215E-06	1.64639E-06	7.40415E-06	2.09189E-05	4.40675E-05	7.13152E-05	0.000109597	0.000153179	0.000207798	0.00027061	0.000341772	0.000420176	0.000505798	0.000600525	0.000701949	0.000840171
429	2.36695E-06	2.31752E-06	8.89416E-06	2.48894E-05	5.22848E-05	8.51943E-05	0.000130027	0.000182638	0.000248569	0.000322987	0.00040643	0.000502343	0.000602901	0.000717153	0.000837545	0.001002829
430	2.61668E-06	3.2737E-06	1.0756E-05	2.95814E-05	6.16596E-05	0.000101526	0.000153545	0.000217165	0.000296334	0.000383612	0.000481932	0.000598833	0.000715955	0.00085321	0.000996077	0.001192519
431	2.9499E-06	4.39971E-06	1.29628E-05	3.51092E-05	7.25478E-05	0.000120678	0.000181046	0.000257781	0.000352251	0.000454647	0.000570869	0.00071233	0.000849007	0.001013259	0.001182695	0.001415762
432	3.39933E-06	5.56828E-06	1.5461E-05	4.15216E-05	8.51733E-05	0.00014279	0.000213095	0.000305031	0.00041682	0.000537428	0.00067478	0.000844196	0.001004553	0.001200008	0.001400373	0.001676487
433	4.0001E-06	6.65565E-06	1.82077E-05	4.88949E-05	9.98167E-05	0.000168097	0.000250402	0.000359661	0.000490817	0.00063364	0.000795649	0.000996346	0.001185751	0.00141695	0.001653005	0.001979722
434	4.77881E-06	7.56963E-06	2.11736E-05	5.72966E-05	0.000116733	0.000196836	0.000293605	0.000422364	0.000575045	0.000744821	0.000935328	0.001170634	0.001395484	0.001667347	0.001944312	0.002330235
435	5.71351E-06	8.39762E-06	2.44079E-05	6.67449E-05	0.000136041	0.000229271	0.000342971	0.000493572	0.00067048	0.000871688	0.001094962	0.001368616	0.001635176	0.001953255	0.002277156	0.002731452
436	6.7733E-06	9.30249E-06	2.80223E-05	7.73355E-05	0.000158002	0.000266006	0.000399126	0.000574323	0.000779117	0.001015911	0.001277013	0.001593697	0.001908068	0.002279091	0.002657353	0.003190235
437	7.91359E-06	1.04259E-05	3.20688E-05	8.9002E-05	0.000182549	0.000307082	0.000461863	0.000664461	0.000901323	0.001177049	0.001481285	0.001845959	0.002213438	0.002644535	0.003085194	0.003706819
438	9.09597E-06	1.1917E-05	3.66233E-05	0.000101745	0.000209749	0.00035277	0.000531317	0.000764316	0.001038122	0.001355522	0.001708663	0.002126835	0.00255218	0.003051195	0.003563206	0.004284125
439	1.02965E-05	1.38026E-05	4.16233E-05	0.000115331	0.000239072	0.000402228	0.000606142	0.000872038	0.001187115	0.001547946	0.001954852	0.002431253	0.002917978	0.003491567	0.004082754	0.004911738
440	1.15146E-05	1.59093E-05	4.67785E-05	0.000129136	0.000269006	0.000452791	0.000682568	0.000982188	0.001340283	0.001744682	0.00220705	0.00274346	0.003292671	0.003943194	0.004616874	0.00555735
441	1.27674E-05	1.80667E-05	5.18399E-05	0.000142675	0.000298305	0.000502223	0.000757507	0.001090302	0.001490874	0.001937838	0.002454615	0.003050374	0.003661391	0.004387496	0.005143075	0.006194061
442	1.40444E-05	2.00666E-05	5.64466E-05	0.000155151	0.000325081	0.000547208	0.000826236	0.001189568	0.001628927	0.002115343	0.002681617	0.003332344	0.00400139	0.004796453	0.005627814	0.006781665
443	1.53359E-05	2.17268E-05	6.03019E-05	0.000165922	0.000347799	0.000585047	0.000884915	0.001274438	0.001746282	0.002267368	0.002875045	0.00357333	0.004294103	0.005147178	0.006043611	0.00728724
444	1.65365E-05	2.29476E-05	6.32406E-05	0.000174506	0.000365545	0.000614276	0.00093112	0.001341396	0.001838179	0.002387605	0.003027104	0.003763633	0.004527284	0.005425451	0.006373614	0.007690556
445	1.7492E-05	2.36708E-05	6.51626E-05	0.000180495	0.000377715	0.000634049	0.000963134	0.001387941	0.00190156	0.002471505	0.003132597	0.003896716	0.004691842	0.005621373	0.006606277	0.007977717
446	1.80482E-05	2.3839E-05	6.59697E-05	0.000183487	0.000383712	0.000643534	0.000979261	0.001411596	0.001933406	0.002514565	0.003186397	0.003966122	0.004778769	0.005725157	0.006730186	0.008134987
447	1.80502E-05	2.33939E-05	6.55614E-05	0.000183074	0.000382928	0.000641879	0.000977771	0.001409842	0.001930634	0.002512202	0.00318327	0.003965264	0.004778905	0.00572683	0.006733711	0.008148365
448	1.74506E-05	2.23598E-05	6.39566E-05	0.000179201	0.000375365	0.000629161	0.000958575	0.001382503	0.001893199	0.002464077	0.003123044	0.003893697	0.004691251	0.005625537	0.006616001	0.008016474
449	1.64259E-05	2.09321E-05	6.1421E-05	0.00017255	0.000362286	0.000607376	0.000924968	0.001334239	0.001827309	0.002378599	0.003015981	0.003763628	0.004531637	0.005439215	0.006398434	0.007763955
450	1.51805E-05	1.93277E-05	5.82513E-05	0.000163893	0.000345114	0.000578761	0.000880676	0.001270328	0.00173997	0.002265295	0.002873673	0.003588874	0.004318042	0.005188198	0.006105221	0.007418763
451	1.38985E-05	1.77373E-05	5.46617E-05	0.000153771	0.000324779	0.000544725	0.000828162	0.001194227	0.001635697	0.002130448	0.002703592	0.00337811	0.004062256	0.004885376	0.005751811	0.006998189
452	1.27942E-05	1.63926E-05	5.10325E-05	0.000143203	0.00030323	0.000508407	0.000772497	0.001113178	0.001524219	0.001987069	0.002521796	0.003150828	0.003788947	0.004559238	0.005371948	0.00654192
453	1.18928E-05	1.53117E-05	4.75152E-05	0.000132666	0.000281377	0.000471411	0.000716135	0.001030871	0.001410754	0.001841676	0.002336593	0.002917833	0.003510896	0.004225268	0.004983456	0.006071928
454	1.11246E-05	1.44076E-05	4.4183E-05	0.000122476	0.000259849	0.000434984	0.000660829	0.000950119	0.001299519	0.001699134	0.002154467	0.002688228	0.003238004	0.003896222	0.004600604	0.005606793
455	1.04187E-05	1.35919E-05	4.11078E-05	0.000112947	0.00023927	0.000400368	0.000608319	0.000873716	0.001194705	0.00156427	0.00198186	0.002471064	0.002980106	0.003584783	0.004237567	0.005164993
456	9.71365E-06	1.27888E-05	3.83972E-05	0.000104487	0.00022047	0.000369144	0.000560864	0.000805198	0.001101519	0.001443242	0.001826899	0.002277487	0.00274957	0.003306678	0.003912127	0.004769397
457	8.96234E-06	1.19423E-05	3.60181E-05	9.71146E-05	0.000203559	0.000341556	0.000518752	0.000745118	0.001020804	0.001336892	0.001690939	0.002109602	0.002548352	0.003064799	0.00362731	0.004424439
458	8.20361E-06	1.11108E-05	3.38358E-05	9.0552E-05	0.000188293	0.000316937	0.000481028	0.000691898	0.000949863	0.0012423	0.001570499	0.001962139	0.002370606	0.002851962	0.00337516	0.004120166
459	7.48666E-06	1.03663E-05	3.16958E-05	8.4467E-05	0.000174345	0.000294441	0.000446484	0.000643543	0.000885342	0.001155817	0.001461158	0.001828474	0.002209007	0.002659106	0.003145633	0.003843945
460	6.86073E-06	9.78136E-06	2.94439E-05	7.85274E-05	0.000161389	0.000273221	0.000413911	0.000598063	0.00082389	0.001073788	0.001358494	0.00170198	0.002056222	0.002477165	0.002928679	0.003583131
461	6.37849E-06	9.43034E-06	2.69867E-05	7.25384E-05	0.000149332	0.000252858	0.000382747	0.000554411	0.000763534	0.000994292	0.001260223	0.001578837	0.001908242	0.002301078	0.002718945	0.003330845
462	6.01461E-06	9.24409E-06	2.43689E-05	6.6411E-05	0.000137788	0.000232784	0.000352198	0.000511306	0.000702722	0.000915285	0.001163332	0.001455647	0.001760813	0.002125489	0.002510377	0.003079446
463	5.72028E-06	9.10038E-06	2.1812E-05	6.03733E-05	0.000126724	0.000213228	0.000322675	0.000469265	0.00064282	0.000838132	0.001068781	0.001334768	0.001616195	0.001952886	0.002305995	0.002832444
464	5.44597E-06	8.87542E-06	1.95406E-05	5.46572E-05	0.000116111	0.000194423	0.000294599	0.000428818	0.000585223	0.000764227	0.000977561	0.001218611	0.001476705	0.001785823	0.002108894	0.002593439
465	5.14194E-06	8.44508E-06	1.77798E-05	4.94953E-05	0.000105916	0.000176607	0.000268393	0.000390499	0.000531329	0.000694972	0.000890666	0.001109598	0.001344669	0.001626868	0.001922183	0.002366051
466	4.78469E-06	7.77293E-06	1.66345E-05	4.50982E-05	9.63266E-05	0.000160257	0.000244739	0.00035535	0.000482902	0.000632432	0.000810399	0.001011087	0.001223981	0.001480681	0.001751259	0.002156908
467	4.36966E-06	6.94654E-06	1.58371E-05	4.12928E-05	8.72583E-05	0.000145154	0.000223028	0.000322808	0.000438835	0.000575314	0.000735702	0.000920801	0.001112604	0.001345165	0.001593145	0.00196272
468	3.90657E-06	6.08959E-06	1.51126E-05	3.79742E-05	7.88444E-05	0.000131407	0.000203121	0.000293032	0.000398918	0.000523546	0.000667202	0.000838376	0.00101094	0.00122123	0.001448354	0.001784549
469	3.40523E-06	5.32746E-06	1.4182E-05	3.5036E-05	7.12201E-05	0.000119129	0.000184877	0.000266183	0.000362938	0.000477054	0.000605537	0.000763443	0.000919396	0.001109796	0.00131741	0.001623472
470	2.88165E-06	4.77087E-06	1.2805E-05	3.23785E-05	6.45101E-05	0.000108414	0.000168172	0.000242389	0.000330685	0.000435729	0.000551244	0.000695648	0.00083828	0.001011624	0.001200731	0.001480387
471	2.39365E-06	4.38163E-06	1.10513E-05	2.98652E-05	5.85383E-05	9.88408E-05	0.00015252	0.000220741	0.000300974	0.000397821	0.000502256	0.000632632	0.000764428	0.000922925	0.001094095	0.001350012
472	2.04332E-06	4.08595E-06	9.25345E-06	2.76103E-05	5.35102E-05	9.063E-05	0.000138643	0.000201812	0.000274866	0.000364368	0.000459758	0.000576797	0.000699874	0.000845991	0.001000887	0.001236216
473	1.9213E-06	3.79147E-06	7.69683E-06	2.56093E-05	4.93893E-05	8.35959E-05	0.000126637	0.000185272	0.000252189	0.000334784	0.000422877	0.000527948	0.000643525	0.000779342	0.000920017	0.001137348
474	2.11663E-06	3.40688E-06	6.66433E-06	2.38573E-05	4.61374E-05	7.75533E-05	0.000116595	0.000170791	0.000232772	0.000308485	0.000390738	0.000485889	0.000594291	0.0007215	0.000850389	0.001051758
475	2.60706E-06	2.91075E-06	6.26289E-06	2.23223E-05	4.36237E-05	7.23415E-05	0.000108419	0.000158104	0.000216305	0.000285066	0.000362601	0.000450123	0.000551244	0.000671116	0.000790679	0.00097776
476	3.18389E-06	2.38948E-06	6.30195E-06	2.08845E-05	4.14795E-05	6.76953E-05	0.000101495	0.000146742	0.000201833	0.000263841	0.000337214	0.000418784	0.000512625	0.000625725	0.000737623	0.000911669
477	3.6337E-06	1.95175E-06	6.59072E-06	1.95148E-05	3.95075E-05	6.36585E-05	9.56331E-05	0.000136909	0.000189292	0.000245356	0.000314877	0.000391857	0.000479025	0.000585714	0.000691258	0.000853925
478	3.74042E-06	1.69814E-06	6.92592E-06	1.81338E-05	3.74142E-05	6.01104E-05	9.04024E-05	0.000128447	0.000178128	0.000229497	0.000295061	0.000368301	0.000449776	0.000549941	0.000649826	0.000802739
479	3.34526E-06	1.70701E-06	7.1292E-06	1.66884E-05	3.49795E-05	5.69431E-05	8.5442E-05	0.000121204	0.00016787	0.000216116	0.000277312	0.000347199	0.000424239	0.000517435	0.000611838	0.000756586
480	2.60398E-06	1.93556E-06	7.15495E-06	1.52687E-05	3.23846E-05	5.41154E-05	8.07804E-05	0.000115055	0.000158496	0.000204872	0.000261584	0.000328293	0.00040194	0.000488139	0.000577268	0.00071538
481	1.77828E-06	2.2958E-06	6.99387E-06	1.39945E-05	2.9906E-05	5.15358E-05	7.64713E-05	0.000109724	0.000149927	0.000195077	0.000247618	0.000311107	0.000381914	0.000461653	0.000545814	0.000678556
482	1.13473E-06	2.70585E-06	6.65778E-06	1.30273E-05	2.79096E-05	4.92676E-05	7.27975E-05	0.000105266	0.000142533	0.000186631	0.0002359	0.000296106	0.000364352	0.000438966	0.000518819	0.000647588
483	9.2301E-07	3.08382E-06	6.15054E-06	1.24976E-05	2.66952E-05	4.72923E-05	6.99101E-05	0.000101564	0.000136437	0.000179139	0.000226503	0.000283255	0.000348848	0.000420307	0.00049672	0.000622829
484	1.16423E-06	3.38372E-06	5.53813E-06	1.24016E-05	2.62609E-05	4.56015E-05	6.77874E-05	9.8492E-05	0.000131616	0.000172475	0.000219258	0.000272607	0.000335366	0.000405574	0.000479492	0.000603976
485	1.63519E-06	3.59785E-06	4.95308E-06	1.25918E-05	2.62825E-05	4.4197E-05	6.62232E-05	9.5919E-05	0.000127894	0.000166799	0.000213728	0.00026431	0.000324263	0.000394311	0.000466619	0.000590023
486	2.10816E-06	3.72874E-06	4.53946E-06	1.29441E-05	2.6482E-05	4.31762E-05	6.51484E-05	9.39222E-05	0.000125363	0.000162645	0.000209936	0.000259083	0.000316609	0.000386906	0.000458577	0.000581225
487	2.35037E-06	3.76266E-06	4.41889E-06	1.32805E-05	2.64694E-05	4.24424E-05	6.42047E-05	9.21574E-05	0.000123557	0.00015981	0.000206966	0.000256487	0.000312048	0.000382017	0.000453801	0.000575252
488	2.22036E-06	3.70172E-06	4.66175E-06	1.34893E-05	2.60346E-05	4.19916E-05	6.32598E-05	9.05609E-05	0.000122346	0.000158387	0.000204535	0.000256476	0.000310707	0.00037925	0.000451805	0.000571346
489	1.86528E-06	3.57546E-06	5.13148E-06	1.35838E-05	2.5364E-05	4.17934E-05	6.24298E-05	8.92726E-05	0.000121735	0.000158188	0.000202839	0.000258314	0.000311863	0.00037836	0.00045216	0.0005695
490	1.49058E-06	3.41885E-06	5.64985E-06	1.3603E-05	2.47245E-05	4.18122E-05	6.18808E-05	8.84732E-05	0.000121761	0.000158967	0.000202167	0.000261127	0.000314623	0.000379133	0.000454445	0.000569861
491	1.30304E-06	3.27258E-06	6.05038E-06	1.36097E-05	2.44255E-05	4.20877E-05	6.1889E-05	8.85014E-05	0.000122678	0.000160769	0.000203174	0.000264519	0.000318673	0.000382042	0.000459069	0.000573604
492	1.48486E-06	3.16249E-06	6.16444E-06	1.36174E-05	2.46619E-05	4.25107E-05	6.24891E-05	8.93564E-05	0.000124289	0.000163075	0.00020574	0.000267225	0.000322624	0.000386198	0.00046482	0.000579814
493	2.00322E-06	3.09253E-06	6.03761E-06	1.3657E-05	2.53846E-05	4.30486E-05	6.3598E-05	9.09328E-05	0.000126429	0.000165704	0.000209542	0.000269175	0.00032629	0.000391361	0.000471391	0.000588052
494	2.68824E-06	3.04892E-06	5.84417E-06	1.37554E-05	2.63622E-05	4.36698E-05	6.4988E-05	9.29588E-05	0.000128813	0.000168508	0.000213898	0.000270761	0.000329881	0.000397264	0.000478533	0.000597536
495	3.36755E-06	3.01756E-06	5.76072E-06	1.39392E-05	2.73601E-05	4.43428E-05	6.64287E-05	9.51595E-05	0.000131154	0.00017134	0.000218121	0.000272382	0.000333614	0.000403642	0.000485997	0.000607473
496	3.87237E-06	2.98673E-06	5.96666E-06	1.42448E-05	2.81647E-05	4.50677E-05	6.77383E-05	9.73288E-05	0.000133261	0.000174174	0.000221682	0.000274627	0.000337944	0.000410516	0.00049388	0.00061751
497	4.12079E-06	2.9627E-06	6.50281E-06	1.46529E-05	2.86463E-05	4.5792E-05	6.87581E-05	9.92201E-05	0.000134916	0.000176804	0.000224167	0.000277527	0.000342703	0.000417382	0.000501627	0.000626768
498	4.1867E-06	2.99117E-06	7.19464E-06	1.50929E-05	2.88997E-05	4.65103E-05	6.95695E-05	0.000100808	0.000136262	0.000179239	0.000226019	0.000281	0.000347705	0.000424073	0.000509063	0.000635343
499	4.15901E-06	3.12158E-06	7.84591E-06	1.54882E-05	2.90394E-05	4.72182E-05	7.02731E-05	0.00010208	0.000137464	0.000181497	0.000227748	0.000284938	0.000352735	0.00043043	0.000516016	0.000643381
500	4.12709E-06	3.40361E-06	8.25938E-06	1.57618E-05	2.91808E-05	4.79117E-05	7.097E-05	0.000103026	0.00013869	0.000183596	0.000229868	0.000289231	0.000357579	0.000436292	0.000522316	0.000651031
501	4.15717E-06	3.85416E-06	8.27069E-06	1.58179E-05	2.93411E-05	4.84622E-05	7.15603E-05	0.000103403	0.00013972	0.000185085	0.000232178	0.000293005	0.000361146	0.000440411	0.000526522	0.000656768
502	4.27189E-06	4.39515E-06	8.00601E-06	1.5727E-05	2.95474E-05	4.89333E-05	7.21465E-05	0.000103535	0.000140744	0.000186278	0.000234819	0.00029649	0.000364028	0.000443487	0.000529679	0.000661739
503	4.46553E-06	4.90932E-06	7.64455E-06	1.55489E-05	2.97192E-05	4.92647E-05	7.26228E-05	0.000103523	0.000141549	0.000187017	0.000237173	0.000299151	0.000365959	0.000445151	0.00053159	0.000665418
504	4.73239E-06	5.27996E-06	7.36474E-06	1.53429E-05	2.97766E-05	4.93964E-05	7.28839E-05	0.000103468	0.000141924	0.000187146	0.000238623	0.000300457	0.000366677	0.000445034	0.00053206	0.000667281
505	5.06349E-06	5.40007E-06	7.33344E-06	1.51658E-05	2.96474E-05	4.92733E-05	7.28297E-05	0.000103456	0.000141671	0.00018652	0.000238589	0.000299915	0.000365931	0.0004428	0.000530898	0.000666829
506	5.40634E-06	5.30047E-06	7.56729E-06	1.50516E-05	2.93915E-05	4.89475E-05	7.24826E-05	0.000103469	0.000140855	0.000185271	0.000237168	0.000297773	0.000363933	0.00043894	0.000528419	0.000664377
507	5.66481E-06	5.1036E-06	7.95503E-06	1.49859E-05	2.9105E-05	4.84469E-05	7.18022E-05	0.000103186	0.000139442	0.000183345	0.000234457	0.000294196	0.000360465	0.000433617	0.000524184	0.000659434
508	5.7457E-06	4.93821E-06	8.38835E-06	1.49651E-05	2.89086E-05	4.78386E-05	7.08058E-05	0.000102365	0.000137509	0.000180834	0.000230747	0.000289589	0.000355593	0.000427348	0.000518165	0.00065203
509	5.55701E-06	4.93208E-06	8.75957E-06	1.49859E-05	2.89217E-05	4.7189E-05	6.95109E-05	0.000100765	0.000135135	0.000177829	0.000226327	0.000284359	0.000349388	0.000420647	0.000510339	0.000642198
510	5.10239E-06	5.14061E-06	9.00118E-06	1.50415E-05	2.91656E-05	4.65311E-05	6.79746E-05	9.83594E-05	0.000132414	0.000174419	0.00022144	0.00027879	0.000342044	0.000413734	0.000500828	0.000630183
511	4.54501E-06	5.47887E-06	9.09677E-06	1.50862E-05	2.94221E-05	4.57369E-05	6.61777E-05	9.52874E-05	0.000129187	0.000170314	0.000215774	0.000272352	0.000333252	0.000405423	0.000488931	0.000615251
512	4.08737E-06	5.87136E-06	9.07755E-06	1.51401E-05	2.95845E-05	4.48781E-05	6.44087E-05	9.21618E-05	0.000125885	0.000165994	0.000209987	0.000265733	0.000324235	0.000396307	0.000476195	0.000599497
513	3.9177E-06	6.23256E-06	8.95521E-06	1.51905E-05	2.94842E-05	4.39227E-05	6.28007E-05	8.93681E-05	0.000122636	0.000161545	0.000204233	0.000258983	0.000315441	0.00038605	0.000463028	0.000583586
514	4.16624E-06	6.49002E-06	8.74796E-06	1.52153E-05	2.90095E-05	4.28527E-05	6.14414E-05	8.71839E-05	0.000119536	0.000157045	0.000198638	0.000252134	0.000307179	0.000374473	0.000449776	0.000568019
515	4.71918E-06	6.62513E-06	8.50275E-06	1.51531E-05	2.82897E-05	4.17126E-05	6.0229E-05	8.54335E-05	0.000116534	0.000152549	0.000193192	0.000245116	0.000299181	0.000362055	0.000436516	0.000552623
516	5.3984E-06	6.63413E-06	8.27422E-06	1.49329E-05	2.75195E-05	4.05648E-05	5.90139E-05	8.38251E-05	0.000113548	0.000148111	0.000187861	0.000237843	0.000291044	0.000349465	0.000423271	0.000537064
517	6.02716E-06	6.51266E-06	8.11572E-06	1.44833E-05	2.68886E-05	3.94673E-05	5.76427E-05	8.20622E-05	0.000110486	0.00014377	0.000182594	0.000230212	0.000282338	0.000337331	0.000410027	0.000520966
518	6.44516E-06	6.26254E-06	8.07527E-06	1.37494E-05	2.65641E-05	3.84749E-05	5.59841E-05	7.98793E-05	0.000107264	0.000139562	0.000177349	0.000222147	0.000272704	0.000326233	0.000396785	0.000504017
519	6.65464E-06	5.95004E-06	8.14272E-06	1.28474E-05	2.64612E-05	3.75869E-05	5.41078E-05	7.72822E-05	0.000103853	0.00013541	0.000172084	0.000213798	0.000262337	0.000316047	0.000383522	0.000486298
520	6.7583E-06	5.68101E-06	8.27202E-06	1.19987E-05	2.634E-05	3.67688E-05	5.22068E-05	7.44447E-05	0.000100252	0.000131163	0.000166759	0.000205448	0.000251775	0.00030622	0.000370194	0.000468136
521	6.87198E-06	5.57112E-06	8.43251E-06	1.14454E-05	2.60087E-05	3.60522E-05	5.05674E-05	7.16731E-05	9.66391E-05	0.000126908	0.000161631	0.000197745	0.000242003	0.000296745	0.000357418	0.000450686
522	7.08353E-06	5.71208E-06	8.56375E-06	1.13792E-05	2.51842E-05	3.5333E-05	4.92773E-05	6.89957E-05	9.28256E-05	0.000122249	0.000156343	0.000190572	0.000233063	0.000286497	0.000344447	0.000433375
523	7.39813E-06	6.09185E-06	8.63374E-06	1.18057E-05	2.38565E-05	3.45579E-05	4.8316E-05	6.64918E-05	8.88957E-05	0.000117197	0.000150858	0.000183958	0.000225077	0.000275429	0.000331325	0.000416413
524	7.69784E-06	6.54971E-06	8.62788E-06	1.24575E-05	2.23057E-05	3.36495E-05	4.73931E-05	6.4123E-05	8.50417E-05	0.000111957	0.000145141	0.000177605	0.000217641	0.000264124	0.00031821	0.00039987
525	7.85679E-06	6.91535E-06	8.53277E-06	1.30498E-05	2.08306E-05	3.25287E-05	4.62007E-05	6.18427E-05	8.14624E-05	0.000106752	0.00013916	0.000171198	0.000210315	0.000253211	0.000305263	0.000383806
526	7.75245E-06	7.02171E-06	8.33821E-06	1.33034E-05	1.97364E-05	3.11288E-05	4.44487E-05	5.96271E-05	7.83856E-05	0.000101839	0.000132931	0.000164483	0.000202739	0.000243405	0.000292756	0.000368418
527	7.33286E-06	6.78397E-06	8.04732E-06	1.30494E-05	1.9178E-05	2.94365E-05	4.20002E-05	5.74219E-05	7.58579E-05	9.73229E-05	0.000126443	0.000157225	0.000194563	0.000234892	0.000280648	0.000353578
528	6.75325E-06	6.35339E-06	7.71932E-06	1.24424E-05	1.89589E-05	2.76596E-05	3.92373E-05	5.52407E-05	7.36375E-05	9.31521E-05	0.000119948	0.000149655	0.000185969	0.000227052	0.000268793	0.00033921
529	6.20244E-06	5.91961E-06	7.42213E-06	1.16896E-05	1.88233E-05	2.60403E-05	3.66245E-05	5.31041E-05	7.14301E-05	8.92434E-05	0.000113729	0.000142067	0.000177211	0.000219113	0.000257008	0.00032522
530	5.86908E-06	5.67211E-06	7.2236E-06	1.09981E-05	1.85159E-05	2.48206E-05	3.4626E-05	5.10327E-05	6.89417E-05	8.55135E-05	0.000108072	0.000134757	0.000168546	0.000210308	0.000245109	0.000311514
531	5.89957E-06	5.7582E-06	7.17447E-06	1.05416E-05	1.78341E-05	2.41777E-05	3.35978E-05	4.90429E-05	6.59449E-05	8.1891E-05	0.00010319	0.000127967	0.000160188	0.000200047	0.000232958	0.000297993
532	6.20491E-06	6.09018E-06	7.23001E-06	1.03079E-05	1.68693E-05	2.39268E-05	3.32924E-05	4.7125E-05	6.25811E-05	7.83697E-05	9.88918E-05	0.000121652	0.00015213	0.000188742	0.000220651	0.000284511
533	6.61454E-06	6.4989E-06	7.31244E-06	1.02202E-05	1.5815E-05	2.37579E-05	3.32534E-05	4.52608E-05	5.91202E-05	7.49662E-05	9.48491E-05	0.000115667	0.000144286	0.000177154	0.000208366	0.00027091
534	6.95798E-06	6.81535E-06	7.34404E-06	1.02019E-05	1.48647E-05	2.33613E-05	3.30247E-05	4.34321E-05	5.5832E-05	7.16973E-05	9.07333E-05	0.000109865	0.00013657	0.000166042	0.000196285	0.000257031
535	7.07795E-06	6.88401E-06	7.25462E-06	1.01789E-05	1.41955E-05	2.24552E-05	3.21831E-05	4.16189E-05	5.29639E-05	6.85731E-05	8.62432E-05	0.000104111	0.000128903	0.000156108	0.000184577	0.000242736
536	6.97081E-06	6.70776E-06	7.06118E-06	1.01013E-05	1.37885E-05	2.10846E-05	3.06857E-05	3.97616E-05	5.04812E-05	6.55E-05	8.13774E-05	9.83485E-05	0.000121246	0.000147329	0.000173235	0.000228036
537	6.74121E-06	6.40059E-06	6.84518E-06	9.94532E-06	1.35084E-05	1.9531E-05	2.87714E-05	3.78143E-05	4.82132E-05	6.23812E-05	7.64138E-05	9.26692E-05	0.000113707	0.000139345	0.000162311	0.000213269
538	6.49287E-06	6.07565E-06	6.68626E-06	9.684E-06	1.3213E-05	1.8071E-05	2.66712E-05	3.57155E-05	4.59663E-05	5.90934E-05	7.16006E-05	8.71281E-05	0.000106344	0.000131734	0.000151783	0.000198683
539	6.32772E-06	5.84402E-06	6.66162E-06	9.29237E-06	1.27647E-05	1.69741E-05	2.46126E-05	3.34075E-05	4.35515E-05	5.55177E-05	6.7179E-05	8.17778E-05	9.92158E-05	0.000124076	0.000141632	0.000184525
540	6.30057E-06	5.7615E-06	6.77796E-06	8.8085E-06	1.21614E-05	1.6316E-05	2.27403E-05	3.09503E-05	4.09111E-05	5.16625E-05	6.31864E-05	7.66149E-05	9.235E-05	0.000116154	0.000131877	0.000170972
541	6.42225E-06	5.82939E-06	6.9718E-06	8.35738E-06	1.1578E-05	1.59746E-05	2.11372E-05	2.85873E-05	3.82024E-05	4.77626E-05	5.95225E-05	7.16902E-05	8.58818E-05	0.000108156	0.000122782	0.000158384
542	6.68013E-06	6.02682E-06	7.15281E-06	8.03916E-06	1.1158E-05	1.57617E-05	1.98064E-05	2.64679E-05	3.54557E-05	4.389E-05	5.58651E-05	6.67974E-05	7.96399E-05	9.98998E-05	0.000114181	0.000146555
543	7.07167E-06	6.34223E-06	7.24161E-06	7.96913E-06	1.10655E-05	1.55171E-05	1.87914E-05	2.47961E-05	3.27733E-05	4.02088E-05	5.20032E-05	6.18658E-05	7.36166E-05	9.14072E-05	0.000106141	0.000135583
544	7.54771E-06	6.7262E-06	7.19501E-06	8.17578E-06	1.13251E-05	1.51364E-05	1.80716E-05	2.36345E-05	3.02386E-05	3.68375E-05	4.78405E-05	5.68814E-05	6.78087E-05	8.27882E-05	9.85964E-05	0.000125404
545	7.96646E-06	7.05408E-06	7.04216E-06	8.51442E-06	1.16829E-05	1.46271E-05	1.74985E-05	2.27626E-05	2.78968E-05	3.38028E-05	4.35107E-05	5.19444E-05	6.22215E-05	7.43254E-05	9.12175E-05	0.000115632
546	8.17226E-06	7.18977E-06	6.81892E-06	8.81683E-06	1.18477E-05	1.40059E-05	1.6903E-05	2.19192E-05	2.57811E-05	3.1112E-05	3.91634E-05	4.71549E-05	5.68451E-05	6.63038E-05	8.36192E-05	0.000105811
547	8.01357E-06	7.00087E-06	6.56538E-06	8.91905E-06	1.15339E-05	1.32979E-05	1.61257E-05	2.08555E-05	2.39408E-05	2.87916E-05	3.49742E-05	4.26434E-05	5.17052E-05	5.9052E-05	7.54671E-05	9.55528E-05
548	7.41519E-06	6.43469E-06	6.312E-06	8.70905E-06	1.05858E-05	1.25228E-05	1.50553E-05	1.94056E-05	2.23897E-05	2.68278E-05	3.10874E-05	3.85084E-05	4.68164E-05	5.2785E-05	6.66059E-05	8.46848E-05
549	6.56676E-06	5.71398E-06	6.06367E-06	8.25834E-06	9.29601E-06	1.16957E-05	1.37628E-05	1.77074E-05	2.10504E-05	2.5107E-05	2.75888E-05	3.47945E-05	4.22215E-05	4.74145E-05	5.75797E-05	7.38991E-05
550	5.71408E-06	5.11995E-06	5.8199E-06	7.67719E-06	8.05243E-06	1.08311E-05	1.23574E-05	1.59628E-05	1.98262E-05	2.34944E-05	2.45517E-05	3.15353E-05	3.79695E-05	4.2788E-05	4.9081E-05	6.40702E-05
551	5.10199E-06	4.93305E-06	5.5783E-06	7.07385E-06	7.2416E-06	9.93979E-06	1.09448E-05	1.43698E-05	1.8614E-05	2.18473E-05	2.20422E-05	2.87549E-05	3.40977E-05	3.87396E-05	4.17904E-05	5.60566E-05
552	4.92312E-06	5.36038E-06	5.34441E-06	6.54991E-06	7.1656E-06	9.0487E-06	9.63495E-06	1.31036E-05	1.73467E-05	2.00645E-05	2.01141E-05	2.64719E-05	3.06651E-05	3.51418E-05	3.62877E-05	5.05393E-05
553	5.05412E-06	6.17834E-06	5.14403E-06	6.13706E-06	7.62028E-06	8.22817E-06	8.50683E-06	1.21457E-05	1.60796E-05	1.81804E-05	1.86501E-05	2.45461E-05	2.76933E-05	3.19087E-05	3.23849E-05	4.69462E-05
554	5.26282E-06	7.01462E-06	5.01068E-06	5.8438E-06	8.22705E-06	7.56504E-06	7.63069E-06	1.14129E-05	1.49127E-05	1.62791E-05	1.74775E-05	2.27868E-05	2.51961E-05	2.89744E-05	2.96345E-05	4.42786E-05
555	5.31656E-06	7.49609E-06	4.97798E-06	5.67861E-06	8.60648E-06	7.14634E-06	7.07686E-06	1.08215E-05	1.39463E-05	1.44451E-05	1.64227E-05	2.10025E-05	2.31874E-05	2.62727E-05	2.75882E-05	4.15359E-05
556	5.02903E-06	7.3183E-06	5.0889E-06	5.66106E-06	8.44908E-06	7.06294E-06	6.92196E-06	1.03251E-05	1.32992E-05	1.27975E-05	1.53767E-05	1.9087E-05	2.17278E-05	2.38176E-05	2.59029E-05	3.79429E-05
557	4.4738E-06	6.56615E-06	5.31086E-06	5.73194E-06	7.8111E-06	7.21682E-06	7.0804E-06	9.8857E-06	1.28331E-05	1.1357E-05	1.43205E-05	1.70908E-05	2.06082E-05	2.15785E-05	2.43635E-05	3.35481E-05
558	3.89699E-06	5.57949E-06	5.59987E-06	5.82316E-06	6.99731E-06	7.45058E-06	7.42142E-06	9.53509E-06	1.23559E-05	1.0182E-05	1.33837E-05	1.52792E-05	1.96155E-05	1.96647E-05	2.29912E-05	2.91007E-05
559	3.54949E-06	4.70485E-06	5.9111E-06	5.8655E-06	6.31864E-06	7.60399E-06	7.81189E-06	9.30596E-06	1.16717E-05	9.33192E-06	1.26992E-05	1.39227E-05	1.85327E-05	1.81878E-05	2.18089E-05	2.53649E-05
560	3.66689E-06	4.27362E-06	6.19752E-06	5.79349E-06	6.0686E-06	7.52409E-06	8.12095E-06	9.22559E-06	1.06008E-05	8.86121E-06	1.2388E-05	1.3273E-05	1.71574E-05	1.72474E-05	2.08369E-05	2.30656E-05
561	4.19488E-06	4.3116E-06	6.36267E-06	5.58802E-06	6.20037E-06	7.16729E-06	8.24295E-06	9.19878E-06	9.19919E-06	8.70906E-06	1.23304E-05	1.32013E-05	1.54789E-05	1.66829E-05	1.99768E-05	2.21104E-05
562	4.89467E-06	4.65226E-06	6.34157E-06	5.32939E-06	6.46902E-06	6.6576E-06	8.1826E-06	9.13666E-06	7.81832E-06	8.81984E-06	1.23548E-05	1.34265E-05	1.38184E-05	1.63179E-05	1.92625E-05	2.20167E-05
563	5.50872E-06	5.1053E-06	6.04562E-06	5.0759E-06	6.59913E-06	6.09135E-06	7.91493E-06	8.91221E-06	6.76788E-06	9.09961E-06	1.22359E-05	1.36069E-05	1.24283E-05	1.59008E-05	1.86414E-05	2.21887E-05
564	5.78791E-06	5.48405E-06	5.39325E-06	4.88479E-06	6.32636E-06	5.56459E-06	7.41834E-06	8.40496E-06	6.34422E-06	9.45452E-06	1.17574E-05	1.34121E-05	1.15523E-05	1.51899E-05	1.80612E-05	2.20462E-05
565	5.67711E-06	5.68108E-06	4.47303E-06	4.79072E-06	5.64566E-06	5.17056E-06	6.75428E-06	7.65062E-06	6.52823E-06	9.78658E-06	1.09073E-05	1.27741E-05	1.12362E-05	1.41693E-05	1.74812E-05	2.13598E-05
566	5.32197E-06	5.67021E-06	3.54974E-06	4.80379E-06	4.82072E-06	4.99854E-06	6.06927E-06	6.84588E-06	6.97116E-06	9.9914E-06	9.88477E-06	1.18954E-05	1.13175E-05	1.30561E-05	1.68691E-05	2.02608E-05
567	4.87965E-06	5.43169E-06	2.89764E-06	4.93497E-06	4.1296E-06	5.13954E-06	5.51639E-06	6.1978E-06	7.31253E-06	9.96885E-06	8.90268E-06	1.09962E-05	1.1629E-05	1.20837E-05	1.62006E-05	1.89063E-05
568	4.50352E-06	4.94643E-06	2.78381E-06	5.19261E-06	3.84363E-06	5.67883E-06	5.24403E-06	5.90712E-06	7.1985E-06	9.62011E-06	8.16851E-06	1.02902E-05	1.20023E-05	1.14779E-05	1.54497E-05	1.74481E-05
569	4.25527E-06	4.27296E-06	3.24884E-06	5.51763E-06	4.03739E-06	6.51356E-06	5.2869E-06	6.00571E-06	6.57666E-06	8.97576E-06	7.78414E-06	9.86011E-06	1.22941E-05	1.1299E-05	1.46681E-05	1.60262E-05
570	4.07159E-06	3.57572E-06	4.02444E-06	5.75889E-06	4.51715E-06	7.28419E-06	5.52471E-06	6.29509E-06	5.80563E-06	8.24299E-06	7.70758E-06	9.61017E-06	1.23954E-05	1.13822E-05	1.40148E-05	1.47647E-05
571	3.88074E-06	3.02655E-06	4.82133E-06	5.75957E-06	5.07088E-06	7.61444E-06	5.82685E-06	6.56137E-06	5.27299E-06	7.64173E-06	7.88728E-06	9.43278E-06	1.22011E-05	1.15478E-05	1.36567E-05	1.37873E-05
572	3.61123E-06	2.79471E-06	5.35215E-06	5.36415E-06	5.48756E-06	7.13173E-06	6.06289E-06	6.59181E-06	5.3608E-06	7.38826E-06	8.27024E-06	9.22009E-06	1.16062E-05	1.16159E-05	1.37564E-05	1.32143E-05
573	3.256E-06	2.9272E-06	5.47735E-06	4.57051E-06	5.64947E-06	5.78501E-06	6.16141E-06	6.30595E-06	6.17082E-06	7.56564E-06	8.77771E-06	8.94951E-06	1.06725E-05	1.15089E-05	1.43399E-05	1.31058E-05
574	2.91843E-06	3.25979E-06	5.31137E-06	3.64022E-06	5.59894E-06	4.07661E-06	6.15191E-06	5.8504E-06	7.32073E-06	8.02618E-06	9.28527E-06	8.74401E-06	9.7475E-06	1.13234E-05	1.51956E-05	1.3416E-05
575	2.71255E-06	3.60771E-06	4.99354E-06	2.86032E-06	5.39407E-06	2.56238E-06	6.07378E-06	5.39388E-06	8.38121E-06	8.59971E-06	9.66426E-06	8.74063E-06	9.20635E-06	1.11731E-05	1.60889E-05	1.40889E-05
576	2.74869E-06	3.78324E-06	4.65746E-06	2.51335E-06	5.08728E-06	1.79296E-06	5.95989E-06	5.09877E-06	8.91596E-06	9.10694E-06	9.77642E-06	9.06559E-06	9.41121E-06	1.11592E-05	1.67686E-05	1.50521E-05
577	3.06377E-06	3.70185E-06	4.38991E-06	2.722E-06	4.72992E-06	2.03189E-06	5.84345E-06	5.06411E-06	8.72272E-06	9.41252E-06	9.57878E-06	9.73111E-06	1.04528E-05	1.13479E-05	1.71173E-05	1.61876E-05
578	3.5272E-06	3.47408E-06	4.15199E-06	3.26032E-06	4.34082E-06	2.93085E-06	5.72469E-06	5.22734E-06	8.04039E-06	9.42515E-06	9.17322E-06	1.04642E-05	1.18061E-05	1.16713E-05	1.72078E-05	1.72066E-05
579	3.98861E-06	3.23468E-06	3.88996E-06	3.86056E-06	3.93535E-06	4.06748E-06	5.60056E-06	5.50679E-06	7.16274E-06	9.06071E-06	8.68043E-06	1.0959E-05	1.28735E-05	1.20469E-05	1.71384E-05	1.78019E-05
580	4.29885E-06	3.11729E-06	3.55062E-06	4.25716E-06	3.52881E-06	5.02277E-06	5.46802E-06	5.8214E-06	6.38116E-06	8.23602E-06	8.22016E-06	1.09124E-05	1.30628E-05	1.23927E-05	1.70067E-05	1.76696E-05
581	4.37737E-06	3.1977E-06	3.12927E-06	4.30124E-06	3.16401E-06	5.52062E-06	5.34019E-06	6.11697E-06	5.90762E-06	6.99922E-06	7.90974E-06	1.02522E-05	1.21378E-05	1.26789E-05	1.68993E-05	1.67637E-05
582	4.27246E-06	3.38497E-06	2.71133E-06	4.08951E-06	2.92327E-06	5.58379E-06	5.22376E-06	6.35293E-06	5.71141E-06	5.65457E-06	7.79376E-06	9.3778E-06	1.06205E-05	1.28956E-05	1.67331E-05	1.55203E-05
583	4.06212E-06	3.57079E-06	2.40541E-06	3.76588E-06	2.90456E-06	5.29104E-06	5.13839E-06	6.50471E-06	5.74247E-06	4.56759E-06	7.92728E-06	8.78802E-06	9.18038E-06	1.30663E-05	1.64415E-05	1.44932E-05
584	3.82438E-06	3.6469E-06	2.32015E-06	3.47425E-06	3.20576E-06	4.72124E-06	5.1037E-06	6.54774E-06	5.95071E-06	4.10379E-06	8.3653E-06	8.98142E-06	8.48691E-06	1.32143E-05	1.59584E-05	1.42364E-05
585	3.62435E-06	3.55359E-06	2.51109E-06	3.31298E-06	3.8384E-06	3.98844E-06	5.1252E-06	6.49145E-06	6.27333E-06	4.46735E-06	9.09508E-06	1.01881E-05	8.9096E-06	1.33454E-05	1.52946E-05	1.5049E-05
586	3.49579E-06	3.36947E-06	2.89103E-06	3.25881E-06	4.58165E-06	3.30773E-06	5.17594E-06	6.44706E-06	6.62087E-06	5.42416E-06	9.9297E-06	1.19122E-05	1.00031E-05	1.34336E-05	1.46917E-05	1.65485E-05
587	3.45745E-06	3.18711E-06	3.34155E-06	3.25874E-06	5.16375E-06	2.9015E-06	5.20936E-06	6.52584E-06	6.88184E-06	6.65333E-06	1.0627E-05	1.35053E-05	1.11581E-05	1.34106E-05	1.43901E-05	1.81945E-05
588	3.53302E-06	3.1042E-06	3.74653E-06	3.26391E-06	5.31561E-06	2.99928E-06	5.1851E-06	6.84787E-06	6.95165E-06	7.83742E-06	1.0954E-05	1.43266E-05	1.17728E-05	1.32247E-05	1.46516E-05	1.94617E-05
589	3.7174E-06	3.17454E-06	4.02019E-06	3.248E-06	4.9082E-06	3.70244E-06	5.09124E-06	7.44703E-06	6.7814E-06	8.73148E-06	1.07965E-05	1.3985E-05	1.14929E-05	1.28934E-05	1.56089E-05	1.99911E-05
590	3.92006E-06	3.32094E-06	4.1678E-06	3.25195E-06	4.22996E-06	4.73069E-06	5.00048E-06	8.10085E-06	6.48792E-06	9.30859E-06	1.03938E-05	1.28345E-05	1.07027E-05	1.26411E-05	1.70098E-05	1.99211E-05
591	4.04484E-06	3.45066E-06	4.22254E-06	3.33803E-06	3.6573E-06	5.74691E-06	5.01459E-06	8.56078E-06	6.23548E-06	9.60705E-06	1.00776E-05	1.13984E-05	9.95088E-06	1.27645E-05	1.85782E-05	1.95337E-05
592	3.97354E-06	3.45244E-06	4.19552E-06	3.5525E-06	3.549E-06	6.38544E-06	5.21068E-06	8.53206E-06	6.15627E-06	9.61522E-06	1.01293E-05	1.01363E-05	9.7359E-06	1.3499E-05	1.99467E-05	1.90077E-05
593	3.65598E-06	3.28046E-06	4.11243E-06	3.9131E-06	4.12073E-06	6.42272E-06	5.63061E-06	7.86904E-06	6.35164E-06	9.35782E-06	1.07238E-05	9.39841E-06	1.03699E-05	1.49451E-05	2.08671E-05	1.85203E-05
594	3.22296E-06	3.06613E-06	4.01068E-06	4.32344E-06	5.10194E-06	6.04969E-06	6.16583E-06	6.82985E-06	6.7708E-06	8.90085E-06	1.16166E-05	9.07363E-06	1.14901E-05	1.66815E-05	2.13413E-05	1.80787E-05
595	2.84165E-06	2.97654E-06	3.93044E-06	4.66396E-06	6.12546E-06	5.53915E-06	6.67757E-06	5.75333E-06	7.33319E-06	8.31912E-06	1.248E-05	8.96137E-06	1.26E-05	1.81818E-05	2.14194E-05	1.76578E-05
596	2.67752E-06	3.1762E-06	3.90611E-06	4.80527E-06	6.80694E-06	5.15983E-06	7.01323E-06	4.97557E-06	7.94376E-06	7.67597E-06	1.29593E-05	8.84314E-06	1.31731E-05	1.88796E-05	2.11171E-05	1.72036E-05
597	2.83633E-06	3.73963E-06	3.97553E-06	4.68902E-06	6.91882E-06	5.10591E-06	7.0835E-06	4.74192E-06	8.52694E-06	7.07042E-06	1.28642E-05	8.61888E-06	1.2932E-05	1.84837E-05	2.05237E-05	1.67727E-05
598	3.21195E-06	4.43975E-06	4.14143E-06	4.41596E-06	6.63624E-06	5.28118E-06	6.91353E-06	4.95566E-06	8.98526E-06	6.60865E-06	1.23555E-05	8.44215E-06	1.22028E-05	1.73181E-05	1.96964E-05	1.65483E-05
599	3.65922E-06	4.99279E-06	4.40134E-06	4.11836E-06	6.21176E-06	5.53684E-06	6.55167E-06	5.45812E-06	9.21847E-06	6.40172E-06	1.16634E-05	8.51739E-06	1.14294E-05	1.5828E-05	1.86939E-05	1.67435E-05
600	4.03159E-06	5.1124E-06	4.75268E-06	3.92975E-06	5.90025E-06	5.72267E-06	6.04682E-06	6.08913E-06	9.12541E-06	6.56168E-06	1.10205E-05	9.0509E-06	1.10597E-05	1.44633E-05	1.75754E-05	1.75734E-05
601	4.23144E-06	4.65512E-06	5.16035E-06	3.93366E-06	5.83954E-06	5.73875E-06	5.47102E-06	6.70681E-06	8.64136E-06	7.10516E-06	1.05638E-05	1.01082E-05	1.13298E-05	1.3503E-05	1.63908E-05	1.90188E-05
602	4.34984E-06	3.93645E-06	5.56162E-06	4.12175E-06	5.91331E-06	5.69717E-06	5.02912E-06	7.30231E-06	7.91435E-06	7.86875E-06	1.0297E-05	1.14826E-05	1.20222E-05	1.29212E-05	1.53724E-05	2.0639E-05
603	4.49655E-06	3.33141E-06	5.87355E-06	4.45607E-06	5.94109E-06	5.72628E-06	4.92584E-06	7.8698E-06	7.09598E-06	8.63655E-06	1.01612E-05	1.28917E-05	1.28038E-05	1.25861E-05	1.47186E-05	2.18642E-05
604	4.78105E-06	3.21422E-06	6.01335E-06	4.89857E-06	5.74284E-06	5.95408E-06	5.36525E-06	8.40335E-06	6.33769E-06	9.19304E-06	1.00975E-05	1.40535E-05	1.33423E-05	1.23662E-05	1.46276E-05	2.21257E-05
605	5.24399E-06	3.75392E-06	5.9381E-06	5.3846E-06	5.25806E-06	6.41643E-06	6.37949E-06	8.86807E-06	5.76661E-06	9.42199E-06	1.00756E-05	1.4752E-05	1.34471E-05	1.21846E-05	1.51392E-05	2.11871E-05
606	5.75973E-06	4.62237E-06	5.70224E-06	5.78561E-06	4.7168E-06	6.92655E-06	7.58453E-06	9.15998E-06	5.45169E-06	9.44923E-06	1.01364E-05	1.4934E-05	1.32738E-05	1.20974E-05	1.59118E-05	1.96203E-05
607	6.17641E-06	5.41653E-06	5.37297E-06	5.96199E-06	4.3908E-06	7.26273E-06	8.53268E-06	9.16226E-06	5.45162E-06	9.43381E-06	1.03283E-05	1.45659E-05	1.30256E-05	1.21772E-05	1.65427E-05	1.81112E-05
608	6.34331E-06	5.73523E-06	5.01826E-06	5.77556E-06	4.55126E-06	7.20499E-06	8.77865E-06	8.75997E-06	5.82536E-06	9.53532E-06	1.07008E-05	1.3617E-05	1.29068E-05	1.24977E-05	1.66328E-05	1.73466E-05
609	6.18949E-06	5.40881E-06	4.69952E-06	5.21017E-06	5.26299E-06	6.67926E-06	8.14076E-06	7.96233E-06	6.54144E-06	9.8028E-06	1.12244E-05	1.21881E-05	1.30226E-05	1.3035E-05	1.605E-05	1.7662E-05
610	5.80898E-06	4.74657E-06	4.46464E-06	4.50214E-06	6.16382E-06	5.91341E-06	6.98285E-06	7.03534E-06	7.38123E-06	1.00565E-05	1.17069E-05	1.06524E-05	1.32729E-05	1.35632E-05	1.52143E-05	1.8666E-05
611	5.30683E-06	4.10986E-06	4.35207E-06	3.91211E-06	6.82639E-06	5.16351E-06	5.72617E-06	6.2657E-06	8.08844E-06	1.00705E-05	1.19146E-05	9.40014E-06	1.35079E-05	1.38068E-05	1.45881E-05	1.98417E-05
612	4.80859E-06	3.87253E-06	4.41482E-06	3.71304E-06	6.85174E-06	4.70402E-06	4.81316E-06	5.96105E-06	8.43644E-06	9.65811E-06	1.16597E-05	8.85373E-06	1.36267E-05	1.35436E-05	1.46813E-05	2.07434E-05
613	4.40991E-06	4.15917E-06	4.63825E-06	3.98097E-06	6.14875E-06	4.66038E-06	4.4707E-06	6.21828E-06	8.34494E-06	8.77382E-06	1.09169E-05	9.15111E-06	1.35762E-05	1.27561E-05	1.56222E-05	2.11666E-05
614	4.17525E-06	4.69257E-06	4.90817E-06	4.47722E-06	5.15888E-06	4.92842E-06	4.58918E-06	6.80465E-06	7.99866E-06	7.63821E-06	9.96772E-06	9.98958E-06	1.34224E-05	1.18099E-05	1.69472E-05	2.13645E-05
615	4.16565E-06	5.15869E-06	5.10154E-06	4.93439E-06	4.37191E-06	5.38261E-06	5.02736E-06	7.45722E-06	7.60663E-06	6.49604E-06	9.1214E-06	1.10261E-05	1.32423E-05	1.11054E-05	1.81392E-05	2.16324E-05
616	4.42968E-06	5.24011E-06	5.0881E-06	5.08104E-06	4.25567E-06	5.88642E-06	5.63293E-06	7.90203E-06	7.35799E-06	5.57645E-06	8.66228E-06	1.18985E-05	1.30835E-05	1.10084E-05	1.86543E-05	2.22096E-05
617	4.92097E-06	4.87455E-06	4.87057E-06	4.87046E-06	4.89493E-06	6.35214E-06	6.26983E-06	8.05875E-06	7.35329E-06	5.04593E-06	8.72747E-06	1.2449E-05	1.3004E-05	1.15921E-05	1.8419E-05	2.31265E-05
618	5.43751E-06	4.29476E-06	4.58689E-06	4.5132E-06	5.83843E-06	6.71611E-06	6.78659E-06	8.0449E-06	7.51787E-06	4.93726E-06	9.19033E-06	1.27051E-05	1.29728E-05	1.24602E-05	1.78381E-05	2.39744E-05
619	5.77015E-06	3.75111E-06	4.383E-06	4.23503E-06	6.60535E-06	6.91798E-06	7.03351E-06	7.99088E-06	7.76727E-06	5.27472E-06	9.90941E-06	1.27084E-05	1.29552E-05	1.31914E-05	1.73461E-05	2.43236E-05
620	5.7213E-06	3.48211E-06	4.39708E-06	4.24975E-06	6.74E-06	6.90025E-06	6.87224E-06	8.02106E-06	8.02011E-06	6.07601E-06	1.07447E-05	1.25012E-05	1.29206E-05	1.33884E-05	1.73576E-05	2.37723E-05
621	5.3009E-06	3.53777E-06	4.64074E-06	4.57167E-06	6.22074E-06	6.66047E-06	6.38872E-06	8.17316E-06	8.24849E-06	7.22156E-06	1.15569E-05	1.21804E-05	1.29348E-05	1.30836E-05	1.79912E-05	2.24611E-05
622	4.70427E-06	3.76746E-06	4.98284E-06	5.00015E-06	5.43315E-06	6.22491E-06	5.86706E-06	8.36825E-06	8.44732E-06	8.43076E-06	1.2165E-05	1.18504E-05	1.31121E-05	1.26878E-05	1.90052E-05	2.09831E-05
623	4.14089E-06	4.01821E-06	5.29312E-06	5.33271E-06	4.78611E-06	5.63031E-06	5.60697E-06	8.53388E-06	8.62311E-06	9.42583E-06	1.24016E-05	1.16322E-05	1.3585E-05	1.26425E-05	2.01681E-05	1.99785E-05
624	3.8068E-06	4.14838E-06	5.44907E-06	5.38218E-06	4.6562E-06	4.91977E-06	5.87959E-06	8.60154E-06	8.77906E-06	9.94929E-06	1.21189E-05	1.16335E-05	1.44661E-05	1.3348E-05	2.12522E-05	2.00329E-05
625	3.73584E-06	4.15553E-06	5.41991E-06	5.14963E-06	5.01888E-06	4.23098E-06	6.59324E-06	8.54888E-06	8.87239E-06	9.99309E-06	1.14249E-05	1.17941E-05	1.56005E-05	1.46804E-05	2.20561E-05	2.10453E-05
626	3.84798E-06	4.14402E-06	5.24838E-06	4.77956E-06	5.56333E-06	3.77502E-06	7.40039E-06	8.39749E-06	8.83758E-06	9.74332E-06	1.06267E-05	1.19449E-05	1.66582E-05	1.61529E-05	2.24249E-05	2.24403E-05
627	4.05235E-06	4.20966E-06	4.96491E-06	4.40573E-06	5.9624E-06	3.75328E-06	7.93404E-06	8.14858E-06	8.58689E-06	9.36394E-06	1.00055E-05	1.18869E-05	1.72692E-05	1.72379E-05	2.21508E-05	2.35848E-05
628	4.26622E-06	4.43364E-06	4.61087E-06	4.15518E-06	5.93581E-06	4.32858E-06	7.88447E-06	7.81892E-06	8.06752E-06	9.02316E-06	9.82037E-06	1.14756E-05	1.71305E-05	1.74889E-05	2.1108E-05	2.3954E-05
629	4.43375E-06	4.73095E-06	4.26579E-06	4.04549E-06	5.54646E-06	5.28681E-06	7.36064E-06	7.46959E-06	7.43258E-06	8.82795E-06	1.00235E-05	1.09102E-05	1.63521E-05	1.69987E-05	1.96495E-05	2.37231E-05
630	4.51293E-06	4.93217E-06	4.02845E-06	4.03845E-06	5.03179E-06	6.22242E-06	6.68438E-06	7.18407E-06	6.93963E-06	8.85383E-06	1.04106E-05	1.05642E-05	1.52537E-05	1.61343E-05	1.83709E-05	2.34229E-05
631	4.46889E-06	4.87552E-06	4.00341E-06	4.10186E-06	4.63658E-06	6.74069E-06	6.18707E-06	7.05637E-06	6.85626E-06	9.18971E-06	1.07938E-05	1.08272E-05	1.41772E-05	1.52865E-05	1.78943E-05	2.36205E-05
632	4.26703E-06	4.43584E-06	4.2447E-06	4.19222E-06	4.54337E-06	6.52508E-06	6.10854E-06	7.13451E-06	7.34879E-06	9.8552E-06	1.09913E-05	1.19296E-05	1.33822E-05	1.47367E-05	1.86354E-05	2.46834E-05
633	3.95632E-06	3.77369E-06	4.60684E-06	4.27632E-06	4.6943E-06	5.78842E-06	6.32122E-06	7.34826E-06	8.16406E-06	1.06539E-05	1.10369E-05	1.34365E-05	1.29691E-05	1.4478E-05	2.02335E-05	2.63288E-05
634	3.6113E-06	3.14237E-06	4.8757E-06	4.3223E-06	4.94867E-06	4.91711E-06	6.57149E-06	7.58422E-06	8.90539E-06	1.13131E-05	1.10313E-05	1.46855E-05	1.29771E-05	1.43984E-05	2.20594E-05	2.80454E-05
635	3.30659E-06	2.79548E-06	4.8369E-06	4.29827E-06	5.16558E-06	4.298E-06	6.60543E-06	7.72885E-06	9.17566E-06	1.15596E-05	1.10751E-05	1.50135E-05	1.34451E-05	1.43859E-05	2.34832E-05	2.93216E-05
636	3.10685E-06	2.89231E-06	4.3882E-06	4.19673E-06	5.24818E-06	4.20309E-06	6.28322E-06	7.72726E-06	8.76332E-06	1.12699E-05	1.12691E-05	1.40887E-05	1.43697E-05	1.44287E-05	2.41258E-05	2.98848E-05
637	3.00788E-06	3.25597E-06	3.73495E-06	4.03929E-06	5.1805E-06	4.48601E-06	5.75781E-06	7.62341E-06	7.94975E-06	1.06689E-05	1.15843E-05	1.24768E-05	1.5448E-05	1.46705E-05	2.41362E-05	2.98864E-05
638	3.00249E-06	3.64911E-06	3.16226E-06	3.86731E-06	4.97863E-06	4.92884E-06	5.26371E-06	7.50576E-06	7.14748E-06	1.00904E-05	1.19997E-05	1.09777E-05	1.63547E-05	1.53332E-05	2.38437E-05	2.96554E-05
639	3.08331E-06	3.83327E-06	2.95645E-06	3.72241E-06	4.65912E-06	5.31224E-06	5.03669E-06	7.46338E-06	6.77117E-06	9.86975E-06	1.24936E-05	1.03954E-05	1.6763E-05	1.66384E-05	2.35788E-05	2.95219E-05
640	3.23107E-06	3.70933E-06	3.22048E-06	3.63342E-06	4.26822E-06	5.50052E-06	5.18657E-06	7.55315E-06	7.01672E-06	1.01297E-05	1.29969E-05	1.10813E-05	1.65725E-05	1.85218E-05	2.35176E-05	2.96259E-05
641	3.40206E-06	3.44619E-06	3.70096E-06	3.60243E-06	3.90722E-06	5.51795E-06	5.57669E-06	7.76566E-06	7.65265E-06	1.05772E-05	1.33432E-05	1.25056E-05	1.61114E-05	2.03589E-05	2.35241E-05	2.97249E-05
642	3.55269E-06	3.24837E-06	4.10514E-06	3.63213E-06	3.68873E-06	5.41287E-06	6.04632E-06	8.09143E-06	8.40384E-06	1.08798E-05	1.33669E-05	1.40446E-05	1.57765E-05	2.14751E-05	2.34495E-05	2.95605E-05
643	3.63837E-06	3.31384E-06	4.14535E-06	3.72215E-06	3.72091E-06	5.23145E-06	6.43374E-06	8.51539E-06	8.99518E-06	1.07093E-05	1.29044E-05	1.50786E-05	1.5947E-05	2.12124E-05	2.31391E-05	2.88713E-05
644	3.63768E-06	3.65948E-06	3.78628E-06	3.83485E-06	4.02356E-06	5.01987E-06	6.65321E-06	8.9681E-06	9.30648E-06	1.00707E-05	1.20574E-05	1.53811E-05	1.66419E-05	1.97576E-05	2.26223E-05	2.77563E-05
645	3.5554E-06	4.09758E-06	3.27774E-06	3.89057E-06	4.51663E-06	4.82427E-06	6.70499E-06	9.31871E-06	9.39268E-06	9.34506E-06	1.1227E-05	1.51704E-05	1.74731E-05	1.82513E-05	2.21362E-05	2.67224E-05
646	3.39726E-06	4.42739E-06	2.88632E-06	3.80624E-06	5.11337E-06	4.69048E-06	6.59295E-06	9.43072E-06	9.31713E-06	8.93546E-06	1.08318E-05	1.46881E-05	1.80254E-05	1.78919E-05	2.1928E-05	2.62982E-05
647	3.17358E-06	4.46633E-06	2.85375E-06	3.51194E-06	5.72383E-06	4.66148E-06	6.32658E-06	9.18504E-06	9.14571E-06	9.20927E-06	1.12491E-05	1.41724E-05	1.79317E-05	1.97532E-05	2.22294E-05	2.697E-05
648	2.93434E-06	4.24118E-06	3.10551E-06	3.08127E-06	6.21361E-06	4.72745E-06	5.95548E-06	8.63992E-06	8.93502E-06	1.00639E-05	1.2313E-05	1.37485E-05	1.73495E-05	2.33365E-05	2.30015E-05	2.86065E-05
649	2.75534E-06	3.91331E-06	3.36454E-06	2.68031E-06	6.4198E-06	4.84522E-06	5.55566E-06	7.96827E-06	8.73671E-06	1.10962E-05	1.35098E-05	1.34715E-05	1.67746E-05	2.7135E-05	2.40341E-05	3.06826E-05
650	2.71339E-06	3.64748E-06	3.34838E-06	2.4779E-06	6.17782E-06	4.97073E-06	5.20417E-06	7.34616E-06	8.60274E-06	1.1895E-05	1.43163E-05	1.33955E-05	1.67117E-05	2.96145E-05	2.51125E-05	3.26632E-05
651	2.85971E-06	3.57141E-06	2.85806E-06	2.60348E-06	5.38577E-06	5.07111E-06	4.97325E-06	6.92746E-06	8.57307E-06	1.21274E-05	1.43205E-05	1.35513E-05	1.75383E-05	2.95776E-05	2.60342E-05	3.41069E-05
652	3.10242E-06	3.60467E-06	2.14797E-06	2.96676E-06	4.27707E-06	5.16923E-06	4.90129E-06	6.73336E-06	8.61187E-06	1.18785E-05	1.37065E-05	1.3827E-05	1.89118E-05	2.76518E-05	2.6639E-05	3.50571E-05
653	3.30172E-06	3.59739E-06	1.62723E-06	3.40373E-06	3.20081E-06	5.30807E-06	5.01685E-06	6.74248E-06	8.65985E-06	1.13779E-05	1.28635E-05	1.40655E-05	2.02501E-05	2.50885E-05	2.67865E-05	3.57279E-05
654	3.31683E-06	3.39858E-06	1.70794E-06	3.74905E-06	2.50877E-06	5.53088E-06	5.34864E-06	6.93328E-06	8.65728E-06	1.08566E-05	1.21838E-05	1.41086E-05	2.09667E-05	2.31491E-05	2.63354E-05	3.63355E-05
655	3.08776E-06	2.94404E-06	2.56021E-06	3.88814E-06	2.41268E-06	5.84224E-06	5.87703E-06	7.27467E-06	8.58075E-06	1.0497E-05	1.19311E-05	1.38773E-05	2.07242E-05	2.26174E-05	2.52989E-05	3.69737E-05
656	2.75828E-06	2.38961E-06	3.71592E-06	3.83019E-06	2.75193E-06	6.13171E-06	6.44201E-06	7.69299E-06	8.48091E-06	1.0327E-05	1.20034E-05	1.34671E-05	1.97879E-05	2.29743E-05	2.40326E-05	3.73303E-05
657	2.5211E-06	1.94191E-06	4.61658E-06	3.62506E-06	3.31684E-06	6.3006E-06	6.89118E-06	8.14491E-06	8.46457E-06	1.04033E-05	1.23003E-05	1.30734E-05	1.86297E-05	2.3605E-05	2.30786E-05	3.72194E-05
658	2.55574E-06	1.79446E-06	4.71382E-06	3.31414E-06	3.89416E-06	6.23984E-06	7.06278E-06	8.57033E-06	8.61524E-06	1.07528E-05	1.26921E-05	1.28547E-05	1.76655E-05	2.38512E-05	2.29034E-05	3.63774E-05
659	2.85884E-06	1.96956E-06	3.94842E-06	2.95804E-06	4.34948E-06	5.93745E-06	6.91117E-06	8.90008E-06	8.92508E-06	1.12644E-05	1.30354E-05	1.28589E-05	1.71342E-05	2.34616E-05	2.35488E-05	3.4844E-05
660	3.19789E-06	2.27503E-06	2.87406E-06	2.64154E-06	4.64715E-06	5.50308E-06	6.53623E-06	9.0536E-06	9.27184E-06	1.16545E-05	1.31696E-05	1.29955E-05	1.70527E-05	2.26946E-05	2.45243E-05	3.30396E-05
661	3.32184E-06	2.50206E-06	2.07989E-06	2.44765E-06	4.75164E-06	5.04742E-06	6.0391E-06	8.93811E-06	9.51378E-06	1.16136E-05	1.29161E-05	1.3148E-05	1.74008E-05	2.18125E-05	2.52734E-05	3.13676E-05
662	3.02008E-06	2.47146E-06	2.09788E-06	2.45448E-06	4.64729E-06	4.6876E-06	5.53661E-06	8.502E-06	9.54464E-06	1.09109E-05	1.21635E-05	1.32388E-05	1.81732E-05	2.1118E-05	2.53568E-05	3.02854E-05
663	2.40633E-06	2.24491E-06	2.79464E-06	2.61754E-06	4.38991E-06	4.45329E-06	5.1236E-06	7.86056E-06	9.36097E-06	9.79143E-06	1.11155E-05	1.32229E-05	1.90365E-05	2.06967E-05	2.48514E-05	2.98879E-05
664	1.79069E-06	2.02991E-06	3.64121E-06	2.82123E-06	4.08141E-06	4.32626E-06	4.88687E-06	7.23579E-06	9.02791E-06	8.7942E-06	1.01743E-05	1.3085E-05	1.94751E-05	2.05219E-05	2.4162E-05	3.00794E-05
665	1.4841E-06	2.03468E-06	4.10644E-06	2.94969E-06	3.82369E-06	4.28772E-06	4.9126E-06	6.84979E-06	8.61115E-06	8.45882E-06	9.74227E-06	1.28106E-05	1.89744E-05	2.05655E-05	2.36954E-05	3.07623E-05
666	1.70442E-06	2.39371E-06	3.82607E-06	2.92122E-06	3.70473E-06	4.32362E-06	5.24064E-06	6.86649E-06	8.19366E-06	9.15318E-06	1.01051E-05	1.24265E-05	1.72684E-05	2.08244E-05	2.37589E-05	3.18265E-05
667	2.27206E-06	2.91575E-06	3.0837E-06	2.76583E-06	3.72052E-06	4.39763E-06	5.6696E-06	7.14534E-06	7.85151E-06	1.04531E-05	1.09718E-05	1.20117E-05	1.49481E-05	2.11981E-05	2.40243E-05	3.28029E-05
668	2.90697E-06	3.32886E-06	2.34215E-06	2.54976E-06	3.8524E-06	4.47786E-06	5.94635E-06	7.4828E-06	7.68031E-06	1.1747E-05	1.1924E-05	1.169E-05	1.28761E-05	2.16096E-05	2.40536E-05	3.32005E-05
669	3.33065E-06	3.36333E-06	2.06069E-06	2.33904E-06	4.08135E-06	4.53271E-06	5.82025E-06	7.67635E-06	7.77441E-06	1.24274E-05	1.25459E-05	1.15843E-05	1.19083E-05	2.19819E-05	2.34129E-05	3.25338E-05
670	3.39206E-06	2.93493E-06	2.40547E-06	2.18392E-06	4.35633E-06	4.55764E-06	5.24705E-06	7.60956E-06	8.12679E-06	1.22236E-05	1.26222E-05	1.17479E-05	1.23589E-05	2.22176E-05	2.20059E-05	3.07879E-05
671	3.15589E-06	2.27677E-06	3.03136E-06	2.10418E-06	4.56423E-06	4.58817E-06	4.53269E-06	7.30408E-06	8.54254E-06	1.14307E-05	1.22672E-05	1.20958E-05	1.35854E-05	2.21521E-05	2.02903E-05	2.87184E-05
672	2.71931E-06	1.66232E-06	3.5503E-06	2.12305E-06	4.59982E-06	4.67768E-06	4.03343E-06	6.81932E-06	8.83366E-06	1.04383E-05	1.16671E-05	1.25655E-05	1.48885E-05	2.1684E-05	1.88458E-05	2.7251E-05
673	2.17631E-06	1.34308E-06	3.60043E-06	2.25738E-06	4.36393E-06	4.86404E-06	4.06888E-06	6.20609E-06	8.81464E-06	9.59839E-06	1.09868E-05	1.30781E-05	1.55976E-05	2.06971E-05	1.81784E-05	2.71821E-05
674	1.65222E-06	1.3522E-06	3.20016E-06	2.48456E-06	3.91877E-06	5.06486E-06	4.59266E-06	5.55723E-06	8.48051E-06	9.02216E-06	1.03559E-05	1.35635E-05	1.56391E-05	1.93127E-05	1.82905E-05	2.82397E-05
675	1.29506E-06	1.56304E-06	2.64616E-06	2.75311E-06	3.44455E-06	5.10984E-06	5.29056E-06	4.99621E-06	7.95843E-06	8.6446E-06	9.8789E-06	1.39579E-05	1.53757E-05	1.78255E-05	1.88154E-05	2.93701E-05
676	1.25109E-06	1.84376E-06	2.23718E-06	3.00761E-06	3.11948E-06	4.82189E-06	5.83704E-06	4.641E-06	7.36917E-06	8.38696E-06	9.6473E-06	1.41813E-05	1.51603E-05	1.6513E-05	1.93573E-05	2.94723E-05
677	1.61061E-06	2.08409E-06	2.20498E-06	3.20384E-06	3.08013E-06	4.11349E-06	5.98672E-06	4.57954E-06	6.83902E-06	8.20346E-06	9.7226E-06	1.41967E-05	1.52786E-05	1.56427E-05	1.96226E-05	2.78328E-05
678	2.20064E-06	2.25065E-06	2.45332E-06	3.31427E-06	3.23805E-06	3.23533E-06	5.78637E-06	4.70802E-06	6.42607E-06	8.09348E-06	9.9149E-06	1.39932E-05	1.55344E-05	1.52316E-05	1.95498E-05	2.51096E-05
679	2.77579E-06	2.33246E-06	2.79525E-06	3.31709E-06	3.44329E-06	2.53335E-06	5.36637E-06	4.87116E-06	6.17159E-06	8.07218E-06	9.96835E-06	1.3572E-05	1.56024E-05	1.52322E-05	1.91494E-05	2.23523E-05
680	3.09524E-06	2.31883E-06	3.0468E-06	3.19113E-06	3.54859E-06	2.34641E-06	4.85538E-06	4.91678E-06	6.11545E-06	8.15353E-06	9.63276E-06	1.29348E-05	1.51642E-05	1.55965E-05	1.84331E-05	2.05908E-05
681	3.07896E-06	2.22147E-06	3.1106E-06	2.95335E-06	3.50084E-06	2.77305E-06	4.37178E-06	4.81878E-06	6.25258E-06	8.30833E-06	8.90981E-06	1.21653E-05	1.41971E-05	1.62767E-05	1.75973E-05	2.03099E-05
682	2.86398E-06	2.05632E-06	2.98552E-06	2.63939E-06	3.35017E-06	3.48684E-06	3.95357E-06	4.68819E-06	6.41825E-06	8.32059E-06	8.08126E-06	1.13051E-05	1.29525E-05	1.70023E-05	1.68879E-05	2.08273E-05
683	2.62159E-06	1.85058E-06	2.69259E-06	2.30203E-06	3.1726E-06	4.13086E-06	3.65568E-06	4.67196E-06	6.46005E-06	7.99271E-06	7.50237E-06	1.04541E-05	1.17807E-05	1.75505E-05	1.66448E-05	2.1448E-05
684	2.50835E-06	1.63399E-06	2.26017E-06	1.99401E-06	3.04092E-06	4.37321E-06	3.52644E-06	4.89849E-06	6.24813E-06	7.15533E-06	7.48994E-06	9.71005E-06	1.1006E-05	1.771E-05	1.71635E-05	2.15239E-05
685	2.50741E-06	1.4639E-06	1.79771E-06	1.76489E-06	2.98783E-06	4.17907E-06	3.53799E-06	5.28156E-06	5.91247E-06	5.96406E-06	7.9131E-06	9.14243E-06	1.06442E-05	1.74086E-05	1.82302E-05	2.09666E-05
686	2.49652E-06	1.41722E-06	1.4681E-06	1.66489E-06	3.02545E-06	3.70629E-06	3.6199E-06	5.60821E-06	5.75564E-06	4.78675E-06	8.37164E-06	8.81648E-06	1.05328E-05	1.66868E-05	1.93395E-05	2.00702E-05
687	2.34303E-06	1.56766E-06	1.43121E-06	1.73954E-06	3.15671E-06	3.10321E-06	3.68982E-06	5.6453E-06	6.06756E-06	3.97909E-06	8.43367E-06	8.77039E-06	1.04735E-05	1.55322E-05	1.9921E-05	1.90716E-05
688	1.97488E-06	1.93902E-06	1.75881E-06	2.00696E-06	3.36534E-06	2.51053E-06	3.69314E-06	5.27696E-06	6.96174E-06	3.80272E-06	7.85156E-06	8.99418E-06	1.03311E-05	1.403E-05	1.96023E-05	1.82304E-05
689	1.51318E-06	2.37793E-06	2.21211E-06	2.38208E-06	3.55519E-06	2.01709E-06	3.65213E-06	4.76039E-06	7.9221E-06	4.15869E-06	6.96695E-06	9.266E-06	1.01322E-05	1.25006E-05	1.85986E-05	1.77661E-05
690	1.12076E-06	2.69235E-06	2.48486E-06	2.75734E-06	3.61243E-06	1.70163E-06	3.60546E-06	4.43362E-06	8.29542E-06	4.8713E-06	6.24855E-06	9.31738E-06	9.93728E-06	1.1317E-05	1.72512E-05	1.78921E-05
691	9.58118E-07	2.69624E-06	2.28031E-06	3.02784E-06	3.42937E-06	1.64119E-06	3.5943E-06	4.62859E-06	7.45234E-06	5.76553E-06	6.15861E-06	8.89473E-06	9.81046E-06	1.0849E-05	1.59096E-05	1.88181E-05
692	1.05415E-06	2.38338E-06	1.62129E-06	3.1447E-06	3.04644E-06	1.81463E-06	3.65796E-06	5.32662E-06	5.50096E-06	6.6431E-06	6.73334E-06	8.0897E-06	9.72954E-06	1.10858E-05	1.47892E-05	2.02842E-05
693	1.29154E-06	1.95518E-06	8.95491E-07	3.1271E-06	2.67774E-06	2.09316E-06	3.84023E-06	6.12182E-06	3.39633E-06	7.28775E-06	7.54014E-06	7.40038E-06	9.59329E-06	1.16079E-05	1.39867E-05	2.1532E-05
694	1.54369E-06	1.6266E-06	5.14884E-07	2.99798E-06	2.54924E-06	2.34057E-06	4.18558E-06	6.58241E-06	2.15041E-06	7.47939E-06	8.11584E-06	7.35253E-06	9.29471E-06	1.19684E-05	1.3593E-05	2.17667E-05
695	1.70219E-06	1.57639E-06	8.02772E-07	2.78183E-06	2.82934E-06	2.447E-06	4.70852E-06	6.35618E-06	2.57026E-06	7.06379E-06	8.08275E-06	8.33339E-06	8.77261E-06	1.1814E-05	1.36652E-05	2.0402E-05
696	1.77546E-06	1.75689E-06	1.53336E-06	2.51245E-06	3.33439E-06	2.46867E-06	5.24745E-06	5.59244E-06	4.19017E-06	6.29394E-06	7.60313E-06	9.88514E-06	8.24825E-06	1.13807E-05	1.40638E-05	1.81441E-05
697	1.81243E-06	2.03396E-06	2.27459E-06	2.22305E-06	3.74437E-06	2.51983E-06	5.56649E-06	4.61708E-06	6.06609E-06	5.56473E-06	7.02752E-06	1.12201E-05	8.03609E-06	1.1106E-05	1.45542E-05	1.61523E-05
698	1.86369E-06	2.27306E-06	2.59106E-06	1.94959E-06	3.73881E-06	2.71742E-06	5.43109E-06	3.7648E-06	7.24545E-06	5.27923E-06	6.71494E-06	1.15489E-05	8.45813E-06	1.14378E-05	1.49076E-05	1.56089E-05
699	1.96058E-06	2.40156E-06	2.32659E-06	1.74206E-06	3.24609E-06	3.11456E-06	4.79602E-06	3.28405E-06	7.24665E-06	5.57937E-06	6.80232E-06	1.06073E-05	9.5403E-06	1.24291E-05	1.49466E-05	1.68523E-05
700	2.10101E-06	2.45427E-06	1.80754E-06	1.67416E-06	2.62392E-06	3.65386E-06	3.94254E-06	3.2719E-06	6.40458E-06	6.15571E-06	7.04253E-06	9.03775E-06	1.07983E-05	1.34526E-05	1.4584E-05	1.87637E-05
701	2.28415E-06	2.48211E-06	1.41553E-06	1.82673E-06	2.28225E-06	4.27485E-06	3.19476E-06	3.81975E-06	5.14983E-06	6.66325E-06	7.16145E-06	7.59693E-06	1.17142E-05	1.38327E-05	1.37681E-05	2.01049E-05
702	2.49958E-06	2.52128E-06	1.4893E-06	2.2551E-06	2.57284E-06	4.89867E-06	2.83668E-06	4.96682E-06	3.8826E-06	6.77177E-06	6.88997E-06	6.93748E-06	1.17882E-05	1.29332E-05	1.2427E-05	1.96943E-05
703	2.72971E-06	2.5629E-06	1.988E-06	2.83003E-06	3.35199E-06	5.42801E-06	2.89035E-06	6.37594E-06	2.92413E-06	6.57726E-06	6.32279E-06	7.00343E-06	1.11941E-05	1.11191E-05	1.08923E-05	1.77975E-05
704	2.95074E-06	2.57112E-06	2.66293E-06	3.31915E-06	4.20339E-06	5.75109E-06	3.23155E-06	7.4992E-06	2.54909E-06	6.40085E-06	5.74477E-06	7.34429E-06	1.0461E-05	9.28649E-06	9.70156E-06	1.54457E-05
705	3.13828E-06	2.50909E-06	3.25761E-06	3.48404E-06	4.69873E-06	5.75358E-06	3.73164E-06	7.77462E-06	3.03737E-06	6.57274E-06	5.44896E-06	7.49563E-06	1.0133E-05	8.35681E-06	9.40623E-06	1.37009E-05
706	3.26856E-06	2.37552E-06	3.58734E-06	3.22895E-06	4.59944E-06	5.39568E-06	4.2578E-06	6.9671E-06	4.39107E-06	7.19301E-06	5.57573E-06	7.1848E-06	1.04628E-05	8.76567E-06	1.02049E-05	1.31714E-05
707	3.3373E-06	2.26373E-06	3.657E-06	2.80706E-06	4.13577E-06	4.84029E-06	4.69348E-06	5.64009E-06	5.99388E-06	7.86693E-06	5.93936E-06	6.62786E-06	1.10805E-05	9.86386E-06	1.15315E-05	1.34737E-05
708	3.33803E-06	2.27767E-06	3.49327E-06	2.51886E-06	3.59995E-06	4.27187E-06	4.91695E-06	4.46523E-06	7.12886E-06	8.11398E-06	6.29661E-06	6.1004E-06	1.15066E-05	1.0826E-05	1.26885E-05	1.40562E-05
709	3.26591E-06	2.51045E-06	3.13126E-06	2.63901E-06	3.26749E-06	3.86952E-06	4.82096E-06	4.06855E-06	7.1383E-06	7.4988E-06	6.42105E-06	5.86015E-06	1.12966E-05	1.08786E-05	1.3018E-05	1.43928E-05
710	3.13609E-06	2.90816E-06	2.69689E-06	3.08011E-06	3.15821E-06	3.71011E-06	4.49072E-06	4.40587E-06	6.20104E-06	6.20973E-06	6.33227E-06	5.89952E-06	1.05137E-05	1.00223E-05	1.24662E-05	1.43688E-05
711	2.97375E-06	3.317E-06	2.37372E-06	3.51406E-06	3.12192E-06	3.80031E-06	4.13322E-06	4.99012E-06	5.03757E-06	4.83816E-06	6.20378E-06	6.03124E-06	9.54228E-06	8.75324E-06	1.13613E-05	1.41224E-05
712	2.81156E-06	3.58512E-06	2.35504E-06	3.60992E-06	3.00973E-06	4.15314E-06	3.97091E-06	5.32749E-06	4.40392E-06	4.00619E-06	6.22851E-06	6.07441E-06	8.80195E-06	7.60754E-06	1.00718E-05	1.38297E-05
713	2.68576E-06	3.62586E-06	2.71863E-06	3.21532E-06	2.75322E-06	4.70994E-06	4.12266E-06	5.1403E-06	4.73333E-06	4.07912E-06	6.49721E-06	5.89945E-06	8.55108E-06	6.96735E-06	8.90149E-06	1.35716E-05
714	2.64964E-06	3.52911E-06	3.25209E-06	2.64791E-06	2.5012E-06	5.2401E-06	4.45144E-06	4.72443E-06	5.63831E-06	4.77373E-06	6.8534E-06	5.52805E-06	8.65781E-06	6.83974E-06	8.01592E-06	1.32211E-05
715	2.75999E-06	3.41395E-06	3.69413E-06	2.30422E-06	2.439E-06	5.48248E-06	4.7778E-06	4.47067E-06	6.596E-06	5.70018E-06	7.09927E-06	5.00613E-06	8.92665E-06	7.17256E-06	7.56108E-06	1.26164E-05
716	3.06741E-06	3.39508E-06	3.80814E-06	2.54941E-06	2.73535E-06	5.20982E-06	4.93812E-06	4.74405E-06	7.11437E-06	6.49171E-06	7.04919E-06	4.39349E-06	9.17049E-06	7.90856E-06	7.6799E-06	1.16458E-05
717	3.49766E-06	3.46697E-06	3.65678E-06	3.26137E-06	3.28808E-06	4.58572E-06	4.93022E-06	5.46196E-06	7.08104E-06	7.05141E-06	6.60964E-06	3.85084E-06	9.22093E-06	8.83691E-06	8.35145E-06	1.06808E-05
718	3.89689E-06	3.54996E-06	3.5142E-06	3.99113E-06	3.81533E-06	4.05253E-06	4.87165E-06	6.24691E-06	6.65411E-06	7.47633E-06	5.76443E-06	3.62021E-06	8.94003E-06	9.65568E-06	9.45968E-06	1.04517E-05
719	4.10679E-06	3.56146E-06	3.66357E-06	4.2751E-06	4.0266E-06	4.06606E-06	4.88439E-06	6.70867E-06	5.99987E-06	7.8687E-06	4.49886E-06	3.94962E-06	8.18802E-06	1.00553E-05	1.08839E-05	1.17088E-05
720	4.05585E-06	3.46765E-06	4.2312E-06	3.89553E-06	3.80021E-06	4.82961E-06	5.03645E-06	6.65058E-06	5.27965E-06	8.24629E-06	2.96885E-06	4.94074E-06	7.02501E-06	9.86174E-06	1.24098E-05	1.45712E-05
721	3.88599E-06	3.35315E-06	4.94286E-06	3.24948E-06	3.4345E-06	5.90427E-06	5.25303E-06	6.35629E-06	4.63194E-06	8.40565E-06	1.74824E-06	6.32004E-06	5.99951E-06	9.23283E-06	1.35793E-05	1.75613E-05
722	3.78485E-06	3.33108E-06	5.46988E-06	2.84472E-06	3.30675E-06	6.75853E-06	5.44948E-06	6.20507E-06	4.20757E-06	8.12867E-06	1.49048E-06	7.7648E-06	5.76114E-06	8.40623E-06	1.39239E-05	1.89739E-05
723	3.92262E-06	3.49574E-06	5.50808E-06	3.13941E-06	3.75071E-06	6.9037E-06	5.54448E-06	6.5273E-06	4.14284E-06	7.22781E-06	2.75497E-06	8.95026E-06	6.8662E-06	7.59639E-06	1.30284E-05	1.72748E-05
724	4.30984E-06	3.77226E-06	5.10868E-06	4.04672E-06	4.63615E-06	6.43603E-06	5.56738E-06	7.16725E-06	4.47527E-06	5.97098E-06	5.07107E-06	9.63198E-06	8.89694E-06	6.8663E-06	1.12513E-05	1.31437E-05
725	4.8604E-06	3.98272E-06	4.53872E-06	5.14896E-06	5.55074E-06	5.80697E-06	5.61483E-06	7.67357E-06	5.18278E-06	4.90404E-06	7.34056E-06	9.61257E-06	1.08424E-05	6.18758E-06	9.42196E-06	8.607E-06
726	5.48116E-06	3.94305E-06	4.06882E-06	6.01359E-06	6.06867E-06	5.47439E-06	5.78102E-06	7.5801E-06	6.23647E-06	4.57969E-06	8.43687E-06	8.68785E-06	1.1662E-05	5.52636E-06	8.38018E-06	5.73037E-06
727	6.07681E-06	3.64402E-06	3.89647E-06	6.38113E-06	6.02397E-06	5.68076E-06	6.09902E-06	6.77904E-06	7.49556E-06	5.22583E-06	7.89931E-06	7.01762E-06	1.09237E-05	4.92558E-06	8.48227E-06	5.52008E-06
728	6.53108E-06	3.41755E-06	4.04875E-06	6.32997E-06	5.762E-06	6.20253E-06	6.45513E-06	5.86488E-06	8.57486E-06	6.38574E-06	6.60447E-06	5.46211E-06	9.4004E-06	4.55973E-06	9.05622E-06	6.77012E-06
729	6.72411E-06	3.6414E-06	4.53281E-06	5.98087E-06	5.6949E-06	6.75741E-06	6.71696E-06	5.52543E-06	9.05516E-06	7.5145E-06	5.60258E-06	4.97809E-06	8.02178E-06	4.62209E-06	9.29793E-06	7.99222E-06
730	6.56061E-06	4.61645E-06	5.33469E-06	5.46791E-06	6.16952E-06	7.09269E-06	6.77501E-06	6.32625E-06	8.6033E-06	8.13223E-06	5.80764E-06	6.34021E-06	7.63453E-06	5.27035E-06	8.53006E-06	7.87746E-06
731	6.13338E-06	6.0153E-06	6.2692E-06	5.00729E-06	6.98775E-06	7.19517E-06	6.6955E-06	7.82867E-06	7.56677E-06	8.29038E-06	6.99038E-06	8.83711E-06	8.35557E-06	6.36402E-06	7.10138E-06	6.60679E-06
732	5.64859E-06	7.23525E-06	7.09177E-06	4.87477E-06	7.72129E-06	7.19074E-06	6.65285E-06	9.14979E-06	6.64429E-06	8.31984E-06	8.41075E-06	1.10881E-05	9.99054E-06	7.64344E-06	5.87171E-06	5.08556E-06
733	5.3025E-06	7.67172E-06	7.552E-06	5.33324E-06	7.93548E-06	7.19548E-06	6.81125E-06	9.40319E-06	6.51641E-06	8.53909E-06	9.32184E-06	1.17128E-05	1.23241E-05	8.8395E-06	5.6815E-06	4.20916E-06
734	5.22189E-06	7.21379E-06	7.57612E-06	6.35433E-06	7.55409E-06	7.28829E-06	7.26118E-06	8.41407E-06	7.31691E-06	9.04745E-06	9.48968E-06	1.04432E-05	1.48845E-05	9.70606E-06	6.68043E-06	4.47573E-06
735	5.43201E-06	6.46857E-06	7.34738E-06	7.48647E-06	7.02204E-06	7.49373E-06	7.9857E-06	7.04268E-06	8.38428E-06	9.62524E-06	9.42674E-06	8.62853E-06	1.6829E-05	1.00313E-05	8.01352E-06	5.80425E-06
736	5.96238E-06	6.11628E-06	7.08485E-06	8.25827E-06	6.84224E-06	7.84813E-06	8.97745E-06	6.24936E-06	9.00803E-06	1.00464E-05	9.72746E-06	7.77065E-06	1.73144E-05	9.624E-06	8.75848E-06	8.08403E-06
737	6.78911E-06	6.65399E-06	6.9642E-06	8.29583E-06	7.36786E-06	8.33377E-06	1.01576E-05	6.76423E-06	8.65122E-06	1.00944E-05	1.07714E-05	8.96296E-06	1.57405E-05	8.37456E-06	8.22452E-06	1.1069E-05
738	7.74089E-06	7.80608E-06	7.10284E-06	7.87711E-06	8.35881E-06	8.82986E-06	1.12699E-05	8.31722E-06	7.82417E-06	9.81484E-06	1.20792E-05	1.14503E-05	1.30911E-05	6.80123E-06	7.04894E-06	1.39725E-05
739	8.59663E-06	9.05523E-06	7.59731E-06	7.47689E-06	9.38791E-06	9.17859E-06	1.1997E-05	1.03271E-05	7.35591E-06	9.32808E-06	1.29002E-05	1.39026E-05	1.08318E-05	5.61251E-06	6.27465E-06	1.58324E-05
740	9.14341E-06	9.89779E-06	8.53401E-06	7.55725E-06	1.004E-05	9.23389E-06	1.20384E-05	1.22151E-05	8.04323E-06	8.76104E-06	1.25149E-05	1.50232E-05	1.03844E-05	5.49891E-06	6.91527E-06	1.57279E-05
741	9.4003E-06	1.02596E-05	9.77781E-06	8.19156E-06	1.02704E-05	9.1322E-06	1.15263E-05	1.36382E-05	9.8057E-06	8.3381E-06	1.10484E-05	1.45849E-05	1.18703E-05	6.58751E-06	9.09937E-06	1.38492E-05
742	9.58782E-06	1.04499E-05	1.09749E-05	9.08194E-06	1.03627E-05	9.25878E-06	1.09764E-05	1.44522E-05	1.17373E-05	8.36217E-06	9.39101E-06	1.33288E-05	1.41909E-05	8.47559E-06	1.21252E-05	1.13938E-05
743	9.94242E-06	1.08021E-05	1.17616E-05	9.91568E-06	1.06228E-05	1.00195E-05	1.09341E-05	1.45234E-05	1.28901E-05	9.14909E-06	8.48364E-06	1.20524E-05	1.61888E-05	1.07366E-05	1.52511E-05	9.62583E-06
744	1.05967E-05	1.15042E-05	1.19567E-05	1.04982E-05	1.12347E-05	1.15669E-05	1.16952E-05	1.39025E-05	1.27448E-05	1.08064E-05	8.94298E-06	1.13697E-05	1.70856E-05	1.29656E-05	1.78505E-05	9.41632E-06
745	1.14015E-05	1.2349E-05	1.18725E-05	1.0957E-05	1.20521E-05	1.3372E-05	1.28798E-05	1.31308E-05	1.19452E-05	1.28817E-05	1.04997E-05	1.13853E-05	1.71383E-05	1.48278E-05	1.96228E-05	1.05593E-05
746	1.21654E-05	1.30678E-05	1.19139E-05	1.14805E-05	1.28783E-05	1.47925E-05	1.39975E-05	1.28463E-05	1.13429E-05	1.48305E-05	1.27408E-05	1.21279E-05	1.67879E-05	1.60032E-05	2.03276E-05	1.26746E-05
747	1.27078E-05	1.34129E-05	1.24285E-05	1.22239E-05	1.35244E-05	1.52574E-05	1.46013E-05	1.35981E-05	1.16932E-05	1.61388E-05	1.52214E-05	1.35853E-05	1.64368E-05	1.62256E-05	1.97835E-05	1.53345E-05
748	1.30752E-05	1.34672E-05	1.33372E-05	1.31378E-05	1.40052E-05	1.50108E-05	1.47968E-05	1.52242E-05	1.29328E-05	1.67459E-05	1.73821E-05	1.5501E-05	1.62646E-05	1.58713E-05	1.85324E-05	1.78614E-05
749	1.34267E-05	1.34791E-05	1.43396E-05	1.40658E-05	1.44364E-05	1.47104E-05	1.49682E-05	1.71955E-05	1.45791E-05	1.68174E-05	1.85973E-05	1.74885E-05	1.63349E-05	1.56427E-05	1.7484E-05	1.94412E-05
750	1.39231E-05	1.36999E-05	1.51326E-05	1.48504E-05	1.49351E-05	1.50181E-05	1.55025E-05	1.89754E-05	1.61415E-05	1.65254E-05	1.82466E-05	1.91561E-05	1.67105E-05	1.62452E-05	1.75485E-05	1.92651E-05
751	1.46488E-05	1.42636E-05	1.56254E-05	1.54796E-05	1.55833E-05	1.6134E-05	1.65354E-05	2.02953E-05	1.73666E-05	1.61264E-05	1.64864E-05	2.02887E-05	1.74201E-05	1.78563E-05	1.88199E-05	1.74826E-05
752	1.54978E-05	1.50611E-05	1.59176E-05	1.60435E-05	1.63216E-05	1.75433E-05	1.77666E-05	2.11258E-05	1.82164E-05	1.58878E-05	1.44043E-05	2.07862E-05	1.83429E-05	1.98415E-05	2.01865E-05	1.54118E-05
753	1.63768E-05	1.59921E-05	1.6156E-05	1.66723E-05	1.71104E-05	1.86985E-05	1.88896E-05	2.14906E-05	1.86988E-05	1.6121E-05	1.32231E-05	2.05919E-05	1.93791E-05	2.15253E-05	2.04585E-05	1.45306E-05
754	1.72101E-05	1.69448E-05	1.64934E-05	1.74555E-05	1.79416E-05	1.92301E-05	1.9688E-05	2.14698E-05	1.88808E-05	1.70475E-05	1.38064E-05	1.98271E-05	2.04411E-05	2.24253E-05	1.89111E-05	1.58596E-05
755	1.79916E-05	1.77747E-05	1.70938E-05	1.8329E-05	1.89231E-05	1.94445E-05	2.02909E-05	2.13421E-05	1.90405E-05	1.85444E-05	1.56456E-05	1.9252E-05	2.14915E-05	2.2797E-05	1.65656E-05	1.8677E-05
756	1.87637E-05	1.83581E-05	1.81594E-05	1.92256E-05	2.02274E-05	1.98441E-05	2.09455E-05	2.14757E-05	1.95446E-05	2.04433E-05	1.79393E-05	1.98247E-05	2.25426E-05	2.3111E-05	1.48909E-05	2.1886E-05
757	1.95066E-05	1.85375E-05	1.97965E-05	2.0017E-05	2.19343E-05	2.08315E-05	2.18155E-05	2.21381E-05	2.06647E-05	2.2504E-05	1.98777E-05	2.23148E-05	2.35361E-05	2.37288E-05	1.52045E-05	2.43537E-05
758	2.02317E-05	1.85307E-05	2.16928E-05	2.06595E-05	2.38223E-05	2.23589E-05	2.2894E-05	2.32493E-05	2.22868E-05	2.44901E-05	2.13975E-05	2.59314E-05	2.44975E-05	2.46154E-05	1.74075E-05	2.56206E-05
759	2.09516E-05	1.87718E-05	2.32555E-05	2.11431E-05	2.54624E-05	2.40798E-05	2.40485E-05	2.44915E-05	2.40381E-05	2.61459E-05	2.28794E-05	2.88895E-05	2.54829E-05	2.54671E-05	2.0508E-05	2.56173E-05
760	2.16791E-05	1.97058E-05	2.38787E-05	2.14594E-05	2.64145E-05	2.56337E-05	2.51411E-05	2.55349E-05	2.55314E-05	2.72103E-05	2.4715E-05	2.93588E-05	2.65476E-05	2.59716E-05	2.34735E-05	2.42877E-05
761	2.23926E-05	2.13547E-05	2.34906E-05	2.1663E-05	2.65659E-05	2.6752E-05	2.60665E-05	2.6166E-05	2.64833E-05	2.76013E-05	2.68241E-05	2.7058E-05	2.75682E-05	2.60546E-05	2.56338E-05	2.20388E-05
762	2.31347E-05	2.32257E-05	2.29302E-05	2.20117E-05	2.64265E-05	2.74432E-05	2.69027E-05	2.64814E-05	2.69053E-05	2.76453E-05	2.85714E-05	2.4135E-05	2.83026E-05	2.61299E-05	2.69908E-05	2.00729E-05
763	2.3917E-05	2.47377E-05	2.30909E-05	2.27492E-05	2.65241E-05	2.76946E-05	2.77012E-05	2.65606E-05	2.67883E-05	2.76635E-05	2.92179E-05	2.29397E-05	2.84466E-05	2.66161E-05	2.75615E-05	1.96453E-05
764	2.47304E-05	2.54605E-05	2.45252E-05	2.40096E-05	2.72051E-05	2.75541E-05	2.84719E-05	2.65212E-05	2.62403E-05	2.79384E-05	2.83974E-05	2.50001E-05	2.78639E-05	2.77407E-05	2.74704E-05	2.15629E-05
765	2.54929E-05	2.55353E-05	2.65332E-05	2.55281E-05	2.81451E-05	2.72807E-05	2.90762E-05	2.66067E-05	2.57736E-05	2.85924E-05	2.70955E-05	2.88077E-05	2.70245E-05	2.90361E-05	2.72141E-05	2.49782E-05
766	2.60542E-05	2.51849E-05	2.80651E-05	2.68923E-05	2.88073E-05	2.71352E-05	2.92828E-05	2.70426E-05	2.59537E-05	2.96588E-05	2.65718E-05	3.208E-05	2.64941E-05	2.98107E-05	2.73316E-05	2.86002E-05
767	2.63817E-05	2.47429E-05	2.82862E-05	2.78211E-05	2.88291E-05	2.74602E-05	2.90259E-05	2.81155E-05	2.73632E-05	3.12514E-05	2.80375E-05	3.2861E-05	2.68688E-05	2.95851E-05	2.8386E-05	3.12902E-05
768	2.65958E-05	2.45337E-05	2.75453E-05	2.83654E-05	2.84953E-05	2.82799E-05	2.86973E-05	2.9651E-05	2.96888E-05	3.31703E-05	3.10182E-05	3.15793E-05	2.79103E-05	2.88561E-05	3.00519E-05	3.26818E-05
769	2.69252E-05	2.49065E-05	2.68524E-05	2.87783E-05	2.84674E-05	2.94769E-05	2.89668E-05	3.12532E-05	3.21622E-05	3.50739E-05	3.41632E-05	2.99664E-05	2.89604E-05	2.86758E-05	3.15535E-05	3.28378E-05
770	2.7599E-05	2.62045E-05	2.72203E-05	2.93156E-05	2.94065E-05	3.09289E-05	3.04944E-05	3.25232E-05	3.40085E-05	3.66167E-05	3.61123E-05	2.97634E-05	2.93625E-05	3.00889E-05	3.21163E-05	3.18439E-05
771	2.86526E-05	2.83122E-05	2.88077E-05	3.00449E-05	3.1352E-05	3.2486E-05	3.30675E-05	3.33087E-05	3.4939E-05	3.76102E-05	3.64554E-05	3.13483E-05	2.90902E-05	3.29756E-05	3.16857E-05	3.02764E-05
772	2.99376E-05	3.06211E-05	3.0822E-05	3.086E-05	3.36659E-05	3.40143E-05	3.55076E-05	3.37945E-05	3.52837E-05	3.81054E-05	3.59428E-05	3.35578E-05	2.88941E-05	3.591E-05	3.10921E-05	2.93271E-05
773	3.12776E-05	3.24688E-05	3.23859E-05	3.16274E-05	3.5643E-05	3.53615E-05	3.6541E-05	3.41716E-05	3.53967E-05	3.81487E-05	3.53878E-05	3.51019E-05	2.95684E-05	3.73472E-05	3.12166E-05	3.023E-05
774	3.25058E-05	3.34666E-05	3.30186E-05	3.22613E-05	3.68304E-05	3.64062E-05	3.55985E-05	3.46619E-05	3.55251E-05	3.78602E-05	3.53927E-05	3.53104E-05	3.15142E-05	3.65563E-05	3.25035E-05	3.34315E-05
775	3.34858E-05	3.39217E-05	3.32418E-05	3.27979E-05	3.74189E-05	3.71086E-05	3.3882E-05	3.55556E-05	3.56409E-05	3.75372E-05	3.60127E-05	3.50786E-05	3.41401E-05	3.48566E-05	3.42962E-05	3.74031E-05
776	3.40842E-05	3.42554E-05	3.37433E-05	3.32949E-05	3.77034E-05	3.74422E-05	3.28918E-05	3.71616E-05	3.56753E-05	3.7513E-05	3.72229E-05	3.55616E-05	3.6692E-05	3.39105E-05	3.57573E-05	4.02835E-05
777	3.42346E-05	3.4836E-05	3.50654E-05	3.38211E-05	3.7962E-05	3.74284E-05	3.38331E-05	3.96337E-05	3.56061E-05	3.80429E-05	3.89213E-05	3.76651E-05	3.85231E-05	3.50639E-05	3.62297E-05	4.05872E-05
778	3.42678E-05	3.57129E-05	3.68992E-05	3.45206E-05	3.83679E-05	3.73752E-05	3.61548E-05	4.22677E-05	3.56914E-05	3.89437E-05	4.06116E-05	4.08247E-05	3.96776E-05	3.77689E-05	3.61512E-05	3.91079E-05
779	3.46574E-05	3.68256E-05	3.86355E-05	3.55655E-05	3.9061E-05	3.76944E-05	3.86884E-05	4.40492E-05	3.62903E-05	3.98769E-05	4.16514E-05	4.39575E-05	4.04382E-05	4.0813E-05	3.63454E-05	3.74404E-05
780	3.58387E-05	3.81088E-05	3.96902E-05	3.70984E-05	4.01644E-05	3.87668E-05	4.03176E-05	4.40415E-05	3.77309E-05	4.05223E-05	4.14591E-05	4.60265E-05	4.10735E-05	4.3015E-05	3.75878E-05	3.71209E-05
