Name	0	17	34	51	68	85	102	119	136	153	170	187	204	221	238	255
Date	15/02/2018	15/02/2018	15/02/2018	15/02/2018	15/02/2018	15/02/2018	15/02/2018	15/02/2018	15/02/2018	15/02/2018	15/02/2018	15/02/2018	15/02/2018	15/02/2018	15/02/2018	15/02/2018
Time	09:27pm	09:31pm	09:33pm	09:34pm	09:34pm	09:34pm	09:35pm	09:35pm	09:35pm	09:36pm	09:36pm	09:36pm	09:36pm	09:37pm	09:37pm	09:37pm
Integration time [ms]	60000	20168	8571	6706	6224	4291	3644	3160	2828	2553	2307	2128	2347	2209	2024	1861
Luminance[cd/sqm]	4.19E-01	1.64E+00	2.80E+00	3.88E+00	4.88E+00	5.91E+00	6.94E+00	8.03E+00	8.95E+00	9.91E+00	1.11E+01	1.21E+01	1.31E+01	1.42E+01	1.56E+01	1.71E+01
Radiance[W/sr*sqm]	2.59E-03	2.11E-02	3.87E-02	5.49E-02	6.98E-02	8.53E-02	1.00E-01	1.16E-01	1.29E-01	1.43E-01	1.59E-01	1.72E-01	1.86E-01	2.00E-01	2.18E-01	2.37E-01
CCT [K]	8060	0	0	0	0	0	0	0	0	0	0	0	0	0	0	0
DWl[nm]	481	462	462	462	462	462	462	462	462	462	462	462	463	463	463	463
PE[%]	15.7	89.1	91.2	91.9	92.3	92.5	92.6	92.7	92.7	92.8	92.7	92.7	92.7	92.6	92.5	92.5
x	0.2947	0.1614	0.1577	0.1563	0.1554	0.1551	0.1547	0.1543	0.1543	0.154	0.154	0.154	0.1537	0.1538	0.1537	0.1535
y	0.3037	0.0666	0.06	0.0578	0.0568	0.0562	0.0561	0.0559	0.0559	0.0558	0.0562	0.0566	0.0568	0.0572	0.0577	0.0583
u'	0.1947	0.1857	0.1853	0.1849	0.1844	0.1844	0.184	0.1836	0.1835	0.1832	0.183	0.1827	0.1822	0.182	0.1816	0.181
v'	0.4514	0.1724	0.1587	0.1539	0.1517	0.1503	0.15	0.1497	0.1497	0.1495	0.1503	0.151	0.1515	0.1524	0.1535	0.1547
Reference Illuminant	daylight >7000K	daylight >7000K	daylight >7000K	daylight >7000K	daylight >7000K	daylight >7000K	daylight >7000K	daylight >7000K	daylight >7000K	daylight >7000K	daylight >7000K	daylight >7000K	daylight >7000K	daylight >7000K	daylight >7000K	daylight >7000K
CCT [K]	8060	8060	8060	8060	8060	8060	8060	8060	8060	8060	8060	8060	8060	8060	8060	8060
R1	95.5	95.5	95.5	95.5	95.5	95.5	95.5	95.5	95.5	95.5	95.5	95.5	95.5	95.5	95.5	95.5
R2	85.1	85.1	85.1	85.1	85.1	85.1	85.1	85.1	85.1	85.1	85.1	85.1	85.1	85.1	85.1	85.1
R3	70.7	70.7	70.7	70.7	70.7	70.7	70.7	70.7	70.7	70.7	70.7	70.7	70.7	70.7	70.7	70.7
R4	83.2	83.2	83.2	83.2	83.2	83.2	83.2	83.2	83.2	83.2	83.2	83.2	83.2	83.2	83.2	83.2
R5	91.7	91.7	91.7	91.7	91.7	91.7	91.7	91.7	91.7	91.7	91.7	91.7	91.7	91.7	91.7	91.7
R6	77.9	77.9	77.9	77.9	77.9	77.9	77.9	77.9	77.9	77.9	77.9	77.9	77.9	77.9	77.9	77.9
R7	84.4	84.4	84.4	84.4	84.4	84.4	84.4	84.4	84.4	84.4	84.4	84.4	84.4	84.4	84.4	84.4
R8	89.5	89.5	89.5	89.5	89.5	89.5	89.5	89.5	89.5	89.5	89.5	89.5	89.5	89.5	89.5	89.5
R9	83.6	83.6	83.6	83.6	83.6	83.6	83.6	83.6	83.6	83.6	83.6	83.6	83.6	83.6	83.6	83.6
R10	59.1	59.1	59.1	59.1	59.1	59.1	59.1	59.1	59.1	59.1	59.1	59.1	59.1	59.1	59.1	59.1
R11	82.4	82.4	82.4	82.4	82.4	82.4	82.4	82.4	82.4	82.4	82.4	82.4	82.4	82.4	82.4	82.4
R12	52.5	52.5	52.5	52.5	52.5	52.5	52.5	52.5	52.5	52.5	52.5	52.5	52.5	52.5	52.5	52.5
R13	92.2	92.2	92.2	92.2	92.2	92.2	92.2	92.2	92.2	92.2	92.2	92.2	92.2	92.2	92.2	92.2
R14	83.1	83.1	83.1	83.1	83.1	83.1	83.1	83.1	83.1	83.1	83.1	83.1	83.1	83.1	83.1	83.1
Ra	84.75	84.75	84.75	84.75	84.75	84.75	84.75	84.75	84.75	84.75	84.75	84.75	84.75	84.75	84.75	84.75
																
wavelength [nm]	Radiance[W/(sr*sqm*nm)]	Radiance[W/(sr*sqm*nm)]	Radiance[W/(sr*sqm*nm)]	Radiance[W/(sr*sqm*nm)]	Radiance[W/(sr*sqm*nm)]	Radiance[W/(sr*sqm*nm)]	Radiance[W/(sr*sqm*nm)]	Radiance[W/(sr*sqm*nm)]	Radiance[W/(sr*sqm*nm)]	Radiance[W/(sr*sqm*nm)]	Radiance[W/(sr*sqm*nm)]	Radiance[W/(sr*sqm*nm)]	Radiance[W/(sr*sqm*nm)]	Radiance[W/(sr*sqm*nm)]	Radiance[W/(sr*sqm*nm)]	Radiance[W/(sr*sqm*nm)]
																
380	9.61807E-07	1.46126E-07	2.58482E-07	3.10164E-06	0	4.88994E-07	7.88432E-07	4.1058E-06	4.17176E-06	2.04378E-06	2.64477E-06	4.27927E-06	3.56454E-06	2.97764E-07	1.91889E-06	2.62337E-06
381	1.29983E-06	1.47712E-07	3.06396E-07	3.77723E-06	0	7.7914E-07	4.09098E-07	4.75956E-06	4.16495E-06	2.83267E-06	3.57088E-06	5.01752E-06	1.48133E-06	2.36015E-07	2.70311E-06	4.07722E-06
382	1.52426E-06	1.37897E-07	3.23915E-07	3.9363E-06	1.2046E-08	9.68549E-07	4.46296E-08	5.26421E-06	3.93358E-06	3.25934E-06	4.20404E-06	5.22233E-06	7.61397E-08	6.71052E-08	3.4171E-06	5.20573E-06
383	1.59288E-06	1.23434E-07	3.07916E-07	3.46068E-06	6.44281E-07	9.8638E-07	0	5.55403E-06	3.47412E-06	3.17901E-06	4.43901E-06	4.63885E-06	0	0	3.99541E-06	5.74862E-06
384	1.5293E-06	1.0375E-07	2.61567E-07	2.55954E-06	1.35676E-06	8.53026E-07	0	5.7083E-06	2.89884E-06	2.74848E-06	4.37502E-06	3.49724E-06	1.17149E-08	0	4.39351E-06	5.75747E-06
385	1.37075E-06	7.66037E-08	1.89276E-07	1.50347E-06	2.02933E-06	6.08676E-07	0	5.83444E-06	2.33907E-06	2.1837E-06	4.15188E-06	2.12438E-06	8.49471E-07	0	4.57487E-06	5.35275E-06
386	1.16571E-06	4.04752E-08	9.62531E-08	5.44609E-07	2.58564E-06	2.93454E-07	0	6.10671E-06	1.93822E-06	1.70182E-06	3.94604E-06	8.26954E-07	1.91554E-06	0	4.56384E-06	4.7029E-06
387	9.23524E-07	0	0	0	2.90097E-06	0	2.10914E-07	6.54288E-06	1.77404E-06	1.45115E-06	3.81698E-06	0	2.9616E-06	2.64685E-07	4.26339E-06	3.824E-06
388	6.70274E-07	0	0	0	2.92628E-06	0	1.02663E-06	7.12411E-06	1.86762E-06	1.50593E-06	3.8214E-06	0	3.83322E-06	1.26141E-06	3.68864E-06	2.84192E-06
389	4.27345E-07	0	0	0	2.71186E-06	0	1.93718E-06	7.63726E-06	2.0762E-06	1.7515E-06	3.91362E-06	0	4.53382E-06	2.41786E-06	2.95098E-06	1.94751E-06
390	2.14845E-07	1.82238E-08	0	1.54958E-07	2.31627E-06	0	2.73773E-06	7.85738E-06	2.24568E-06	2.05823E-06	4.03925E-06	0	5.08284E-06	3.48094E-06	2.16743E-06	1.33115E-06
391	5.20529E-08	2.22334E-07	0	7.66833E-07	1.79578E-06	0	3.2322E-06	7.56947E-06	2.2285E-06	2.30203E-06	4.14651E-06	1.96134E-07	5.49934E-06	4.20839E-06	1.4503E-06	1.17542E-06
392	0	5.85496E-07	1.97029E-07	1.51773E-06	1.20571E-06	9.07393E-07	3.24752E-06	6.58461E-06	1.89377E-06	2.37262E-06	4.18667E-06	1.131E-06	5.79832E-06	4.38264E-06	9.05158E-07	1.64091E-06
393	0	1.0583E-06	6.11974E-07	2.29784E-06	6.28435E-07	2.28321E-06	2.87697E-06	5.03462E-06	1.30024E-06	2.31596E-06	4.1404E-06	2.2703E-06	5.95403E-06	4.05283E-06	6.03889E-07	2.64199E-06
394	0	1.5257E-06	1.0772E-06	2.96846E-06	1.67E-07	3.75477E-06	2.42358E-06	3.30339E-06	6.56047E-07	2.30101E-06	4.01148E-06	3.50301E-06	5.90841E-06	3.47841E-06	5.91047E-07	3.89887E-06
395	0	1.87517E-06	1.51425E-06	3.39532E-06	0	5.03268E-06	2.18485E-06	1.76739E-06	1.65655E-07	2.49384E-06	3.80418E-06	4.72157E-06	5.60469E-06	2.91499E-06	9.0869E-07	5.13684E-06
396	0	1.9997E-06	1.84878E-06	3.45135E-06	0	5.84216E-06	2.44802E-06	7.88833E-07	2.55619E-08	3.05575E-06	3.52463E-06	5.82589E-06	4.99109E-06	2.60963E-06	1.59813E-06	6.09536E-06
397	2.05581E-08	1.82184E-06	2.01775E-06	3.05364E-06	4.26242E-07	5.97248E-06	3.40101E-06	6.43432E-07	3.82601E-07	4.08528E-06	3.19562E-06	6.73057E-06	4.05172E-06	2.75937E-06	2.68076E-06	6.57402E-06
398	3.86429E-08	1.42441E-06	2.01891E-06	2.36883E-06	1.13384E-06	5.55921E-06	4.73906E-06	1.19649E-06	1.13978E-06	5.37318E-06	2.96078E-06	7.4468E-06	3.00215E-06	3.34348E-06	4.07761E-06	6.69889E-06
399	6.89489E-08	9.41996E-07	1.87036E-06	1.64312E-06	1.94845E-06	4.85057E-06	5.99818E-06	2.1777E-06	2.1202E-06	6.61106E-06	3.00029E-06	8.01734E-06	2.12972E-06	4.26778E-06	5.67764E-06	6.70219E-06
400	1.26943E-07	5.04429E-07	1.58954E-06	1.11403E-06	2.71487E-06	4.08609E-06	6.73073E-06	3.3262E-06	3.15313E-06	7.50136E-06	3.48799E-06	8.48348E-06	1.71164E-06	5.44135E-06	7.37373E-06	6.80804E-06
401	2.28196E-07	2.37412E-07	1.19729E-06	1.01325E-06	3.29406E-06	3.50752E-06	6.52702E-06	4.40462E-06	4.08722E-06	7.78252E-06	4.60525E-06	8.91291E-06	2.02093E-06	6.79773E-06	9.09111E-06	7.2551E-06
402	3.7499E-07	2.03537E-07	7.46326E-07	1.43596E-06	3.6038E-06	3.25918E-06	5.26388E-06	5.25163E-06	4.85212E-06	7.34916E-06	6.37223E-06	9.30179E-06	3.17731E-06	8.22963E-06	1.07232E-05	8.18294E-06
403	5.43287E-07	3.43486E-07	3.86783E-07	2.21052E-06	3.72238E-06	3.3552E-06	3.53334E-06	5.9107E-06	5.59418E-06	6.54769E-06	8.52096E-06	9.63636E-06	5.00485E-06	9.62421E-06	1.22097E-05	9.63753E-06
404	7.06147E-07	5.83248E-07	2.77473E-07	3.13405E-06	3.74613E-06	3.79098E-06	2.00426E-06	6.44957E-06	6.48355E-06	5.77241E-06	1.07509E-05	9.89861E-06	7.29272E-06	1.08684E-05	1.34946E-05	1.16494E-05
405	8.3723E-07	8.50461E-07	5.73673E-07	4.00824E-06	3.76926E-06	4.56203E-06	1.3306E-06	6.93446E-06	7.68662E-06	5.40887E-06	1.27682E-05	1.00709E-05	9.83477E-06	1.18517E-05	1.45235E-05	1.42483E-05
406	9.12559E-07	1.07876E-06	1.41759E-06	4.6504E-06	3.88595E-06	5.66327E-06	2.11824E-06	7.43518E-06	9.36164E-06	5.82366E-06	1.43075E-05	1.01523E-05	1.24408E-05	1.24883E-05	1.52634E-05	1.74627E-05
407	9.35897E-07	1.27726E-06	2.76579E-06	5.06082E-06	4.20391E-06	7.04657E-06	4.33753E-06	8.06965E-06	1.15312E-05	7.15381E-06	1.54308E-05	1.03792E-05	1.50635E-05	1.30297E-05	1.59674E-05	2.12115E-05
408	9.35262E-07	1.51994E-06	4.41687E-06	5.39857E-06	4.84505E-06	8.63028E-06	7.41804E-06	9.00173E-06	1.41077E-05	9.34436E-06	1.64876E-05	1.11977E-05	1.77841E-05	1.40231E-05	1.71427E-05	2.53299E-05
409	9.389E-07	1.88144E-06	6.16827E-06	5.82472E-06	5.92923E-06	1.03332E-05	1.07829E-05	1.03934E-05	1.70015E-05	1.23351E-05	1.78301E-05	1.30515E-05	2.06865E-05	1.60146E-05	1.92942E-05	2.96537E-05
410	9.74476E-07	2.43483E-06	7.82159E-06	6.49704E-06	7.57386E-06	1.20759E-05	1.38672E-05	1.24034E-05	2.01248E-05	1.6067E-05	1.98031E-05	1.63754E-05	2.38526E-05	1.95386E-05	2.29168E-05	3.40221E-05
411	1.06171E-06	3.23254E-06	9.22388E-06	7.55865E-06	9.8643E-06	1.38305E-05	1.62714E-05	1.51812E-05	2.34411E-05	2.05095E-05	2.2728E-05	2.15137E-05	2.74292E-05	2.50327E-05	2.84225E-05	3.84001E-05
412	1.17575E-06	4.2096E-06	1.04019E-05	9.05477E-06	1.26828E-05	1.57703E-05	1.83452E-05	1.87724E-05	2.70685E-05	2.56837E-05	2.67277E-05	2.82765E-05	3.17856E-05	3.23552E-05	3.57015E-05	4.32254E-05
413	1.27861E-06	5.26597E-06	1.14478E-05	1.10048E-05	1.58538E-05	1.81443E-05	2.06908E-05	2.32006E-05	3.11937E-05	3.16423E-05	3.18792E-05	3.63173E-05	3.7383E-05	4.11967E-05	4.44981E-05	4.91181E-05
414	1.33294E-06	6.30329E-06	1.24525E-05	1.34277E-05	1.92051E-05	2.1197E-05	2.38999E-05	2.8489E-05	3.60002E-05	3.84372E-05	3.82583E-05	4.52958E-05	4.46744E-05	5.1253E-05	5.45608E-05	5.66878E-05
415	1.30231E-06	7.22626E-06	1.35058E-05	1.63431E-05	2.25703E-05	2.51686E-05	2.85522E-05	3.46622E-05	4.16701E-05	4.61211E-05	4.59416E-05	5.48824E-05	5.41046E-05	6.22298E-05	6.56477E-05	6.65341E-05
416	1.17859E-06	8.08619E-06	1.48111E-05	1.98901E-05	2.61346E-05	3.03693E-05	3.51306E-05	4.20271E-05	4.86617E-05	5.5063E-05	5.53365E-05	6.53709E-05	6.62389E-05	7.44596E-05	7.81834E-05	7.95198E-05
417	9.93699E-07	9.13556E-06	1.66632E-05	2.42788E-05	3.05193E-05	3.7016E-05	4.36974E-05	5.10924E-05	5.75705E-05	6.57937E-05	6.70424E-05	7.7688E-05	8.13824E-05	8.88483E-05	9.32115E-05	9.6406E-05
418	7.8708E-07	1.06632E-05	1.93975E-05	2.97616E-05	3.64387E-05	4.53712E-05	5.43341E-05	6.24614E-05	6.90985E-05	7.89615E-05	8.17776E-05	9.29435E-05	9.99317E-05	0.000106495	0.000111981	0.000118089
419	5.97827E-07	1.29554E-05	2.33465E-05	3.65888E-05	4.46009E-05	5.56953E-05	6.71216E-05	7.67322E-05	8.39419E-05	9.52089E-05	0.000100254	0.000112238	0.000122279	0.000128488	0.00013573	0.000145459
420	4.62288E-07	1.62753E-05	2.88269E-05	4.50107E-05	5.56696E-05	6.82631E-05	8.21748E-05	9.4491E-05	0.000102785	0.000115191	0.000123187	0.000136648	0.000148865	0.00015592	0.000165687	0.000179409
421	3.86865E-07	2.06241E-05	3.5987E-05	5.52928E-05	6.98137E-05	8.35357E-05	0.000100008	0.000116209	0.000126206	0.00013975	0.000151355	0.000167046	0.000180686	0.00018995	0.000203043	0.000220927
422	3.58314E-07	2.584E-05	4.48818E-05	6.77396E-05	8.69109E-05	0.000102143	0.000121455	0.000142344	0.00015478	0.000169924	0.000185661	0.000204252	0.000219209	0.00023189	0.000249074	0.00027118
423	3.63007E-07	3.17564E-05	5.55582E-05	8.26442E-05	0.000106823	0.000124696	0.00014733	0.000173327	0.000189055	0.000206722	0.000226977	0.000249052	0.000265866	0.000283008	0.000305007	0.00033129
424	3.87448E-07	3.82083E-05	6.80627E-05	0.000100297	0.000129414	0.000151801	0.000178439	0.000209589	0.000229572	0.000251145	0.000276164	0.000302221	0.000322073	0.000344559	0.000372059	0.00040237
425	4.30313E-07	4.51754E-05	8.25355E-05	0.000121048	0.000154846	0.000184111	0.000215646	0.000251839	0.000277107	0.000304284	0.000334312	0.000364824	0.000389365	0.000417957	0.000451675	0.000485947
426	5.31938E-07	5.31079E-05	9.93931E-05	0.000145389	0.000184228	0.000222334	0.000259897	0.000301627	0.000333074	0.000367395	0.000403113	0.000438713	0.000469487	0.000504929	0.000545847	0.000584728
427	7.41723E-07	6.26043E-05	0.000119201	0.000173973	0.000219035	0.000267394	0.000312389	0.000360949	0.000399329	0.000442096	0.000484749	0.000526304	0.000564648	0.000607729	0.000657171	0.00070219
428	1.1083E-06	7.42371E-05	0.000142482	0.000207395	0.000260662	0.000320125	0.000374215	0.000431673	0.000477588	0.000529862	0.000581235	0.000629831	0.000676869	0.000728406	0.000788024	0.000841569
429	1.67769E-06	8.8564E-05	0.000169758	0.000246253	0.000310478	0.00038137	0.00044647	0.000515643	0.00056956	0.000632174	0.000694582	0.000751522	0.000808178	0.000869027	0.000940796	0.001006084
430	2.43636E-06	0.000105906	0.000201643	0.000291429	0.00036964	0.000452466	0.000530662	0.000614584	0.000677345	0.000751261	0.000827286	0.00089415	0.000961482	0.001032756	0.001118925	0.001199536
431	3.30811E-06	0.000126465	0.000239121	0.000344508	0.000439565	0.000535905	0.000629466	0.000730916	0.000804382	0.000891186	0.000983492	0.001062286	0.001141952	0.001225366	0.001328517	0.001427984
432	4.20872E-06	0.000150194	0.000282735	0.00040644	0.000520838	0.000633197	0.000744402	0.000865689	0.000952623	0.00105438	0.001165534	0.001258547	0.001352671	0.001450388	0.001573248	0.001694856
433	5.05639E-06	0.000177149	0.000333211	0.000478448	0.000614388	0.000746273	0.000877477	0.001020525	0.00112465	0.001243968	0.001376507	0.00148637	0.001597602	0.001712304	0.001857822	0.002004681
434	5.79179E-06	0.000207418	0.000391232	0.000561654	0.000721147	0.000876916	0.001030581	0.001197089	0.001322883	0.001462875	0.001619341	0.001748981	0.001880459	0.002015298	0.00218666	0.002361739
435	6.48335E-06	0.000241308	0.000457223	0.000656653	0.000842105	0.001026148	0.001204966	0.001397354	0.00154893	0.001712986	0.001896116	0.00204847	0.002203626	0.002361955	0.002562715	0.00276901
436	7.25397E-06	0.00027954	0.000532173	0.00076479	0.00097947	0.001196184	0.001403385	0.001625396	0.001806318	0.001998265	0.002211319	0.002389453	0.002572165	0.002757677	0.002992084	0.003232975
437	8.21027E-06	0.000322253	0.000615962	0.000885816	0.001133405	0.00138675	0.001625662	0.001881896	0.002094821	0.002318521	0.002564837	0.002771579	0.002985797	0.003202138	0.003474648	0.003753396
438	9.46439E-06	0.000369819	0.000708922	0.001020135	0.001304905	0.001598586	0.001872818	0.002168912	0.002415739	0.002675251	0.002958428	0.003196517	0.00344641	0.003697338	0.00401281	0.00433277
439	1.10276E-05	0.000421426	0.000809306	0.001165184	0.001490867	0.001827673	0.00214034	0.002481419	0.002763175	0.00306177	0.003384928	0.00365653	0.0039455	0.004234026	0.004596673	0.004960779
440	1.27458E-05	0.000474307	0.000911949	0.00131353	0.001681459	0.002062172	0.002414637	0.002802777	0.003119415	0.003457959	0.003822532	0.004128428	0.004457499	0.004784484	0.005196148	0.005606081
441	1.44668E-05	0.000526144	0.001012587	0.001459042	0.001868472	0.002292274	0.002684499	0.00311901	0.003469814	0.003847073	0.00425318	0.004593104	0.004961209	0.005325672	0.005786221	0.006242872
442	1.60083E-05	0.000573486	0.001104769	0.00159244	0.002039667	0.002503227	0.002932934	0.003409433	0.003792258	0.004204085	0.004649662	0.005021567	0.005424762	0.005823097	0.006329434	0.006831934
443	1.72145E-05	0.000613523	0.00118324	0.001706159	0.002185054	0.002683001	0.00314606	0.003657095	0.004068669	0.004508573	0.004989729	0.005390135	0.005822122	0.006248592	0.006795172	0.007341211
444	1.80483E-05	0.000644669	0.001244782	0.001795526	0.002298815	0.002824337	0.003314992	0.003851934	0.00428759	0.004748557	0.005259411	0.00568364	0.006137319	0.006585369	0.007164908	0.007749867
445	1.85317E-05	0.000665956	0.00128719	0.001857304	0.002377214	0.002922365	0.003433334	0.003987329	0.004440866	0.004916276	0.005448867	0.005891159	0.006359401	0.006822317	0.007426152	0.008042656
446	1.86877E-05	0.000676427	0.001308286	0.001888299	0.002416564	0.002972272	0.00349476	0.004056739	0.004520428	0.00500407	0.005548361	0.006001881	0.006477548	0.006948466	0.007566563	0.008204483
447	1.85386E-05	0.000675104	0.001305853	0.001885251	0.002413101	0.002969148	0.003492827	0.004053495	0.004518064	0.005004119	0.005547979	0.006004801	0.006480726	0.006952621	0.007573554	0.008219987
448	1.81204E-05	0.000662013	0.001279826	0.001848023	0.00236678	0.002912803	0.00342697	0.003977378	0.004433123	0.004915996	0.005446896	0.005898767	0.006368048	0.006834055	0.007446169	0.00808709
449	1.74964E-05	0.000639243	0.001234588	0.001782909	0.002285217	0.002812766	0.00330874	0.003841472	0.004280554	0.004754516	0.005263029	0.005702944	0.006159532	0.00661361	0.007207421	0.0078311
450	1.67333E-05	0.000609149	0.001175088	0.001697024	0.002177004	0.002679808	0.00315123	0.003660555	0.004077297	0.004536433	0.005016681	0.005439086	0.005877863	0.006314876	0.006883378	0.007480811
451	1.58739E-05	0.00057321	0.001104594	0.001595054	0.002047615	0.002520857	0.002963025	0.003444161	0.003834452	0.004271992	0.004720969	0.005121148	0.005537289	0.005952374	0.006490218	0.007054273
452	1.50087E-05	0.000534736	0.00102986	0.001486729	0.001909059	0.002350859	0.002762111	0.003212761	0.00357528	0.003985199	0.004404022	0.004779386	0.005169755	0.005559713	0.006064866	0.006592075
453	1.41616E-05	0.000495476	0.000954225	0.001376967	0.001767783	0.002177621	0.002557863	0.002977001	0.003311862	0.003689911	0.004080737	0.004429917	0.004792728	0.005155728	0.005627539	0.00611653
454	1.33341E-05	0.000456844	0.000880143	0.001269474	0.001629033	0.0020073	0.002357591	0.002745232	0.003053586	0.003398309	0.003762993	0.00408571	0.004420736	0.004756542	0.005195148	0.005646292
455	1.25269E-05	0.000420245	0.000810052	0.001167929	0.001498025	0.001846018	0.002168559	0.002525749	0.002809778	0.003122515	0.003462596	0.003759656	0.004068225	0.004378194	0.004784508	0.005199909
456	1.17522E-05	0.000387442	0.000747076	0.001077004	0.001381248	0.001701461	0.001999874	0.002328996	0.00259215	0.002877295	0.003194296	0.003467839	0.003753094	0.004040441	0.004416504	0.004800349
457	1.09958E-05	0.000358716	0.000691625	0.000997349	0.001279789	0.001574923	0.00185298	0.002156687	0.002402516	0.002665679	0.002960598	0.003213109	0.003478694	0.003747114	0.004095067	0.004452045
458	1.02502E-05	0.000333228	0.000642245	0.000926691	0.001190455	0.001462988	0.001723464	0.002004148	0.002235141	0.002480685	0.002754635	0.002988265	0.003236986	0.003489189	0.003811086	0.004145021
459	9.50725E-06	0.000309925	0.000597114	0.000862193	0.001109255	0.00136134	0.00160581	0.001865481	0.002082873	0.002313524	0.002567773	0.002784208	0.003017806	0.003255272	0.003553006	0.003866603
460	8.75862E-06	0.000287754	0.000554411	0.000801017	0.001032197	0.001265664	0.001494498	0.001734784	0.001938551	0.002155402	0.002391373	0.002591834	0.002810984	0.003033964	0.003309262	0.003604108
461	8.00916E-06	0.000266136	0.000513196	0.000741625	0.000956994	0.001173655	0.001386441	0.001608924	0.001798185	0.002001109	0.002220659	0.0024062	0.002610887	0.002818812	0.003073611	0.00335064
462	7.25328E-06	0.000244557	0.000472376	0.000682481	0.000881617	0.001082591	0.001278575	0.001484232	0.001657949	0.001846198	0.002050553	0.00222177	0.002411473	0.002603427	0.002839147	0.003098382
463	6.5079E-06	0.000223474	0.000432565	0.000624649	0.00080754	0.000993597	0.001172693	0.001362344	0.001520394	0.001693645	0.001883542	0.002041057	0.00221556	0.002391272	0.002609284	0.002850645
464	5.79014E-06	0.000203354	0.000394388	0.000569214	0.000736265	0.000907833	0.001070627	0.001244942	0.001388127	0.001546497	0.001722177	0.00186664	0.002026039	0.002185898	0.002387526	0.002610829
465	5.11729E-06	0.000184667	0.000358477	0.000517268	0.000669303	0.000826461	0.000974221	0.001133715	0.001263766	0.001407812	0.001569022	0.001701108	0.001845817	0.001990875	0.002177391	0.002382353
466	4.52059E-06	0.000167995	0.000325863	0.000470378	0.000608741	0.000751721	0.000886351	0.001031781	0.001151105	0.001281962	0.001428552	0.001549239	0.001680161	0.001812146	0.00198499	0.002171795
467	4.02594E-06	0.000152904	0.000295966	0.000427574	0.000553301	0.000682447	0.000805395	0.000937492	0.001047743	0.001166426	0.001298501	0.001408736	0.001526643	0.001647	0.001806943	0.001976026
468	3.67139E-06	0.000139266	0.000268857	0.000388793	0.000502861	0.000619002	0.000731475	0.000851286	0.000953491	0.001061146	0.001179473	0.001280439	0.00138624	0.001496354	0.001643827	0.001796334
469	3.49551E-06	0.00012695	0.000244604	0.000353968	0.000457302	0.000561755	0.000664709	0.000773605	0.000868154	0.000966065	0.001072078	0.0011652	0.001259941	0.001361137	0.001496222	0.001634023
470	3.52542E-06	0.000115835	0.000223245	0.000323011	0.000416494	0.000511014	0.000605179	0.000704802	0.000791516	0.000881074	0.000976811	0.001063693	0.001148556	0.001242087	0.001364591	0.001490195
471	3.67675E-06	0.000105513	0.000203853	0.000294641	0.000378972	0.000464974	0.000550749	0.00064225	0.000720739	0.000802927	0.000890111	0.000971709	0.00104773	0.001134402	0.001244082	0.001359502
472	3.83889E-06	9.63915E-05	0.000186863	0.000269655	0.000346045	0.000424995	0.000503175	0.000587655	0.00065822	0.000734099	0.000814468	0.000891395	0.000960021	0.00104078	0.001138473	0.001245696
473	3.88899E-06	8.84492E-05	0.000171881	0.000247645	0.00031747	0.000390527	0.000461956	0.000540093	0.000603408	0.000673779	0.000748725	0.000820938	0.000883702	0.000959289	0.00104646	0.001146972
474	3.70561E-06	8.16625E-05	0.000158512	0.000228206	0.000293002	0.000361017	0.000426588	0.000498644	0.00055575	0.000621159	0.000691726	0.000758528	0.00081705	0.000888003	0.000966736	0.001061526
475	3.26051E-06	7.59466E-05	0.000146508	0.000211015	0.000272214	0.000335819	0.000396401	0.000462512	0.000514575	0.000575436	0.000642331	0.000702842	0.000758657	0.000825312	0.000897917	0.000987546
476	2.67037E-06	7.09673E-05	0.000135568	0.000195462	0.000253853	0.000313471	0.000369673	0.000430184	0.000478004	0.000534681	0.000598158	0.000651951	0.000706118	0.000768488	0.000836716	0.00092125
477	2.07944E-06	6.67018E-05	0.000126028	0.000181842	0.000237786	0.00029391	0.000346329	0.000402119	0.00044631	0.000499391	0.000559536	0.000606966	0.000660277	0.000718333	0.000783623	0.000863025
478	1.62291E-06	6.29544E-05	0.000117888	0.000169964	0.000223263	0.000276315	0.000325394	0.000377717	0.00041859	0.000468747	0.00052533	0.000567382	0.000620241	0.000673767	0.000737078	0.000811009
479	1.40996E-06	5.95577E-05	0.000111119	0.000159656	0.00020968	0.000259997	0.000306055	0.00035642	0.000394053	0.000441987	0.00049456	0.000532727	0.000585178	0.000633862	0.000695697	0.000763634
480	1.40833E-06	5.64944E-05	0.000105538	0.000150841	0.000197228	0.000245004	0.00028837	0.000337874	0.000372507	0.00041866	0.000467081	0.000502695	0.00055456	0.000598524	0.000659014	0.000720925
481	1.53458E-06	5.37224E-05	0.000100766	0.00014327	0.000186103	0.000231305	0.000272313	0.000321344	0.000353469	0.000397849	0.000442407	0.000476353	0.000527211	0.000567136	0.000625986	0.000682475
482	1.70983E-06	5.13606E-05	9.67246E-05	0.000137125	0.000177062	0.000219566	0.000258675	0.000307056	0.000337512	0.000379839	0.000421381	0.000454202	0.000503543	0.000540784	0.000597455	0.000649931
483	1.85592E-06	4.94397E-05	9.31853E-05	0.000132352	0.00017053	0.000210063	0.000247789	0.000294738	0.000324636	0.00036429	0.000404122	0.000435981	0.000483139	0.000519623	0.000573264	0.000623806
484	1.9404E-06	4.79419E-05	9.00414E-05	0.000128786	0.000166349	0.000202762	0.000239631	0.000284276	0.000314608	0.000351114	0.000390493	0.000421398	0.000465872	0.000503368	0.00055333	0.000603937
485	1.97957E-06	4.67972E-05	8.73181E-05	0.000126133	0.000163734	0.000197299	0.000233801	0.000275732	0.000306947	0.000340491	0.00038008	0.000410133	0.00045192	0.000491263	0.00053765	0.000589438
486	1.99634E-06	4.60356E-05	8.52341E-05	0.000124375	0.000162242	0.000193723	0.00023039	0.000269772	0.000301832	0.000333345	0.000373283	0.000402757	0.000442452	0.000483607	0.000527387	0.000580679
487	2.00459E-06	4.5482E-05	8.36241E-05	0.000122941	0.000160713	0.000191224	0.00022847	0.000265846	0.000298097	0.000329108	0.00036884	0.000398041	0.000436652	0.000478547	0.000521347	0.000575452
488	2.01614E-06	4.50793E-05	8.25151E-05	0.00012163	0.000158626	0.000189516	0.000227676	0.000263931	0.000295406	0.000327778	0.000366389	0.000395705	0.000434524	0.000475492	0.000519367	0.000573025
489	2.02229E-06	4.48094E-05	8.19118E-05	0.000120519	0.000156339	0.000188568	0.00022775	0.000263642	0.000293853	0.000328668	0.000365684	0.00039551	0.000435393	0.000474329	0.000520662	0.000573112
490	2.01017E-06	4.46617E-05	8.1814E-05	0.000119743	0.000154388	0.000188399	0.000228459	0.000264528	0.000293619	0.000330952	0.000366508	0.000397223	0.000438445	0.000475039	0.000524319	0.000575523
491	1.97051E-06	4.47063E-05	8.23697E-05	0.000119649	0.000153582	0.000189369	0.00022998	0.000266614	0.000295414	0.000334412	0.000369303	0.000401336	0.000443669	0.000478465	0.000530383	0.000581106
492	1.89193E-06	4.48544E-05	8.34239E-05	0.000120145	0.000154125	0.000191151	0.000231695	0.000269007	0.000298858	0.000337708	0.000373198	0.000406905	0.000449521	0.000483717	0.000537069	0.000588631
493	1.82467E-06	4.51134E-05	8.48519E-05	0.000121229	0.000155935	0.000193626	0.000233629	0.000271575	0.000303621	0.000340833	0.000377928	0.00041356	0.000455667	0.000490401	0.000544065	0.000597647
494	1.85542E-06	4.55003E-05	8.64551E-05	0.000122819	0.000158575	0.000196589	0.00023595	0.000274367	0.000309077	0.000344248	0.000383194	0.000420843	0.000462046	0.000497903	0.000551395	0.000607547
495	2.07163E-06	4.60325E-05	8.80334E-05	0.000124833	0.000161601	0.000199835	0.000238832	0.000277434	0.000314592	0.000348418	0.0003887	0.000428295	0.000468598	0.000505604	0.000559089	0.000617718
496	2.56144E-06	4.67596E-05	8.94505E-05	0.000127275	0.000164683	0.000203302	0.000242616	0.000281024	0.000319761	0.000354054	0.000394422	0.000435762	0.000475594	0.000513245	0.000567572	0.000627991
497	3.31667E-06	4.76374E-05	9.05658E-05	0.000129926	0.000167453	0.000206709	0.000247081	0.000284951	0.000324045	0.000360867	0.000399909	0.000442675	0.000482558	0.000520202	0.000576343	0.000637547
498	4.17324E-06	4.86032E-05	9.14994E-05	0.000132569	0.00016996	0.000210021	0.000251792	0.00028914	0.000327641	0.000367949	0.000405161	0.000449069	0.00048918	0.000526765	0.000585041	0.000646359
499	4.95134E-06	4.95894E-05	9.23908E-05	0.000134977	0.000172282	0.000213211	0.000256274	0.00029351	0.000330797	0.000374308	0.000410199	0.00045501	0.000495134	0.000533283	0.000593284	0.00065443
500	5.47024E-06	5.05281E-05	9.33801E-05	0.000136922	0.0001745	0.000216251	0.000260052	0.000297979	0.00033376	0.000378944	0.000415041	0.000460562	0.000500092	0.000540103	0.000600684	0.000661767
501	5.58093E-06	5.12348E-05	9.43378E-05	0.000137899	0.00017623	0.000218563	0.000262109	0.000301691	0.000335901	0.00038021	0.000418665	0.000464606	0.000502589	0.000546069	0.000605443	0.000666731
502	5.37591E-06	5.17989E-05	9.53757E-05	0.000138312	0.000177747	0.000220476	0.0002631	0.000304996	0.000337849	0.000379532	0.00042186	0.000467918	0.000503892	0.000551692	0.000608848	0.00067065
503	4.99741E-06	5.22002E-05	9.63249E-05	0.000138313	0.00017886	0.000221772	0.000263189	0.000307474	0.000339342	0.000377796	0.000424383	0.000470088	0.000504174	0.000555942	0.000610818	0.000673223
504	4.58703E-06	5.24185E-05	9.70175E-05	0.000138053	0.00017938	0.000222233	0.000262539	0.000308708	0.000340117	0.000375885	0.000425988	0.00047071	0.000503607	0.000557792	0.000611276	0.00067415
505	4.28118E-06	5.24338E-05	9.72931E-05	0.000137671	0.000179127	0.000221656	0.000261298	0.000308304	0.000339923	0.000374613	0.000426432	0.000469402	0.000502349	0.000556295	0.000610137	0.000673145
506	4.15308E-06	5.22655E-05	9.71694E-05	0.000137206	0.0001782	0.000220186	0.000259647	0.000306423	0.000338856	0.000374158	0.000425774	0.000466482	0.000500716	0.000551997	0.000607711	0.000670599
507	4.2199E-06	5.18514E-05	9.65902E-05	0.000136337	0.000176528	0.000217758	0.000257234	0.000302985	0.000336558	0.000373427	0.000423393	0.000461791	0.000498081	0.000545383	0.000603306	0.000665984
508	4.5011E-06	5.11698E-05	9.55763E-05	0.000134844	0.000174179	0.000214486	0.000253906	0.000298156	0.000332935	0.000371601	0.000418999	0.000455544	0.000494203	0.000537388	0.000596704	0.000659297
509	5.01541E-06	5.01996E-05	9.41484E-05	0.00013251	0.000171223	0.000210479	0.000249513	0.0002921	0.000327894	0.000367866	0.000412305	0.000447953	0.00048884	0.000528938	0.000587686	0.000650532
510	5.71928E-06	4.89799E-05	9.23516E-05	0.000129353	0.000167778	0.000205888	0.000244099	0.000285099	0.000321519	0.000361871	0.000403415	0.000439259	0.000481872	0.000520516	0.000576323	0.000639766
511	6.44446E-06	4.75519E-05	9.00745E-05	0.000125532	0.000163688	0.000200488	0.00023753	0.000277033	0.000313516	0.000353295	0.000392262	0.000428807	0.000472341	0.00051068	0.000561949	0.000625829
512	7.03746E-06	4.61837E-05	8.76197E-05	0.000121817	0.000159548	0.000194972	0.000230784	0.000269062	0.000305045	0.00034351	0.000380632	0.000417892	0.000461451	0.000500217	0.000546505	0.000610405
513	7.33536E-06	4.50306E-05	8.50798E-05	0.000118681	0.000155571	0.000189565	0.000224285	0.000261692	0.000296538	0.000333064	0.000369392	0.000406814	0.000449322	0.000488743	0.00053062	0.000593732
514	7.23091E-06	4.4203E-05	8.25405E-05	0.00011644	0.000151896	0.000184432	0.000218349	0.000255274	0.000288326	0.000322456	0.000359179	0.000395789	0.000436112	0.000475956	0.000514825	0.000576079
515	6.85205E-06	4.36229E-05	8.00607E-05	0.000114735	0.000148347	0.000179491	0.000212848	0.000249504	0.000280334	0.000311974	0.000349687	0.000384701	0.00042216	0.000461894	0.000499239	0.000557858
516	6.38902E-06	4.3164E-05	7.76954E-05	0.00011304	0.000144673	0.000174606	0.000207548	0.000243911	0.000272392	0.000301866	0.000340372	0.000373359	0.00040787	0.000446705	0.00048389	0.00053954
517	6.02954E-06	4.26978E-05	7.54917E-05	0.00011082	0.000140613	0.000169622	0.000202197	0.000238011	0.000264304	0.000292348	0.000330664	0.00036154	0.000393604	0.000430498	0.000468761	0.000521543
518	5.94487E-06	4.21049E-05	7.34924E-05	0.000107608	0.000135943	0.000164411	0.000196567	0.000231368	0.000255905	0.00028361	0.000320072	0.000349073	0.000379713	0.000413433	0.000453856	0.000504266
519	6.13877E-06	4.13355E-05	7.16556E-05	0.000103526	0.000130777	0.000159007	0.000190562	0.000223953	0.00024719	0.000275413	0.000308736	0.000336135	0.00036624	0.000396056	0.000439125	0.000487662
520	6.51146E-06	4.03828E-05	6.98872E-05	9.90662E-05	0.000125436	0.000153545	0.00018417	0.000215981	0.000238252	0.000267252	0.000297187	0.000323119	0.00035304	0.00037915	0.000424483	0.000471409
521	6.9754E-06	3.93132E-05	6.82188E-05	9.48947E-05	0.000120463	0.000148431	0.000177705	0.000208056	0.000229609	0.000259101	0.000286481	0.000310987	0.000340595	0.000364162	0.000410604	0.000456021
522	7.4206E-06	3.80442E-05	6.64254E-05	9.13006E-05	0.000115932	0.000143504	0.000170805	0.000199978	0.000220896	0.000249961	0.000276567	0.000299503	0.000328087	0.000351123	0.000396598	0.000440282
523	7.77341E-06	3.66051E-05	6.44388E-05	8.84059E-05	0.000111951	0.000138781	0.000163579	0.000191899	0.000212207	0.00023978	0.000267509	0.000288763	0.000315533	0.000340051	0.000382446	0.000424087
524	7.9926E-06	3.50708E-05	6.22231E-05	8.58678E-05	0.000108365	0.000134132	0.000156295	0.000183892	0.000203633	0.00022908	0.000258782	0.000278489	0.000303153	0.000329997	0.000368212	0.000407599
525	8.03918E-06	3.3519E-05	5.97446E-05	8.33134E-05	0.000104999	0.000129417	0.000149228	0.000176023	0.000195263	0.000218416	0.000249822	0.00026838	0.000291181	0.000319949	0.000353962	0.000390999
526	7.87731E-06	3.20394E-05	5.69911E-05	8.04013E-05	0.000101718	0.000124543	0.000142707	0.000168422	0.00018726	0.000208423	0.000240158	0.000258231	0.000279954	0.000309019	0.00033989	0.000374609
527	7.5118E-06	3.06905E-05	5.39885E-05	7.69176E-05	9.8355E-05	0.000119387	0.000136837	0.000161069	0.000179599	0.000199372	0.000229417	0.000247749	0.000269435	0.000296488	0.000325927	0.000358451
528	7.0754E-06	2.95284E-05	5.10076E-05	7.31882E-05	9.49099E-05	0.000114053	0.000131484	0.00015398	0.00017223	0.000191096	0.00021808	0.000237043	0.000259278	0.000282872	0.000312139	0.000342677
529	6.72144E-06	2.86066E-05	4.83558E-05	6.96223E-05	9.14028E-05	0.000108674	0.000126466	0.000147159	0.000165087	0.00018334	0.000206752	0.000226273	0.000249073	0.000268869	0.000298593	0.000327439
530	6.60304E-06	2.79786E-05	4.63401E-05	6.66288E-05	8.7854E-05	0.000103385	0.000121601	0.000140614	0.000158102	0.000175849	0.000196041	0.000215598	0.000238405	0.000255175	0.000285357	0.000312887
531	6.83496E-06	2.7666E-05	4.51735E-05	6.45087E-05	8.42646E-05	9.82982E-05	0.000116722	0.00013434	0.00015122	0.000168396	0.000186436	0.000205162	0.000226967	0.000242372	0.000272461	0.000299107
532	7.31784E-06	2.75124E-05	4.45436E-05	6.29592E-05	8.05254E-05	9.34213E-05	0.000111746	0.000128268	0.000144441	0.000160899	0.00017778	0.000195009	0.000215028	0.000230384	0.000259714	0.000285801
533	7.87818E-06	2.72998E-05	4.39562E-05	6.14688E-05	7.64898E-05	8.87238E-05	0.000106616	0.000122307	0.000137785	0.000153325	0.000169689	0.000185157	0.00020306	0.000218908	0.000246853	0.000272545
534	8.34254E-06	2.68106E-05	4.29175E-05	5.95263E-05	7.20114E-05	8.41754E-05	0.000101281	0.000116367	0.000131274	0.000145645	0.000161784	0.000175621	0.000191532	0.000207644	0.000233615	0.000258914
535	8.5504E-06	2.58469E-05	4.09816E-05	5.66684E-05	6.69765E-05	7.97493E-05	9.56962E-05	0.000110368	0.00012492	0.000137832	0.000153703	0.000166407	0.000180874	0.000196314	0.000219778	0.000244524
536	8.49091E-06	2.44385E-05	3.82592E-05	5.29802E-05	6.16421E-05	7.54322E-05	8.99162E-05	0.000104312	0.000118616	0.000129882	0.000145275	0.000157372	0.000170967	0.000184863	0.000205526	0.000229419
537	8.26032E-06	2.27901E-05	3.52667E-05	4.89629E-05	5.65724E-05	7.12951E-05	8.41502E-05	9.83592E-05	0.000112287	0.000121935	0.000136599	0.000148433	0.000161502	0.000173566	0.000191517	0.000214151
538	7.95341E-06	2.10992E-05	3.25109E-05	4.51015E-05	5.23089E-05	6.73791E-05	7.85721E-05	9.26298E-05	0.000105813	0.000114076	0.00012772	0.000139441	0.000152097	0.000162627	0.000178333	0.000199185
539	7.66349E-06	1.95595E-05	3.04839E-05	4.18687E-05	4.93731E-05	6.37218E-05	7.33507E-05	8.72383E-05	9.9076E-05	0.000106392	0.000118684	0.000130251	0.00014238	0.000152243	0.000166533	0.000184975
540	7.44486E-06	1.82723E-05	2.92713E-05	3.93946E-05	4.77113E-05	6.02599E-05	6.85144E-05	8.21368E-05	9.20896E-05	9.8892E-05	0.00010961	0.000120888	0.000132305	0.000142414	0.000156158	0.000171734
541	7.31868E-06	1.72596E-05	2.85347E-05	3.74741E-05	4.66798E-05	5.69072E-05	6.40349E-05	7.72174E-05	8.51556E-05	9.16508E-05	0.000100868	0.000111752	0.000122407	0.000133137	0.000146887	0.00015965
542	7.27927E-06	1.64778E-05	2.78135E-05	3.57508E-05	4.5441E-05	5.33712E-05	5.96488E-05	7.209E-05	7.828E-05	8.44116E-05	9.24718E-05	0.000102853	0.000112804	0.000123924	0.000137849	0.000148332
543	7.33344E-06	1.59155E-05	2.66972E-05	3.39374E-05	4.32389E-05	4.94655E-05	5.52138E-05	6.6509E-05	7.16329E-05	7.70941E-05	8.46318E-05	9.44196E-05	0.000103851	0.000114539	0.000128449	0.000137694
544	7.46469E-06	1.55364E-05	2.49953E-05	3.1884E-05	3.97862E-05	4.51646E-05	5.06711E-05	6.0446E-05	6.53182E-05	6.97553E-05	7.74891E-05	8.65748E-05	9.57168E-05	0.000104912	0.000118406	0.000127606
545	7.61023E-06	1.5255E-05	2.29564E-05	2.97158E-05	3.57302E-05	4.07643E-05	4.61281E-05	5.43049E-05	5.93089E-05	6.27259E-05	7.10487E-05	7.92375E-05	8.81998E-05	9.53008E-05	0.00010806	0.00011785
546	7.69929E-06	1.49754E-05	2.08758E-05	2.7583E-05	3.18223E-05	3.6589E-05	4.17004E-05	4.85285E-05	5.35468E-05	5.6354E-05	6.52808E-05	7.22812E-05	8.10317E-05	8.59797E-05	9.77999E-05	0.000108164
547	7.66527E-06	1.46101E-05	1.90633E-05	2.56535E-05	2.88369E-05	3.29878E-05	3.75304E-05	4.35921E-05	4.80074E-05	5.10249E-05	6.01956E-05	6.56239E-05	7.3993E-05	7.7278E-05	8.80774E-05	9.8355E-05
548	7.47043E-06	1.40949E-05	1.7727E-05	2.40102E-05	2.72523E-05	3.01792E-05	3.37295E-05	3.97913E-05	4.27015E-05	4.69248E-05	5.57275E-05	5.92069E-05	6.69533E-05	6.94302E-05	7.92317E-05	8.83321E-05
549	7.18168E-06	1.34591E-05	1.67565E-05	2.24798E-05	2.65843E-05	2.79843E-05	3.03534E-05	3.68719E-05	3.78216E-05	4.36374E-05	5.16302E-05	5.31325E-05	6.01738E-05	6.24504E-05	7.1335E-05	7.8474E-05
550	6.88808E-06	1.27521E-05	1.59736E-05	2.08349E-05	2.6145E-05	2.61405E-05	2.74459E-05	3.44634E-05	3.35989E-05	4.06185E-05	4.76186E-05	4.75376E-05	5.39991E-05	5.63064E-05	6.44031E-05	6.92589E-05
551	6.67675E-06	1.20191E-05	1.51947E-05	1.88409E-05	2.5236E-05	2.43759E-05	2.50428E-05	3.21834E-05	3.0255E-05	3.73095E-05	4.33923E-05	4.25449E-05	4.87583E-05	5.0949E-05	5.84325E-05	6.11465E-05
552	6.61982E-06	1.13079E-05	1.42771E-05	1.63596E-05	2.33201E-05	2.24874E-05	2.31706E-05	2.97291E-05	2.79537E-05	3.33199E-05	3.87687E-05	3.82775E-05	4.47035E-05	4.63518E-05	5.34193E-05	5.45341E-05
553	6.67712E-06	1.06264E-05	1.32431E-05	1.37036E-05	2.06571E-05	2.05488E-05	2.16949E-05	2.7103E-05	2.63984E-05	2.90313E-05	3.40275E-05	3.46655E-05	4.14363E-05	4.23888E-05	4.90972E-05	4.91886E-05
554	6.7704E-06	9.97018E-06	1.2174E-05	1.13448E-05	1.77861E-05	1.87332E-05	2.04287E-05	2.44177E-05	2.51373E-05	2.50983E-05	2.96149E-05	3.1578E-05	3.83398E-05	3.89068E-05	4.51171E-05	4.4667E-05
555	6.82123E-06	9.33498E-06	1.11515E-05	9.75593E-06	1.52477E-05	1.72143E-05	1.91845E-05	2.1786E-05	2.37176E-05	2.21769E-05	2.59781E-05	2.88838E-05	3.47957E-05	3.57523E-05	4.11293E-05	4.05256E-05
556	6.78059E-06	8.74473E-06	1.02853E-05	9.36783E-06	1.35646E-05	1.61871E-05	1.78495E-05	1.93779E-05	2.18097E-05	2.0885E-05	2.35765E-05	2.65383E-05	3.03768E-05	3.28814E-05	3.69458E-05	3.64762E-05
557	6.6508E-06	8.19925E-06	9.60958E-06	9.93245E-06	1.26585E-05	1.55219E-05	1.64136E-05	1.72495E-05	1.94985E-05	2.08256E-05	2.22211E-05	2.44257E-05	2.54039E-05	3.01894E-05	3.2652E-05	3.24647E-05
558	6.50258E-06	7.74278E-06	9.18741E-06	1.08946E-05	1.22239E-05	1.50193E-05	1.50397E-05	1.55337E-05	1.72396E-05	2.11896E-05	2.15352E-05	2.25707E-05	2.08215E-05	2.77592E-05	2.87383E-05	2.88155E-05
559	6.40802E-06	7.4203E-06	9.08258E-06	1.16885E-05	1.19486E-05	1.44764E-05	1.38943E-05	1.43653E-05	1.5497E-05	2.11528E-05	2.11344E-05	2.09985E-05	1.75919E-05	2.56757E-05	2.57042E-05	2.58599E-05
560	6.43379E-06	7.27143E-06	9.34833E-06	1.17769E-05	1.15322E-05	1.37009E-05	1.31357E-05	1.38621E-05	1.47049E-05	1.99345E-05	2.06415E-05	1.97314E-05	1.66131E-05	2.40184E-05	2.40137E-05	2.39094E-05
561	6.5268E-06	7.21912E-06	9.82995E-06	1.11042E-05	1.08623E-05	1.26504E-05	1.27242E-05	1.38136E-05	1.47081E-05	1.74856E-05	1.97774E-05	1.86691E-05	1.75837E-05	2.2683E-05	2.3421E-05	2.28369E-05
562	6.61193E-06	7.17531E-06	1.03152E-05	1.01182E-05	1.00975E-05	1.15464E-05	1.26069E-05	1.39051E-05	1.50522E-05	1.454E-05	1.8565E-05	1.78275E-05	1.945E-05	2.16796E-05	2.33866E-05	2.2428E-05
563	6.58714E-06	7.02118E-06	1.05532E-05	9.23001E-06	9.35342E-06	1.05568E-05	1.26733E-05	1.37606E-05	1.52128E-05	1.17616E-05	1.69475E-05	1.71388E-05	2.10693E-05	2.09152E-05	2.32589E-05	2.23603E-05
564	6.35503E-06	6.64454E-06	1.03036E-05	8.8358E-06	8.7428E-06	9.84447E-06	1.28144E-05	1.30208E-05	1.46849E-05	9.79642E-06	1.48788E-05	1.6537E-05	2.13371E-05	2.02978E-05	2.24097E-05	2.23178E-05
565	5.92744E-06	6.09131E-06	9.5725E-06	8.99138E-06	8.31398E-06	9.46709E-06	1.29527E-05	1.17164E-05	1.34252E-05	8.87232E-06	1.25827E-05	1.59951E-05	2.00339E-05	1.97568E-05	2.07562E-05	2.21264E-05
566	5.42869E-06	5.57073E-06	8.62046E-06	9.39629E-06	8.04653E-06	9.37021E-06	1.30404E-05	1.0282E-05	1.18677E-05	8.78082E-06	1.05615E-05	1.55238E-05	1.78564E-05	1.92394E-05	1.87788E-05	2.17551E-05
567	4.99067E-06	5.30176E-06	7.72352E-06	9.73802E-06	7.92039E-06	9.49839E-06	1.30369E-05	9.17495E-06	1.04733E-05	9.29704E-06	9.33444E-06	1.51423E-05	1.55519E-05	1.87025E-05	1.6992E-05	2.1189E-05
568	4.74115E-06	5.49588E-06	7.15025E-06	9.70807E-06	7.91332E-06	9.79317E-06	1.28994E-05	8.8397E-06	9.69119E-06	1.01951E-05	9.40338E-06	1.48658E-05	1.3851E-05	1.81004E-05	1.58962E-05	2.04107E-05
569	4.70622E-06	6.13009E-06	6.97532E-06	9.21296E-06	7.98404E-06	1.01495E-05	1.2596E-05	9.33098E-06	9.64253E-06	1.12655E-05	1.07222E-05	1.46895E-05	1.30705E-05	1.74597E-05	1.56459E-05	1.94818E-05
570	4.77334E-06	6.86152E-06	7.00901E-06	8.45232E-06	8.06538E-06	1.03985E-05	1.21106E-05	1.01723E-05	1.00017E-05	1.23204E-05	1.24971E-05	1.45814E-05	1.29634E-05	1.69059E-05	1.59246E-05	1.85714E-05
571	4.82073E-06	7.32594E-06	7.04378E-06	7.64694E-06	8.08919E-06	1.03684E-05	1.14287E-05	1.08514E-05	1.04126E-05	1.31757E-05	1.38841E-05	1.45086E-05	1.32438E-05	1.65725E-05	1.6384E-05	1.78579E-05
572	4.72718E-06	7.16229E-06	6.87318E-06	7.01434E-06	7.98684E-06	9.88781E-06	1.05352E-05	1.08597E-05	1.05217E-05	1.36465E-05	1.40464E-05	1.4436E-05	1.36259E-05	1.6588E-05	1.66764E-05	1.75144E-05
573	4.45912E-06	6.28439E-06	6.43292E-06	6.67631E-06	7.75104E-06	8.96861E-06	9.50538E-06	1.0029E-05	1.02161E-05	1.36618E-05	1.27309E-05	1.4328E-05	1.39386E-05	1.69372E-05	1.66366E-05	1.76063E-05
574	4.13322E-06	5.07886E-06	5.9026E-06	6.58857E-06	7.47906E-06	7.93618E-06	8.56873E-06	8.77618E-06	9.79676E-06	1.33437E-05	1.06882E-05	1.41457E-05	1.42062E-05	1.73541E-05	1.64115E-05	1.80105E-05
575	3.88077E-06	3.97822E-06	5.48554E-06	6.69049E-06	7.27828E-06	7.14617E-06	7.96958E-06	7.57502E-06	9.60492E-06	1.28333E-05	8.76647E-06	1.38501E-05	1.44721E-05	1.75489E-05	1.61787E-05	1.85857E-05
576	3.82808E-06	3.40873E-06	5.37802E-06	6.91418E-06	7.2476E-06	6.9444E-06	7.94192E-06	6.88919E-06	9.96875E-06	1.22583E-05	7.8007E-06	1.33886E-05	1.47638E-05	1.72151E-05	1.60973E-05	1.91705E-05
577	4.02797E-06	3.57666E-06	5.66852E-06	7.20016E-06	7.43128E-06	7.44985E-06	8.544E-06	6.97529E-06	1.10053E-05	1.17582E-05	8.2383E-06	1.28305E-05	1.50954E-05	1.62931E-05	1.62637E-05	1.96923E-05
578	4.35885E-06	4.20805E-06	6.19101E-06	7.46992E-06	7.71972E-06	8.26986E-06	9.4247E-06	7.61676E-06	1.23397E-05	1.14263E-05	9.67139E-06	1.24229E-05	1.53737E-05	1.51395E-05	1.65542E-05	2.01605E-05
579	4.67859E-06	4.97112E-06	6.74937E-06	7.64395E-06	7.98569E-06	8.9511E-06	1.01849E-05	8.54022E-06	1.3539E-05	1.13512E-05	1.15888E-05	1.24355E-05	1.54943E-05	1.41632E-05	1.68202E-05	2.05974E-05
580	4.84624E-06	5.53682E-06	7.1491E-06	7.64348E-06	8.10305E-06	9.04415E-06	1.04288E-05	9.4744E-06	1.41737E-05	1.16207E-05	1.34832E-05	1.31354E-05	1.53538E-05	1.37696E-05	1.69146E-05	2.10249E-05
581	4.80013E-06	5.71481E-06	7.29504E-06	7.46737E-06	8.02369E-06	8.36503E-06	9.99835E-06	1.02297E-05	1.40412E-05	1.22537E-05	1.49902E-05	1.46003E-05	1.49554E-05	1.41857E-05	1.67926E-05	2.15024E-05
582	4.62978E-06	5.60217E-06	7.27115E-06	7.23938E-06	7.82015E-06	7.29983E-06	9.22518E-06	1.07287E-05	1.3367E-05	1.29998E-05	1.59659E-05	1.63281E-05	1.44322E-05	1.50883E-05	1.65142E-05	2.19988E-05
583	4.45944E-06	5.35229E-06	7.2057E-06	7.12141E-06	7.60336E-06	6.3438E-06	8.54098E-06	1.09326E-05	1.2476E-05	1.35961E-05	1.63298E-05	1.776E-05	1.3976E-05	1.61057E-05	1.61975E-05	2.25215E-05
584	4.41339E-06	5.11861E-06	7.22692E-06	7.27529E-06	7.48425E-06	5.9922E-06	8.37744E-06	1.08027E-05	1.16932E-05	1.37799E-05	1.60014E-05	1.83373E-05	1.37784E-05	1.68659E-05	1.59606E-05	2.30774E-05
585	4.55414E-06	5.00787E-06	7.41001E-06	7.75721E-06	7.52508E-06	6.52404E-06	8.96895E-06	1.0378E-05	1.12566E-05	1.34257E-05	1.50262E-05	1.77903E-05	1.39691E-05	1.7137E-05	1.58981E-05	2.36376E-05
586	4.77988E-06	5.00418E-06	7.69342E-06	8.34251E-06	7.66351E-06	7.63144E-06	1.00182E-05	9.92349E-06	1.11784E-05	1.28033E-05	1.38141E-05	1.66678E-05	1.45247E-05	1.70935E-05	1.60596E-05	2.41044E-05
587	4.94805E-06	5.05716E-06	7.97184E-06	8.73655E-06	7.79523E-06	8.88833E-06	1.11122E-05	9.71541E-06	1.14021E-05	1.22139E-05	1.27973E-05	1.56106E-05	1.5358E-05	1.69327E-05	1.64441E-05	2.43025E-05
588	4.92087E-06	5.12261E-06	8.14854E-06	8.65241E-06	7.82485E-06	9.87395E-06	1.18463E-05	1.00451E-05	1.18855E-05	1.19775E-05	1.24304E-05	1.52858E-05	1.63985E-05	1.68741E-05	1.70707E-05	2.40852E-05
589	4.62937E-06	5.17215E-06	8.15472E-06	7.95855E-06	7.70329E-06	1.03092E-05	1.19745E-05	1.10518E-05	1.25408E-05	1.22795E-05	1.29454E-05	1.60685E-05	1.75285E-05	1.70474E-05	1.79119E-05	2.33914E-05
590	4.20951E-06	5.22455E-06	8.00526E-06	6.98657E-06	7.51945E-06	1.03385E-05	1.17242E-05	1.24217E-05	1.31445E-05	1.2903E-05	1.39112E-05	1.7461E-05	1.84907E-05	1.73141E-05	1.8802E-05	2.24159E-05
591	3.84577E-06	5.32131E-06	7.75078E-06	6.17122E-06	7.40747E-06	1.02122E-05	1.14412E-05	1.37916E-05	1.34822E-05	1.35913E-05	1.48111E-05	1.88517E-05	1.90504E-05	1.75314E-05	1.96002E-05	2.14576E-05
592	3.7028E-06	5.47712E-06	7.39986E-06	5.91603E-06	7.4638E-06	1.01279E-05	1.14132E-05	1.47294E-05	1.3267E-05	1.40177E-05	1.5049E-05	1.95304E-05	1.88714E-05	1.74636E-05	2.00649E-05	2.0701E-05
593	3.88508E-06	5.70303E-06	6.98588E-06	6.4672E-06	7.74853E-06	1.02415E-05	1.1828E-05	1.49586E-05	1.24138E-05	1.40117E-05	1.43203E-05	1.9096E-05	1.78352E-05	1.70404E-05	2.00988E-05	2.03279E-05
594	4.27179E-06	5.95708E-06	6.55233E-06	7.51577E-06	8.14654E-06	1.04927E-05	1.24647E-05	1.46032E-05	1.13606E-05	1.37914E-05	1.31222E-05	1.79818E-05	1.6358E-05	1.65663E-05	1.9908E-05	2.03195E-05
595	4.69739E-06	6.18665E-06	6.14518E-06	8.64242E-06	8.50766E-06	1.07794E-05	1.30213E-05	1.38651E-05	1.06512E-05	1.36522E-05	1.21122E-05	1.67866E-05	1.49636E-05	1.64211E-05	1.97598E-05	2.06186E-05
596	4.98541E-06	6.32781E-06	5.80162E-06	9.40549E-06	8.66498E-06	1.09794E-05	1.3169E-05	1.29286E-05	1.08207E-05	1.38715E-05	1.19384E-05	1.60923E-05	1.41608E-05	1.69631E-05	1.98926E-05	2.11319E-05
597	5.04314E-06	6.36199E-06	5.57118E-06	9.54969E-06	8.55561E-06	1.10311E-05	1.27463E-05	1.20075E-05	1.215E-05	1.45954E-05	1.29924E-05	1.62946E-05	1.431E-05	1.83825E-05	2.04864E-05	2.18128E-05
598	4.97599E-06	6.33538E-06	5.46895E-06	9.28256E-06	8.3303E-06	1.0932E-05	1.19433E-05	1.12385E-05	1.40423E-05	1.5423E-05	1.47576E-05	1.70349E-05	1.51513E-05	2.01821E-05	2.13186E-05	2.25227E-05
599	4.92817E-06	6.30836E-06	5.50574E-06	8.90115E-06	8.18296E-06	1.06936E-05	1.10202E-05	1.07492E-05	1.57368E-05	1.58534E-05	1.65497E-05	1.78173E-05	1.63132E-05	2.17392E-05	2.20963E-05	2.3111E-05
600	5.0452E-06	6.34186E-06	5.69241E-06	8.7053E-06	8.30932E-06	1.03277E-05	1.02398E-05	1.06684E-05	1.64657E-05	1.53812E-05	1.76777E-05	1.81417E-05	1.74204E-05	2.2425E-05	2.25242E-05	2.34256E-05
601	5.38405E-06	6.45525E-06	6.00419E-06	8.86315E-06	8.78183E-06	9.8623E-06	9.77444E-06	1.1024E-05	1.57648E-05	1.37582E-05	1.76913E-05	1.7685E-05	1.81388E-05	2.18572E-05	2.23651E-05	2.33018E-05
602	5.82035E-06	6.63171E-06	6.39045E-06	9.28354E-06	9.43642E-06	9.49352E-06	9.66488E-06	1.16974E-05	1.42207E-05	1.16347E-05	1.70354E-05	1.68441E-05	1.84766E-05	2.06182E-05	2.1827E-05	2.28341E-05
603	6.18197E-06	6.82634E-06	6.777E-06	9.80081E-06	1.00407E-05	9.40892E-06	9.89199E-06	1.25083E-05	1.25411E-05	9.75633E-06	1.62467E-05	1.60743E-05	1.84417E-05	1.93758E-05	2.11156E-05	2.20794E-05
604	6.29714E-06	6.99429E-06	7.08981E-06	1.02495E-05	1.03627E-05	9.79546E-06	1.04365E-05	1.32764E-05	1.14322E-05	8.86759E-06	1.58609E-05	1.58301E-05	1.80424E-05	1.87966E-05	2.04361E-05	2.10949E-05
605	6.07897E-06	7.09993E-06	7.29437E-06	1.05165E-05	1.02711E-05	1.06834E-05	1.12279E-05	1.3834E-05	1.13254E-05	9.33658E-06	1.61508E-05	1.6323E-05	1.73329E-05	1.91737E-05	1.99379E-05	1.99837E-05
606	5.64723E-06	7.13092E-06	7.45303E-06	1.06165E-05	9.87973E-06	1.17244E-05	1.20727E-05	1.40458E-05	1.19855E-05	1.06203E-05	1.67531E-05	1.71778E-05	1.64815E-05	1.98972E-05	1.9637E-05	1.8963E-05
607	5.15064E-06	7.07632E-06	7.64047E-06	1.05804E-05	9.33608E-06	1.25109E-05	1.2756E-05	1.3777E-05	1.30756E-05	1.20377E-05	1.72059E-05	1.79275E-05	1.56686E-05	2.02175E-05	1.95242E-05	1.82612E-05
608	4.73844E-06	6.92634E-06	7.93178E-06	1.04404E-05	8.7888E-06	1.26382E-05	1.3065E-05	1.28959E-05	1.42603E-05	1.29114E-05	1.70509E-05	1.81088E-05	1.50766E-05	1.9391E-05	1.95926E-05	1.81085E-05
609	4.5107E-06	6.70256E-06	8.32411E-06	1.02211E-05	8.36386E-06	1.19706E-05	1.29139E-05	1.14599E-05	1.5238E-05	1.29281E-05	1.61322E-05	1.75327E-05	1.48088E-05	1.72266E-05	1.98125E-05	1.85743E-05
610	4.46571E-06	6.49155E-06	8.65329E-06	9.93179E-06	8.14029E-06	1.09294E-05	1.24792E-05	9.91747E-06	1.57765E-05	1.25289E-05	1.49194E-05	1.65771E-05	1.4806E-05	1.46759E-05	2.01067E-05	1.93954E-05
611	4.58098E-06	6.37653E-06	8.71957E-06	9.56261E-06	8.1767E-06	9.98688E-06	1.19486E-05	8.7501E-06	1.56245E-05	1.22261E-05	1.39346E-05	1.56626E-05	1.49618E-05	1.28092E-05	2.03556E-05	2.02314E-05
612	4.84899E-06	6.46205E-06	8.35826E-06	9.13985E-06	8.55824E-06	9.64793E-06	1.15526E-05	8.46677E-06	1.45942E-05	1.257E-05	1.37455E-05	1.52634E-05	1.52228E-05	1.27332E-05	2.05131E-05	2.08135E-05
613	5.22221E-06	6.74847E-06	7.5927E-06	8.69804E-06	9.25276E-06	1.00643E-05	1.13758E-05	9.18918E-06	1.27832E-05	1.36999E-05	1.4512E-05	1.55556E-05	1.55265E-05	1.47436E-05	2.05952E-05	2.09792E-05
614	5.5992E-06	7.08143E-06	6.78727E-06	8.31656E-06	1.00561E-05	1.0831E-05	1.1298E-05	1.04234E-05	1.08155E-05	1.51056E-05	1.57575E-05	1.62672E-05	1.58397E-05	1.78269E-05	2.07816E-05	2.07989E-05
615	5.874E-06	7.29266E-06	6.33678E-06	8.07855E-06	1.07487E-05	1.1492E-05	1.11798E-05	1.16194E-05	9.36169E-06	1.62172E-05	1.69476E-05	1.70849E-05	1.61322E-05	2.08505E-05	2.12668E-05	2.03651E-05
616	5.93115E-06	7.20374E-06	6.61066E-06	8.0473E-06	1.10936E-05	1.15785E-05	1.08637E-05	1.22143E-05	9.05503E-06	1.6445E-05	1.75227E-05	1.76636E-05	1.63396E-05	2.26594E-05	2.21893E-05	1.97283E-05
617	5.77827E-06	6.83208E-06	7.64076E-06	8.22399E-06	1.108E-05	1.10188E-05	1.03948E-05	1.20687E-05	1.00096E-05	1.57123E-05	1.73418E-05	1.78652E-05	1.64748E-05	2.29279E-05	2.34717E-05	1.90497E-05
618	5.53919E-06	6.39555E-06	8.96877E-06	8.46657E-06	1.09122E-05	1.01738E-05	9.99839E-06	1.15114E-05	1.15868E-05	1.44915E-05	1.66841E-05	1.76942E-05	1.65286E-05	2.22619E-05	2.45917E-05	1.84768E-05
619	5.34473E-06	6.12372E-06	1.01103E-05	8.62639E-06	1.08075E-05	9.43069E-06	9.91032E-06	1.08999E-05	1.31071E-05	1.32879E-05	1.58557E-05	1.71666E-05	1.64923E-05	2.13253E-05	2.50069E-05	1.81572E-05
620	5.31884E-06	6.23318E-06	1.0603E-05	8.56261E-06	1.097E-05	9.1578E-06	1.03511E-05	1.05754E-05	1.39236E-05	1.2584E-05	1.51533E-05	1.63062E-05	1.63609E-05	2.07523E-05	2.42113E-05	1.82312E-05
621	5.47515E-06	6.72278E-06	1.03504E-05	8.27768E-06	1.13784E-05	9.42376E-06	1.12747E-05	1.06318E-05	1.39395E-05	1.25181E-05	1.47665E-05	1.5338E-05	1.62256E-05	2.07425E-05	2.24023E-05	1.87416E-05
622	5.69725E-06	7.35057E-06	9.57993E-06	7.88462E-06	1.17442E-05	9.96448E-06	1.23293E-05	1.08765E-05	1.35533E-05	1.28387E-05	1.4723E-05	1.4628E-05	1.62125E-05	2.09842E-05	2.03878E-05	1.9565E-05
623	5.87135E-06	7.87464E-06	8.54494E-06	7.51202E-06	1.17849E-05	1.05165E-05	1.31668E-05	1.1121E-05	1.3199E-05	1.32975E-05	1.50646E-05	1.45683E-05	1.64705E-05	2.11751E-05	1.90296E-05	2.05968E-05
624	5.89027E-06	8.06706E-06	7.49118E-06	7.28175E-06	1.12466E-05	1.08345E-05	1.3467E-05	1.11955E-05	1.32787E-05	1.36605E-05	1.58208E-05	1.55007E-05	1.7128E-05	2.10423E-05	1.91137E-05	2.17311E-05
625	5.72454E-06	7.86547E-06	6.59096E-06	7.23798E-06	1.02388E-05	1.08938E-05	1.32617E-05	1.11668E-05	1.37945E-05	1.38649E-05	1.68541E-05	1.71109E-05	1.80461E-05	2.06839E-05	2.04799E-05	2.28326E-05
626	5.40813E-06	7.33753E-06	5.96972E-06	7.37692E-06	9.14759E-06	1.08447E-05	1.28552E-05	1.12879E-05	1.4474E-05	1.39899E-05	1.7927E-05	1.86285E-05	1.89137E-05	2.04942E-05	2.23038E-05	2.37735E-05
627	4.9618E-06	6.53331E-06	5.73535E-06	7.67634E-06	8.33755E-06	1.0813E-05	1.25228E-05	1.17876E-05	1.5007E-05	1.40828E-05	1.87601E-05	1.92358E-05	1.93733E-05	2.08211E-05	2.37021E-05	2.43709E-05
628	4.4206E-06	5.52938E-06	5.98006E-06	8.11642E-06	8.13843E-06	1.09227E-05	1.25185E-05	1.28583E-05	1.51399E-05	1.42053E-05	1.9126E-05	1.82786E-05	1.91514E-05	2.19596E-05	2.39316E-05	2.45016E-05
629	3.88201E-06	4.54863E-06	6.58599E-06	8.62094E-06	8.47707E-06	1.11733E-05	1.27798E-05	1.4274E-05	1.49563E-05	1.43968E-05	1.90699E-05	1.63189E-05	1.85034E-05	2.3543E-05	2.32224E-05	2.43273E-05
630	3.47508E-06	3.88787E-06	7.3286E-06	9.08517E-06	9.0753E-06	1.15003E-05	1.30837E-05	1.55958E-05	1.47114E-05	1.46858E-05	1.87758E-05	1.45365E-05	1.79537E-05	2.48683E-05	2.22997E-05	2.41542E-05
631	3.33352E-06	3.8489E-06	7.99586E-06	9.41902E-06	9.66946E-06	1.18574E-05	1.3227E-05	1.64103E-05	1.46831E-05	1.51236E-05	1.8456E-05	1.41321E-05	1.80538E-05	2.5272E-05	2.19224E-05	2.43253E-05
632	3.53959E-06	4.61673E-06	8.39287E-06	9.52295E-06	1.00167E-05	1.21714E-05	1.30179E-05	1.63687E-05	1.50436E-05	1.5696E-05	1.82473E-05	1.59447E-05	1.91492E-05	2.42067E-05	2.26154E-05	2.50326E-05
633	3.96079E-06	5.81681E-06	8.54468E-06	9.40931E-06	1.01437E-05	1.24303E-05	1.25582E-05	1.57461E-05	1.56642E-05	1.63004E-05	1.82236E-05	1.91372E-05	2.08044E-05	2.21937E-05	2.40533E-05	2.60931E-05
634	4.39108E-06	6.88586E-06	8.54621E-06	9.12333E-06	1.01624E-05	1.26366E-05	1.20411E-05	1.50184E-05	1.63086E-05	1.67973E-05	1.84274E-05	2.23064E-05	2.23141E-05	2.00984E-05	2.56156E-05	2.71865E-05
635	4.62418E-06	7.25996E-06	8.49252E-06	8.71031E-06	1.01848E-05	1.27929E-05	1.16599E-05	1.46616E-05	1.674E-05	1.7047E-05	1.89018E-05	2.4047E-05	2.29723E-05	1.87872E-05	2.66812E-05	2.79922E-05
636	4.53972E-06	6.63249E-06	8.48225E-06	8.24263E-06	1.03182E-05	1.29264E-05	1.15839E-05	1.50098E-05	1.68321E-05	1.70203E-05	1.96787E-05	2.35536E-05	2.24306E-05	1.88838E-05	2.69317E-05	2.8374E-05
637	4.24027E-06	5.44418E-06	8.52699E-06	7.78198E-06	1.0535E-05	1.29944E-05	1.177E-05	1.57654E-05	1.66181E-05	1.68452E-05	2.05295E-05	2.16718E-05	2.12283E-05	2.00139E-05	2.67112E-05	2.84622E-05
638	3.88873E-06	4.31383E-06	8.64761E-06	7.41673E-06	1.08121E-05	1.29791E-05	1.21693E-05	1.65473E-05	1.62158E-05	1.67363E-05	2.12294E-05	1.96626E-05	2.01608E-05	2.16587E-05	2.65829E-05	2.85284E-05
639	3.64894E-06	3.86323E-06	8.86466E-06	7.23585E-06	1.11258E-05	1.2863E-05	1.27318E-05	1.69718E-05	1.57442E-05	1.69088E-05	2.15522E-05	1.87939E-05	2.00271E-05	2.32958E-05	2.71124E-05	2.88456E-05
640	3.60735E-06	4.35777E-06	9.13846E-06	7.29107E-06	1.14326E-05	1.26707E-05	1.33721E-05	1.68425E-05	1.53482E-05	1.74208E-05	2.1403E-05	1.96592E-05	2.11403E-05	2.4574E-05	2.84713E-05	2.95311E-05
641	3.69859E-06	5.3705E-06	9.30915E-06	7.55832E-06	1.16455E-05	1.25011E-05	1.393E-05	1.63174E-05	1.52139E-05	1.80193E-05	2.09309E-05	2.1537E-05	2.28628E-05	2.54641E-05	3.0056E-05	3.0386E-05
642	3.84304E-06	6.39642E-06	9.21125E-06	8.01187E-06	1.16833E-05	1.24754E-05	1.42495E-05	1.56136E-05	1.55486E-05	1.8431E-05	2.03356E-05	2.35693E-05	2.44646E-05	2.59981E-05	3.11983E-05	3.12035E-05
643	3.95926E-06	6.93688E-06	8.68174E-06	8.61981E-06	1.14637E-05	1.27048E-05	1.41741E-05	1.49395E-05	1.65428E-05	1.83822E-05	1.98067E-05	2.49014E-05	2.52221E-05	2.62016E-05	3.12333E-05	3.17648E-05
644	3.98112E-06	6.84023E-06	7.78572E-06	9.27932E-06	1.10322E-05	1.31713E-05	1.37537E-05	1.44439E-05	1.80691E-05	1.78758E-05	1.9494E-05	2.52169E-05	2.50352E-05	2.62251E-05	3.00935E-05	3.19431E-05
645	3.85992E-06	6.34712E-06	6.84596E-06	9.80743E-06	1.05793E-05	1.3711E-05	1.32714E-05	1.42079E-05	1.96413E-05	1.72272E-05	1.95022E-05	2.4808E-05	2.45074E-05	2.63603E-05	2.83877E-05	3.17156E-05
646	3.54696E-06	5.72016E-06	6.2006E-06	1.00141E-05	1.03033E-05	1.41487E-05	1.30226E-05	1.43075E-05	2.07472E-05	1.67685E-05	1.99313E-05	2.3998E-05	2.42814E-05	2.69049E-05	2.67615E-05	3.10603E-05
647	3.00897E-06	5.21404E-06	6.16003E-06	9.73383E-06	1.03859E-05	1.43246E-05	1.32763E-05	1.48052E-05	2.09321E-05	1.68136E-05	2.08619E-05	2.31116E-05	2.4941E-05	2.81205E-05	2.58344E-05	2.99974E-05
648	2.37859E-06	4.94895E-06	6.66725E-06	9.06343E-06	1.07698E-05	1.42214E-05	1.39246E-05	1.55544E-05	2.03701E-05	1.73815E-05	2.20753E-05	2.23739E-05	2.62627E-05	2.97467E-05	2.57794E-05	2.89168E-05
649	1.89556E-06	4.95985E-06	7.43037E-06	8.26882E-06	1.12448E-05	1.3914E-05	1.46196E-05	1.62753E-05	1.96403E-05	1.83039E-05	2.31624E-05	2.19492E-05	2.75077E-05	3.11898E-05	2.6486E-05	2.84495E-05
650	1.80314E-06	5.28061E-06	8.15152E-06	7.62068E-06	1.1597E-05	1.34795E-05	1.50069E-05	1.66839E-05	1.93327E-05	1.94085E-05	2.3708E-05	2.20021E-05	2.79231E-05	3.18461E-05	2.78386E-05	2.92354E-05
651	2.2723E-06	5.9072E-06	8.58301E-06	7.34957E-06	1.16549E-05	1.2996E-05	1.48245E-05	1.65725E-05	1.99013E-05	2.05217E-05	2.34056E-05	2.26299E-05	2.69535E-05	3.12753E-05	2.96712E-05	3.16856E-05
652	3.07593E-06	6.62503E-06	8.74672E-06	7.45364E-06	1.1469E-05	1.25294E-05	1.43007E-05	1.61333E-05	2.10278E-05	2.14472E-05	2.25199E-05	2.35381E-05	2.50961E-05	2.98952E-05	3.152E-05	3.49304E-05
653	3.85228E-06	7.14875E-06	8.75723E-06	7.85493E-06	1.11675E-05	1.21455E-05	1.38341E-05	1.56983E-05	2.21374E-05	2.1985E-05	2.15147E-05	2.43045E-05	2.32118E-05	2.84229E-05	3.28249E-05	3.76718E-05
654	4.23682E-06	7.19097E-06	8.73004E-06	8.47471E-06	1.08798E-05	1.19105E-05	1.38262E-05	1.56019E-05	2.2651E-05	2.19333E-05	2.08576E-05	2.45039E-05	2.21684E-05	2.7581E-05	3.30222E-05	3.86024E-05
655	4.03012E-06	6.62214E-06	8.73372E-06	9.19878E-06	1.06854E-05	1.18673E-05	1.44587E-05	1.60097E-05	2.21952E-05	2.12414E-05	2.08274E-05	2.39102E-05	2.24898E-05	2.77459E-05	3.192E-05	3.71011E-05
656	3.45483E-06	5.70996E-06	8.6934E-06	9.79911E-06	1.05088E-05	1.19689E-05	1.53055E-05	1.66071E-05	2.08845E-05	2.02005E-05	2.11596E-05	2.27629E-05	2.37457E-05	2.83253E-05	3.02211E-05	3.42524E-05
657	2.82354E-06	4.82127E-06	8.55648E-06	1.00773E-05	1.03047E-05	1.22146E-05	1.59166E-05	1.70843E-05	1.90291E-05	1.92677E-05	2.16082E-05	2.15011E-05	2.54649E-05	2.87122E-05	2.89389E-05	3.16109E-05
658	2.43327E-06	4.29908E-06	8.2517E-06	9.82103E-06	1.00043E-05	1.2574E-05	1.58209E-05	1.71019E-05	1.68891E-05	1.8839E-05	2.18829E-05	2.05003E-05	2.71272E-05	2.82512E-05	2.89848E-05	3.06068E-05
659	2.39747E-06	4.26063E-06	7.78532E-06	9.0435E-06	9.63504E-06	1.29842E-05	1.49647E-05	1.6578E-05	1.48712E-05	1.90077E-05	2.18699E-05	1.9962E-05	2.83386E-05	2.68821E-05	3.04783E-05	3.15734E-05
660	2.59962E-06	4.5403E-06	7.26073E-06	8.04002E-06	9.34442E-06	1.33409E-05	1.3817E-05	1.57539E-05	1.35661E-05	1.94879E-05	2.16774E-05	1.98702E-05	2.88622E-05	2.52901E-05	3.25472E-05	3.34696E-05
661	2.90501E-06	4.94835E-06	6.77854E-06	7.11427E-06	9.27551E-06	1.35201E-05	1.28626E-05	1.48714E-05	1.35582E-05	1.99443E-05	2.13996E-05	2.01692E-05	2.8435E-05	2.41759E-05	3.42131E-05	3.51226E-05
662	3.19108E-06	5.31478E-06	6.44859E-06	6.5672E-06	9.56893E-06	1.34431E-05	1.25675E-05	1.41959E-05	1.53532E-05	2.0114E-05	2.11777E-05	2.08378E-05	2.69223E-05	2.42202E-05	3.46667E-05	3.55448E-05
663	3.38856E-06	5.54676E-06	6.27332E-06	6.45006E-06	1.00808E-05	1.3125E-05	1.2818E-05	1.37914E-05	1.8285E-05	1.99315E-05	2.10277E-05	2.16621E-05	2.46931E-05	2.52014E-05	3.39207E-05	3.47087E-05
664	3.46211E-06	5.60124E-06	6.19679E-06	6.67124E-06	1.05045E-05	1.26467E-05	1.3165E-05	1.36136E-05	2.09983E-05	1.9465E-05	2.0908E-05	2.23284E-05	2.24391E-05	2.63783E-05	3.25041E-05	3.31869E-05
665	3.37713E-06	5.43614E-06	6.16263E-06	7.13778E-06	1.0533E-05	1.20895E-05	1.31572E-05	1.36174E-05	2.21364E-05	1.87842E-05	2.07762E-05	2.25236E-05	2.08525E-05	2.70071E-05	3.09498E-05	3.15571E-05
666	3.12861E-06	5.05704E-06	6.13889E-06	7.76561E-06	9.97293E-06	1.15478E-05	1.25091E-05	1.37732E-05	2.08166E-05	1.80025E-05	2.06209E-05	2.20614E-05	2.04589E-05	2.65825E-05	2.97229E-05	3.03392E-05
667	2.80354E-06	4.61763E-06	6.13527E-06	8.43309E-06	8.99915E-06	1.10576E-05	1.14937E-05	1.39844E-05	1.78998E-05	1.72413E-05	2.03572E-05	2.10625E-05	2.09049E-05	2.5322E-05	2.87246E-05	2.95292E-05
668	2.52134E-06	4.32391E-06	6.18711E-06	9.02484E-06	7.90877E-06	1.067E-05	1.05622E-05	1.41688E-05	1.47564E-05	1.66705E-05	1.99314E-05	1.9782E-05	2.16587E-05	2.36961E-05	2.77847E-05	2.90634E-05
669	2.4004E-06	4.37973E-06	6.32904E-06	9.42588E-06	6.99736E-06	1.04351E-05	1.01625E-05	1.42449E-05	1.27478E-05	1.64582E-05	1.92901E-05	1.84746E-05	2.21908E-05	2.2174E-05	2.67343E-05	2.88774E-05
670	2.4762E-06	4.81671E-06	6.53548E-06	9.55344E-06	6.43924E-06	1.03437E-05	1.04752E-05	1.41734E-05	1.24959E-05	1.66298E-05	1.84346E-05	1.73659E-05	2.21869E-05	2.10893E-05	2.55138E-05	2.88391E-05
671	2.63691E-06	5.3607E-06	6.66703E-06	9.36669E-06	6.18988E-06	1.02694E-05	1.1202E-05	1.39674E-05	1.33241E-05	1.69397E-05	1.74347E-05	1.66066E-05	2.16722E-05	2.05114E-05	2.42165E-05	2.86577E-05
672	2.76384E-06	5.72266E-06	6.5938E-06	8.85945E-06	6.20214E-06	1.01063E-05	1.20292E-05	1.36892E-05	1.4465E-05	1.71669E-05	1.64237E-05	1.6392E-05	2.07752E-05	2.05467E-05	2.30293E-05	2.81165E-05
673	2.74496E-06	5.63148E-06	6.19191E-06	8.02028E-06	6.41829E-06	9.74683E-06	1.26461E-05	1.33793E-05	1.51739E-05	1.70833E-05	1.55039E-05	1.68634E-05	1.95975E-05	2.12417E-05	2.20951E-05	2.69864E-05
674	2.60177E-06	5.13465E-06	5.54217E-06	6.95784E-06	6.77301E-06	9.2682E-06	1.29668E-05	1.30724E-05	1.52338E-05	1.66853E-05	1.47435E-05	1.78009E-05	1.83295E-05	2.22645E-05	2.15024E-05	2.54385E-05
675	2.45341E-06	4.51284E-06	4.87501E-06	5.8685E-06	7.19548E-06	8.88274E-06	1.30706E-05	1.27983E-05	1.48143E-05	1.61336E-05	1.41865E-05	1.87209E-05	1.72255E-05	2.30074E-05	2.12996E-05	2.39362E-05
676	2.41777E-06	4.0457E-06	4.41779E-06	4.94368E-06	7.60614E-06	8.79421E-06	1.30246E-05	1.25718E-05	1.40758E-05	1.5573E-05	1.38593E-05	1.91135E-05	1.65207E-05	2.28325E-05	2.15085E-05	2.29201E-05
677	2.58416E-06	3.94888E-06	4.34897E-06	4.35979E-06	7.95265E-06	9.1553E-06	1.28955E-05	1.241E-05	1.32117E-05	1.5143E-05	1.37894E-05	1.86534E-05	1.63918E-05	2.13941E-05	2.21523E-05	2.27474E-05
678	2.88662E-06	4.10104E-06	4.5736E-06	4.16029E-06	8.21872E-06	9.78779E-06	1.2592E-05	1.2188E-05	1.2387E-05	1.47686E-05	1.38417E-05	1.76127E-05	1.6553E-05	1.93752E-05	2.30105E-05	2.31241E-05
679	3.21676E-06	4.2884E-06	4.92214E-06	4.35314E-06	8.40063E-06	1.04246E-05	1.19836E-05	1.17462E-05	1.17622E-05	1.43201E-05	1.38411E-05	1.6436E-05	1.65963E-05	1.77516E-05	2.3803E-05	2.35833E-05
680	3.46779E-06	4.30134E-06	5.22757E-06	4.9448E-06	8.49464E-06	1.08035E-05	1.09438E-05	1.09291E-05	1.14949E-05	1.36712E-05	1.36159E-05	1.55601E-05	1.61225E-05	1.7478E-05	2.42537E-05	2.36665E-05
681	3.58276E-06	4.08719E-06	5.39737E-06	5.86428E-06	8.52808E-06	1.08545E-05	9.58786E-06	9.79918E-06	1.16779E-05	1.28844E-05	1.31568E-05	1.52444E-05	1.51173E-05	1.88136E-05	2.42837E-05	2.32555E-05
682	3.53511E-06	3.78956E-06	5.38436E-06	6.839E-06	8.45913E-06	1.06673E-05	8.28255E-06	8.62945E-06	1.21391E-05	1.21445E-05	1.25302E-05	1.52475E-05	1.39745E-05	2.06343E-05	2.37907E-05	2.24553E-05
683	3.31602E-06	3.59106E-06	5.16828E-06	7.59626E-06	8.27796E-06	1.03957E-05	7.47445E-06	7.76744E-06	1.2734E-05	1.17138E-05	1.18739E-05	1.53539E-05	1.32043E-05	2.17608E-05	2.27799E-05	2.1501E-05
684	2.92521E-06	3.65485E-06	4.7419E-06	7.88569E-06	7.97832E-06	1.01806E-05	7.56168E-06	7.53203E-06	1.33182E-05	1.18219E-05	1.1321E-05	1.53632E-05	1.32639E-05	2.11281E-05	2.12784E-05	2.06253E-05
685	2.45788E-06	3.91737E-06	4.24452E-06	7.72016E-06	7.59435E-06	1.00153E-05	8.37816E-06	7.90399E-06	1.37537E-05	1.2314E-05	1.09483E-05	1.5249E-05	1.39918E-05	1.90109E-05	1.95575E-05	2.00215E-05
686	2.07274E-06	4.1786E-06	3.91397E-06	7.28943E-06	7.19663E-06	9.81479E-06	9.4166E-06	8.66443E-06	1.39275E-05	1.28129E-05	1.08139E-05	1.51179E-05	1.48599E-05	1.6553E-05	1.80706E-05	1.98889E-05
687	1.92341E-06	4.2227E-06	3.97891E-06	6.76288E-06	6.83339E-06	9.46105E-06	1.01352E-05	9.56635E-06	1.36829E-05	1.28969E-05	1.09426E-05	1.5032E-05	1.52869E-05	1.4861E-05	1.72177E-05	2.03678E-05
688	2.09628E-06	3.93977E-06	4.55914E-06	6.2903E-06	6.5504E-06	8.90395E-06	1.01767E-05	1.0424E-05	1.29492E-05	1.23158E-05	1.13413E-05	1.50241E-05	1.49238E-05	1.46951E-05	1.72591E-05	2.14822E-05
689	2.43403E-06	3.56115E-06	5.38029E-06	5.9113E-06	6.34305E-06	8.27096E-06	9.7771E-06	1.12241E-05	1.18797E-05	1.13432E-05	1.18966E-05	1.49475E-05	1.41442E-05	1.55197E-05	1.78684E-05	2.27566E-05
690	2.72658E-06	3.39206E-06	6.08256E-06	5.64261E-06	6.19611E-06	7.72805E-06	9.29911E-06	1.19897E-05	1.0676E-05	1.03657E-05	1.24688E-05	1.46165E-05	1.34775E-05	1.65214E-05	1.85926E-05	2.36063E-05
691	2.76933E-06	3.73069E-06	6.31747E-06	5.50392E-06	6.09791E-06	7.44256E-06	9.10258E-06	1.2748E-05	9.5469E-06	9.76969E-06	1.29262E-05	1.38631E-05	1.34487E-05	1.69088E-05	1.89958E-05	2.34727E-05
692	2.52623E-06	4.52342E-06	6.05562E-06	5.49902E-06	6.03835E-06	7.44265E-06	9.20053E-06	1.34241E-05	8.67165E-06	9.65767E-06	1.31755E-05	1.28301E-05	1.4081E-05	1.64586E-05	1.89242E-05	2.23153E-05
693	2.15626E-06	5.32608E-06	5.63827E-06	5.62408E-06	6.0204E-06	7.61392E-06	9.23237E-06	1.38492E-05	8.21648E-06	9.83157E-06	1.31899E-05	1.20378E-05	1.48566E-05	1.56183E-05	1.85764E-05	2.07205E-05
694	1.83069E-06	5.668E-06	5.43054E-06	5.87468E-06	6.04758E-06	7.83269E-06	8.81278E-06	1.38473E-05	8.34875E-06	1.00745E-05	1.29457E-05	1.20329E-05	1.52218E-05	1.48759E-05	1.81718E-05	1.93148E-05
695	1.69612E-06	5.17732E-06	5.72271E-06	6.21977E-06	6.11898E-06	7.98114E-06	7.66101E-06	1.32788E-05	9.16996E-06	1.02059E-05	1.24336E-05	1.32015E-05	1.47485E-05	1.46426E-05	1.78817E-05	1.86096E-05
696	1.74343E-06	4.09873E-06	6.3439E-06	6.47616E-06	6.21139E-06	7.98946E-06	6.14259E-06	1.224E-05	1.03892E-05	1.02802E-05	1.17423E-05	1.49582E-05	1.37939E-05	1.48527E-05	1.75913E-05	1.84072E-05
697	1.90338E-06	2.89886E-06	6.94221E-06	6.39265E-06	6.2836E-06	7.79224E-06	4.85367E-06	1.08943E-05	1.15535E-05	1.04234E-05	1.09778E-05	1.63315E-05	1.29864E-05	1.5241E-05	1.70512E-05	1.82174E-05
698	2.10704E-06	2.05287E-06	7.16549E-06	5.72155E-06	6.29776E-06	7.32942E-06	4.40117E-06	9.41716E-06	1.22109E-05	1.07688E-05	1.02564E-05	1.63506E-05	1.2968E-05	1.55493E-05	1.60237E-05	1.7559E-05
699	2.30968E-06	1.79398E-06	6.82498E-06	4.50858E-06	6.22033E-06	6.63347E-06	4.99416E-06	7.99896E-06	1.21649E-05	1.13132E-05	9.7002E-06	1.4714E-05	1.38698E-05	1.56303E-05	1.45601E-05	1.62954E-05
700	2.50873E-06	1.93603E-06	6.01543E-06	3.30414E-06	6.0256E-06	5.89576E-06	6.15424E-06	6.85318E-06	1.16606E-05	1.18193E-05	9.43917E-06	1.22768E-05	1.49414E-05	1.55301E-05	1.32098E-05	1.48849E-05
701	2.7112E-06	2.25341E-06	4.87072E-06	2.72206E-06	5.69972E-06	5.33699E-06	7.34306E-06	6.21141E-06	1.10126E-05	1.20474E-05	9.62558E-06	1.00412E-05	1.53651E-05	1.53452E-05	1.26047E-05	1.38796E-05
702	2.90742E-06	2.52419E-06	3.51997E-06	3.2816E-06	5.21743E-06	5.13207E-06	8.03929E-06	6.23869E-06	1.0479E-05	1.17449E-05	1.03376E-05	8.87821E-06	1.43758E-05	1.51099E-05	1.32442E-05	1.37171E-05
703	3.03336E-06	2.66381E-06	2.2732E-06	4.6629E-06	4.68998E-06	5.23194E-06	8.19419E-06	6.71415E-06	1.0218E-05	1.1044E-05	1.13119E-05	8.79461E-06	1.24045E-05	1.48839E-05	1.48215E-05	1.42822E-05
704	2.99234E-06	2.65892E-06	1.53444E-06	6.0845E-06	4.29695E-06	5.45896E-06	8.00812E-06	7.19736E-06	1.03221E-05	1.02743E-05	1.20876E-05	9.31484E-06	1.05184E-05	1.47248E-05	1.65755E-05	1.51429E-05
705	2.6855E-06	2.49667E-06	1.71721E-06	6.74305E-06	4.22258E-06	5.63017E-06	7.68854E-06	7.23612E-06	1.08848E-05	9.77454E-06	1.21917E-05	9.9479E-06	9.81408E-06	1.46911E-05	1.77235E-05	1.58541E-05
706	2.12406E-06	2.21338E-06	2.91284E-06	6.23126E-06	4.54665E-06	5.62272E-06	7.39754E-06	6.63686E-06	1.1803E-05	9.72378E-06	1.14263E-05	1.03778E-05	1.0791E-05	1.47585E-05	1.78092E-05	1.61041E-05
707	1.58435E-06	1.96937E-06	4.48163E-06	5.10025E-06	5.12936E-06	5.48604E-06	7.22781E-06	5.84352E-06	1.25861E-05	9.97941E-06	1.0295E-05	1.0755E-05	1.26134E-05	1.47912E-05	1.72374E-05	1.59841E-05
708	1.37957E-06	1.94079E-06	5.669E-06	4.03339E-06	5.79125E-06	5.28541E-06	7.25131E-06	5.38445E-06	1.26646E-05	1.03355E-05	9.38835E-06	1.12817E-05	1.423E-05	1.46122E-05	1.65118E-05	1.56181E-05
709	1.79118E-06	2.28345E-06	5.78322E-06	3.67306E-06	6.35308E-06	5.08865E-06	7.53081E-06	5.74354E-06	1.15234E-05	1.05888E-05	9.24218E-06	1.21286E-05	1.46583E-05	1.40661E-05	1.61003E-05	1.51308E-05
710	2.66816E-06	2.88165E-06	5.01911E-06	4.04218E-06	6.67764E-06	4.97838E-06	8.00804E-06	6.77849E-06	9.3996E-06	1.06116E-05	9.64103E-06	1.3057E-05	1.39416E-05	1.32828E-05	1.59495E-05	1.46303E-05
711	3.57237E-06	3.43801E-06	4.14682E-06	4.75462E-06	6.64688E-06	5.04203E-06	8.53614E-06	7.929E-06	7.01475E-06	1.03134E-05	9.86691E-06	1.35447E-05	1.27783E-05	1.25662E-05	1.56485E-05	1.41997E-05
712	4.05906E-06	3.65339E-06	3.97047E-06	5.4187E-06	6.15651E-06	5.37896E-06	8.98136E-06	8.63251E-06	5.13232E-06	9.62676E-06	9.20257E-06	1.30856E-05	1.19212E-05	1.22569E-05	1.48087E-05	1.39545E-05
713	3.89331E-06	3.40253E-06	4.89457E-06	5.76381E-06	5.2296E-06	5.97561E-06	9.20542E-06	8.56376E-06	4.25314E-06	8.60863E-06	7.35174E-06	1.14691E-05	1.18045E-05	1.24532E-05	1.3327E-05	1.39384E-05
714	3.39008E-06	3.01623E-06	6.30246E-06	5.8474E-06	4.23321E-06	6.54263E-06	9.08252E-06	8.03106E-06	4.22221E-06	7.66342E-06	5.13233E-06	9.28315E-06	1.20729E-05	1.26674E-05	1.18801E-05	1.40512E-05
715	2.95581E-06	2.90215E-06	7.4072E-06	5.77961E-06	3.59407E-06	6.74291E-06	8.48698E-06	7.44733E-06	4.7786E-06	7.25624E-06	3.55024E-06	7.2504E-06	1.22408E-05	1.23122E-05	1.12782E-05	1.41685E-05
716	2.97153E-06	3.43451E-06	7.4884E-06	5.67776E-06	3.70841E-06	6.2809E-06	7.3294E-06	7.20648E-06	5.65946E-06	7.79784E-06	3.5377E-06	6.06593E-06	1.18721E-05	1.08776E-05	1.22557E-05	1.41905E-05
717	3.39488E-06	4.46184E-06	6.68279E-06	5.65089E-06	4.47453E-06	5.34486E-06	5.88462E-06	7.29959E-06	6.55627E-06	8.85167E-06	4.89964E-06	5.87294E-06	1.10602E-05	8.76104E-06	1.43243E-05	1.41525E-05
718	3.90232E-06	5.48049E-06	5.72579E-06	5.81606E-06	5.45972E-06	4.46805E-06	4.69654E-06	7.46081E-06	7.1364E-06	9.41801E-06	6.68216E-06	6.45829E-06	1.02862E-05	7.00649E-06	1.61856E-05	1.42129E-05
719	4.15887E-06	5.97063E-06	5.37782E-06	6.29248E-06	6.21664E-06	4.2001E-06	4.3242E-06	7.41437E-06	7.06058E-06	8.46809E-06	7.89884E-06	7.5975E-06	1.00472E-05	6.68955E-06	1.65008E-05	1.4535E-05
720	3.98713E-06	5.65679E-06	6.01477E-06	7.09178E-06	6.46009E-06	4.78814E-06	5.01549E-06	7.02611E-06	6.24823E-06	5.68871E-06	7.98563E-06	8.99959E-06	1.05755E-05	8.27591E-06	1.45827E-05	1.51038E-05
721	3.60325E-06	4.87456E-06	7.03492E-06	7.94774E-06	6.30973E-06	5.7116E-06	6.22826E-06	6.51062E-06	5.25895E-06	2.55493E-06	7.43849E-06	1.02046E-05	1.14239E-05	1.06854E-05	1.13734E-05	1.54424E-05
722	3.29764E-06	4.07381E-06	7.69316E-06	8.56621E-06	5.96665E-06	6.33667E-06	7.3036E-06	6.15775E-06	4.77537E-06	8.52852E-07	6.9451E-06	1.07437E-05	1.20615E-05	1.26056E-05	8.11889E-06	1.50362E-05
723	3.33296E-06	3.67098E-06	7.30977E-06	8.6699E-06	5.62117E-06	6.08501E-06	7.63603E-06	6.22403E-06	5.40172E-06	2.16973E-06	7.11748E-06	1.01972E-05	1.19962E-05	1.28172E-05	5.96815E-06	1.34357E-05
724	3.68883E-06	3.73836E-06	6.07611E-06	8.28506E-06	5.39847E-06	5.11339E-06	7.33949E-06	6.6672E-06	6.90357E-06	5.83774E-06	7.76813E-06	8.83011E-06	1.1352E-05	1.13723E-05	5.07049E-06	1.11386E-05
725	4.17316E-06	4.14009E-06	4.71287E-06	7.62208E-06	5.38512E-06	4.0252E-06	6.96471E-06	7.26355E-06	8.53664E-06	9.81763E-06	8.22363E-06	7.32427E-06	1.06278E-05	9.094E-06	4.97021E-06	9.22007E-06
726	4.58551E-06	4.73191E-06	3.95415E-06	6.89198E-06	5.66366E-06	3.43505E-06	7.06929E-06	7.77813E-06	9.53279E-06	1.20162E-05	7.79072E-06	6.37105E-06	1.03256E-05	6.82234E-06	5.19371E-06	8.76931E-06
727	4.81911E-06	5.40817E-06	4.18296E-06	6.30802E-06	6.24057E-06	3.6628E-06	7.84916E-06	8.10579E-06	9.50898E-06	1.13993E-05	6.31249E-06	6.33436E-06	1.07044E-05	5.19856E-06	5.51987E-06	1.01855E-05
728	4.94439E-06	6.12889E-06	5.04145E-06	6.05413E-06	6.94703E-06	4.40624E-06	8.73261E-06	8.38044E-06	8.84122E-06	9.07222E-06	4.69577E-06	6.87549E-06	1.14814E-05	4.40962E-06	6.22859E-06	1.24199E-05
729	5.05452E-06	6.86189E-06	6.07795E-06	6.31372E-06	7.59132E-06	5.28439E-06	9.04836E-06	8.76725E-06	8.00296E-06	6.41426E-06	3.98841E-06	7.56702E-06	1.23056E-05	4.59071E-06	7.66452E-06	1.42359E-05
730	5.23482E-06	7.57002E-06	6.87815E-06	7.21542E-06	7.99734E-06	5.95658E-06	8.24243E-06	9.38851E-06	7.43453E-06	4.6809E-06	5.05922E-06	8.03716E-06	1.28406E-05	5.80564E-06	1.00476E-05	1.45456E-05
731	5.4939E-06	8.16846E-06	7.34169E-06	8.44147E-06	8.11234E-06	6.41391E-06	6.70343E-06	1.001E-05	7.26944E-06	4.05299E-06	7.30835E-06	8.36286E-06	1.28722E-05	7.55172E-06	1.25987E-05	1.3483E-05
732	5.82499E-06	8.57986E-06	7.54116E-06	9.49344E-06	7.97233E-06	6.82511E-06	5.29155E-06	1.02676E-05	7.52685E-06	4.22824E-06	9.46992E-06	8.86107E-06	1.22933E-05	9.08337E-06	1.4112E-05	1.18084E-05
733	6.2128E-06	8.71694E-06	7.54136E-06	9.86667E-06	7.60338E-06	7.3504E-06	4.84985E-06	9.78963E-06	8.21127E-06	4.89038E-06	1.02784E-05	9.83375E-06	1.09843E-05	9.65385E-06	1.3383E-05	1.02633E-05
734	6.62559E-06	8.56993E-06	7.42806E-06	9.48236E-06	7.10022E-06	8.03432E-06	5.63325E-06	8.68136E-06	9.25232E-06	5.77105E-06	9.45689E-06	1.12532E-05	9.20585E-06	9.16981E-06	1.04363E-05	9.31904E-06
735	7.00776E-06	8.24167E-06	7.31715E-06	8.88109E-06	6.6571E-06	8.75312E-06	7.04087E-06	7.74131E-06	1.0471E-05	6.67248E-06	8.16606E-06	1.26127E-05	7.77034E-06	8.48794E-06	7.0833E-06	9.05268E-06
736	7.31622E-06	7.86049E-06	7.34259E-06	8.67345E-06	6.49063E-06	9.38787E-06	8.41735E-06	7.84402E-06	1.17022E-05	7.41598E-06	7.70354E-06	1.33912E-05	7.55449E-06	8.56298E-06	5.29956E-06	9.53021E-06
737	7.50633E-06	7.52836E-06	7.57895E-06	9.28445E-06	6.74427E-06	9.8153E-06	9.20516E-06	9.56008E-06	1.27454E-05	7.87755E-06	9.01193E-06	1.31841E-05	9.13164E-06	1.00611E-05	6.53334E-06	1.07159E-05
738	7.6788E-06	7.39426E-06	7.96524E-06	1.04086E-05	7.34072E-06	1.0084E-05	9.49155E-06	1.21153E-05	1.3459E-05	8.34703E-06	1.14411E-05	1.24457E-05	1.1731E-05	1.23952E-05	9.75326E-06	1.22641E-05
739	7.9755E-06	7.6179E-06	8.39421E-06	1.15099E-05	8.13055E-06	1.02901E-05	9.55668E-06	1.43137E-05	1.37123E-05	9.23944E-06	1.38452E-05	1.18885E-05	1.41601E-05	1.4586E-05	1.31585E-05	1.37258E-05
740	8.53195E-06	8.34838E-06	8.76569E-06	1.2065E-05	8.96431E-06	1.05315E-05	9.67906E-06	1.49973E-05	1.33854E-05	1.09465E-05	1.51062E-05	1.22027E-05	1.526E-05	1.56773E-05	1.49936E-05	1.46591E-05
741	9.32106E-06	9.48345E-06	9.1555E-06	1.19658E-05	9.74247E-06	1.09078E-05	1.00244E-05	1.41149E-05	1.26162E-05	1.32849E-05	1.50054E-05	1.34267E-05	1.48921E-05	1.54693E-05	1.49431E-05	1.49033E-05
742	1.01522E-05	1.06751E-05	9.78997E-06	1.14717E-05	1.0398E-05	1.15057E-05	1.064E-05	1.26189E-05	1.17623E-05	1.5521E-05	1.41346E-05	1.49774E-05	1.38415E-05	1.44389E-05	1.40036E-05	1.45364E-05
743	1.08299E-05	1.15646E-05	1.09092E-05	1.08662E-05	1.08685E-05	1.24182E-05	1.1575E-05	1.15235E-05	1.12033E-05	1.68931E-05	1.31337E-05	1.62447E-05	1.29486E-05	1.31047E-05	1.32444E-05	1.36543E-05
744	1.12541E-05	1.19509E-05	1.25617E-05	1.04402E-05	1.11527E-05	1.36358E-05	1.28142E-05	1.14714E-05	1.11983E-05	1.6934E-05	1.2504E-05	1.68382E-05	1.27955E-05	1.19681E-05	1.33799E-05	1.24914E-05
745	1.15835E-05	1.20616E-05	1.42813E-05	1.0494E-05	1.14125E-05	1.48743E-05	1.4173E-05	1.20932E-05	1.16772E-05	1.59778E-05	1.23605E-05	1.69659E-05	1.32552E-05	1.14687E-05	1.41523E-05	1.1644E-05
746	1.20284E-05	1.22049E-05	1.5518E-05	1.13404E-05	1.18458E-05	1.58085E-05	1.54435E-05	1.28536E-05	1.25208E-05	1.45035E-05	1.27634E-05	1.69472E-05	1.40894E-05	1.20495E-05	1.51476E-05	1.17842E-05
747	1.27664E-05	1.26506E-05	1.57923E-05	1.32034E-05	1.261E-05	1.61548E-05	1.64253E-05	1.32725E-05	1.36067E-05	1.29716E-05	1.37318E-05	1.70513E-05	1.50411E-05	1.40488E-05	1.59794E-05	1.3447E-05
748	1.37808E-05	1.34143E-05	1.54298E-05	1.56106E-05	1.36012E-05	1.61684E-05	1.71417E-05	1.35219E-05	1.49051E-05	1.17694E-05	1.5048E-05	1.72449E-05	1.58514E-05	1.6967E-05	1.66811E-05	1.60249E-05
749	1.49525E-05	1.43797E-05	1.5165E-05	1.77286E-05	1.45787E-05	1.63773E-05	1.77265E-05	1.41035E-05	1.64308E-05	1.1247E-05	1.63682E-05	1.7336E-05	1.62549E-05	1.98708E-05	1.74961E-05	1.83207E-05
750	1.61596E-05	1.5427E-05	1.57356E-05	1.8721E-05	1.53022E-05	1.73082E-05	1.83161E-05	1.55186E-05	1.8196E-05	1.17532E-05	1.73472E-05	1.71344E-05	1.59924E-05	2.18197E-05	1.86673E-05	1.91342E-05
751	1.73066E-05	1.6471E-05	1.73086E-05	1.84656E-05	1.5814E-05	1.89632E-05	1.90471E-05	1.77781E-05	2.01376E-05	1.33287E-05	1.79483E-05	1.67482E-05	1.53112E-05	2.25378E-05	2.01888E-05	1.83307E-05
752	1.82319E-05	1.73747E-05	1.91853E-05	1.76822E-05	1.644E-05	2.05294E-05	1.99408E-05	2.01344E-05	2.19745E-05	1.55264E-05	1.84392E-05	1.65813E-05	1.50412E-05	2.25033E-05	2.16022E-05	1.70874E-05
753	1.87966E-05	1.80249E-05	2.06192E-05	1.72076E-05	1.75661E-05	2.11498E-05	2.10493E-05	2.17964E-05	2.34379E-05	1.78768E-05	1.91516E-05	1.71065E-05	1.61103E-05	2.23033E-05	2.24424E-05	1.67459E-05
754	1.89376E-05	1.84051E-05	2.10597E-05	1.76525E-05	1.94177E-05	2.03224E-05	2.23524E-05	2.22333E-05	2.43217E-05	1.99828E-05	2.0279E-05	1.85501E-05	1.90182E-05	2.23838E-05	2.24877E-05	1.82717E-05
755	1.88713E-05	1.88532E-05	2.07096E-05	1.87583E-05	2.16182E-05	1.88765E-05	2.3568E-05	2.19005E-05	2.46621E-05	2.17397E-05	2.14971E-05	2.02241E-05	2.26655E-05	2.26429E-05	2.24195E-05	2.11898E-05
756	1.89159E-05	1.98302E-05	1.99831E-05	2.00976E-05	2.36867E-05	1.79952E-05	2.4391E-05	2.15268E-05	2.45946E-05	2.31475E-05	2.23953E-05	2.12532E-05	2.56083E-05	2.28919E-05	2.31815E-05	2.47295E-05
757	1.93073E-05	2.16817E-05	1.92354E-05	2.12032E-05	2.50963E-05	1.87192E-05	2.44773E-05	2.1727E-05	2.41863E-05	2.41321E-05	2.25402E-05	2.07991E-05	2.64535E-05	2.28983E-05	2.55347E-05	2.80598E-05
758	2.00491E-05	2.41158E-05	1.88919E-05	2.20397E-05	2.58295E-05	2.09476E-05	2.41011E-05	2.25486E-05	2.37159E-05	2.46948E-05	2.22292E-05	1.9478E-05	2.5682E-05	2.29071E-05	2.88793E-05	3.07543E-05
759	2.09818E-05	2.64241E-05	1.94057E-05	2.28186E-05	2.61608E-05	2.38539E-05	2.38967E-05	2.36676E-05	2.35713E-05	2.48622E-05	2.21928E-05	1.87921E-05	2.49156E-05	2.34372E-05	3.17446E-05	3.26094E-05
760	2.19389E-05	2.78769E-05	2.12339E-05	2.37586E-05	2.63787E-05	2.65777E-05	2.45151E-05	2.47483E-05	2.41472E-05	2.46653E-05	2.318E-05	2.02808E-05	2.58205E-05	2.50185E-05	3.26172E-05	3.34227E-05
761	2.27788E-05	2.81961E-05	2.41868E-05	2.48803E-05	2.67069E-05	2.85302E-05	2.60103E-05	2.56665E-05	2.53943E-05	2.42435E-05	2.52281E-05	2.40486E-05	2.85726E-05	2.75678E-05	3.10401E-05	3.32187E-05
762	2.3516E-05	2.79193E-05	2.72465E-05	2.60402E-05	2.74099E-05	2.96768E-05	2.76904E-05	2.67411E-05	2.67411E-05	2.40214E-05	2.74558E-05	2.82056E-05	3.13E-05	3.02409E-05	2.82848E-05	3.253E-05
763	2.41397E-05	2.76163E-05	2.92642E-05	2.70363E-05	2.87162E-05	2.99813E-05	2.87419E-05	2.82931E-05	2.75161E-05	2.44142E-05	2.88438E-05	3.06158E-05	3.187E-05	3.20667E-05	2.5739E-05	3.1887E-05
764	2.46628E-05	2.7728E-05	2.95043E-05	2.77876E-05	3.06507E-05	2.95481E-05	2.86577E-05	3.04269E-05	2.73512E-05	2.56904E-05	2.87578E-05	2.99247E-05	2.90546E-05	3.23968E-05	2.4541E-05	3.17584E-05
765	2.51816E-05	2.82019E-05	2.87522E-05	2.86467E-05	3.25154E-05	2.89707E-05	2.80572E-05	3.24722E-05	2.69829E-05	2.75773E-05	2.79786E-05	2.76566E-05	2.49298E-05	3.17794E-05	2.48542E-05	3.23573E-05
766	2.57638E-05	2.88197E-05	2.80968E-05	3.00138E-05	3.33687E-05	2.89111E-05	2.7772E-05	3.35044E-05	2.73589E-05	2.96183E-05	2.75682E-05	2.59634E-05	2.23156E-05	3.0982E-05	2.65793E-05	3.37811E-05
767	2.65577E-05	2.94789E-05	2.86252E-05	3.23051E-05	3.25344E-05	3.00429E-05	2.86587E-05	3.28394E-05	2.93964E-05	3.14725E-05	2.86019E-05	2.68843E-05	2.37987E-05	3.08206E-05	2.96245E-05	3.61624E-05
768	2.75062E-05	3.01443E-05	3.01103E-05	3.49688E-05	3.07015E-05	3.1958E-05	3.0592E-05	3.09382E-05	3.25669E-05	3.29474E-05	3.10209E-05	2.99629E-05	2.83754E-05	3.11982E-05	3.31441E-05	3.87853E-05
769	2.84666E-05	3.08441E-05	3.16508E-05	3.69574E-05	2.93273E-05	3.36953E-05	3.29501E-05	2.89092E-05	3.55909E-05	3.39531E-05	3.41897E-05	3.34352E-05	3.31421E-05	3.15625E-05	3.59034E-05	4.0504E-05
770	2.92962E-05	3.16074E-05	3.23457E-05	3.72276E-05	2.98683E-05	3.42982E-05	3.51008E-05	2.78725E-05	3.71828E-05	3.44055E-05	3.74529E-05	3.55256E-05	3.51812E-05	3.13683E-05	3.6675E-05	4.01806E-05
771	2.9967E-05	3.24363E-05	3.21393E-05	3.5747E-05	3.24623E-05	3.37774E-05	3.66911E-05	2.82691E-05	3.70007E-05	3.44019E-05	4.01831E-05	3.57444E-05	3.38041E-05	3.07871E-05	3.54487E-05	3.78574E-05
772	3.06295E-05	3.33493E-05	3.2007E-05	3.37143E-05	3.57588E-05	3.33195E-05	3.77475E-05	2.97908E-05	3.58583E-05	3.43031E-05	4.18464E-05	3.5154E-05	3.0969E-05	3.08694E-05	3.36845E-05	3.50082E-05
773	3.1432E-05	3.43497E-05	3.29854E-05	3.24038E-05	3.82791E-05	3.41837E-05	3.83005E-05	3.20655E-05	3.46326E-05	3.44741E-05	4.18843E-05	3.49079E-05	2.88069E-05	3.27198E-05	3.29369E-05	3.31973E-05
774	3.24564E-05	3.53859E-05	3.55281E-05	3.26372E-05	3.91354E-05	3.6871E-05	3.84863E-05	3.4753E-05	3.40167E-05	3.51161E-05	4.02708E-05	3.57055E-05	2.87827E-05	3.66632E-05	3.4101E-05	3.3422E-05
775	3.36173E-05	3.62723E-05	3.86223E-05	3.40829E-05	3.89397E-05	3.99791E-05	3.86982E-05	3.76046E-05	3.42217E-05	3.60162E-05	3.83038E-05	3.70929E-05	3.06525E-05	4.10744E-05	3.64005E-05	3.5234E-05
776	3.48036E-05	3.68005E-05	4.10118E-05	3.62278E-05	3.85483E-05	4.17866E-05	3.93797E-05	4.03821E-05	3.53916E-05	3.68954E-05	3.75137E-05	3.84323E-05	3.39085E-05	4.39967E-05	3.87894E-05	3.79565E-05
777	3.59096E-05	3.68449E-05	4.16924E-05	3.85665E-05	3.86895E-05	4.0959E-05	4.08302E-05	4.28093E-05	3.75731E-05	3.75169E-05	3.90562E-05	3.92119E-05	3.79661E-05	4.39311E-05	4.0362E-05	4.09381E-05
778	3.68909E-05	3.67755E-05	4.12005E-05	4.07122E-05	3.93198E-05	3.84863E-05	4.25385E-05	4.44527E-05	4.02866E-05	3.79269E-05	4.18929E-05	3.97005E-05	4.19008E-05	4.2115E-05	4.112E-05	4.37638E-05
779	3.77234E-05	3.71392E-05	4.06138E-05	4.23125E-05	4.01279E-05	3.61792E-05	4.37031E-05	4.48162E-05	4.28617E-05	3.827E-05	4.42088E-05	4.04412E-05	4.46538E-05	4.07527E-05	4.13779E-05	4.60921E-05
780	3.83858E-05	3.84449E-05	4.09624E-05	4.30473E-05	4.08075E-05	3.5773E-05	4.35837E-05	4.34812E-05	4.46434E-05	3.86888E-05	4.42999E-05	4.19393E-05	4.52522E-05	4.19088E-05	4.14518E-05	4.75885E-05
