Name	0	17	34	51	68	85	102	119	136	153	170	187	204	221	238	255
Date	15/02/2018	15/02/2018	15/02/2018	15/02/2018	15/02/2018	15/02/2018	15/02/2018	15/02/2018	15/02/2018	15/02/2018	15/02/2018	15/02/2018	15/02/2018	15/02/2018	15/02/2018	15/02/2018
Time	07:29pm	07:31pm	07:34pm	07:36pm	07:38pm	07:40pm	07:43pm	07:45pm	07:46pm	07:48pm	07:50pm	07:51pm	07:53pm	07:53pm	07:53pm	07:54pm
Integration time [ms]	60000	60000	60000	60000	60000	36090	26035	19403	14793	11798	8571	6467	5545	5357	4545	3299
Luminance[cd/sqm]	3.56E-01	4.66E-01	1.46E+00	3.76E+00	7.16E+00	1.26E+01	1.93E+01	2.77E+01	3.80E+01	4.89E+01	6.25E+01	7.78E+01	9.42E+01	1.12E+02	1.32E+02	1.58E+02
Radiance[W/sr*sqm]	2.38E-03	2.63E-03	4.51E-03	8.86E-03	1.53E-02	2.57E-02	3.83E-02	5.43E-02	7.36E-02	9.42E-02	1.20E-01	1.48E-01	1.79E-01	2.11E-01	2.49E-01	2.96E-01
CCT [K]	8627	7890	0	0	0	0	0	0	0	0	0	0	0	0	0	0
DWl[nm]	476	491	536	543	546	546	547	547	547	547	548	548	548	548	549	549
PE[%]	17.8	15.3	33.8	55.8	64.9	68.6	71	72.5	73.5	74.3	75	75.7	76.2	76.8	77.4	78.3
x	0.2925	0.2889	0.2875	0.2895	0.2929	0.2932	0.2939	0.2949	0.2956	0.2963	0.2973	0.2981	0.299	0.3003	0.3018	0.304
y	0.2915	0.3298	0.4835	0.5568	0.5842	0.5963	0.6036	0.6078	0.6108	0.6127	0.6139	0.6157	0.6166	0.6171	0.6177	0.6187
u'	0.1979	0.1812	0.1398	0.1272	0.1243	0.1226	0.1218	0.1216	0.1214	0.1214	0.1217	0.1218	0.122	0.1225	0.1231	0.1239
v'	0.4437	0.4652	0.5289	0.5505	0.5579	0.5608	0.5626	0.5637	0.5645	0.565	0.5654	0.5659	0.5662	0.5665	0.5668	0.5673
Reference Illuminant	daylight >7000K	daylight >7000K	daylight >7000K	daylight >7000K	daylight >7000K	daylight >7000K	daylight >7000K	daylight >7000K	daylight >7000K	daylight >7000K	daylight >7000K	daylight >7000K	daylight >7000K	daylight >7000K	daylight >7000K	daylight >7000K
CCT [K]	8627	7890	7890	7890	7890	7890	7890	7890	7890	7890	7890	7890	7890	7890	7890	7890
R1	97.3	81.4	81.4	81.4	81.4	81.4	81.4	81.4	81.4	81.4	81.4	81.4	81.4	81.4	81.4	81.4
R2	88.8	80	80	80	80	80	80	80	80	80	80	80	80	80	80	80
R3	71.6	78.6	78.6	78.6	78.6	78.6	78.6	78.6	78.6	78.6	78.6	78.6	78.6	78.6	78.6	78.6
R4	82.8	81	81	81	81	81	81	81	81	81	81	81	81	81	81	81
R5	97.2	80.8	80.8	80.8	80.8	80.8	80.8	80.8	80.8	80.8	80.8	80.8	80.8	80.8	80.8	80.8
R6	81.4	75.1	75.1	75.1	75.1	75.1	75.1	75.1	75.1	75.1	75.1	75.1	75.1	75.1	75.1	75.1
R7	85	87.3	87.3	87.3	87.3	87.3	87.3	87.3	87.3	87.3	87.3	87.3	87.3	87.3	87.3	87.3
R8	89.1	83.2	83.2	83.2	83.2	83.2	83.2	83.2	83.2	83.2	83.2	83.2	83.2	83.2	83.2	83.2
R9	96	40.4	40.4	40.4	40.4	40.4	40.4	40.4	40.4	40.4	40.4	40.4	40.4	40.4	40.4	40.4
R10	67.2	52.9	52.9	52.9	52.9	52.9	52.9	52.9	52.9	52.9	52.9	52.9	52.9	52.9	52.9	52.9
R11	82.8	76.6	76.6	76.6	76.6	76.6	76.6	76.6	76.6	76.6	76.6	76.6	76.6	76.6	76.6	76.6
R12	60.1	50.8	50.8	50.8	50.8	50.8	50.8	50.8	50.8	50.8	50.8	50.8	50.8	50.8	50.8	50.8
R13	97	79.2	79.2	79.2	79.2	79.2	79.2	79.2	79.2	79.2	79.2	79.2	79.2	79.2	79.2	79.2
R14	83.5	88.4	88.4	88.4	88.4	88.4	88.4	88.4	88.4	88.4	88.4	88.4	88.4	88.4	88.4	88.4
Ra	86.65	80.91	80.91	80.91	80.91	80.91	80.91	80.91	80.91	80.91	80.91	80.91	80.91	80.91	80.91	80.91
																
wavelength [nm]	Radiance[W/(sr*sqm*nm)]	Radiance[W/(sr*sqm*nm)]	Radiance[W/(sr*sqm*nm)]	Radiance[W/(sr*sqm*nm)]	Radiance[W/(sr*sqm*nm)]	Radiance[W/(sr*sqm*nm)]	Radiance[W/(sr*sqm*nm)]	Radiance[W/(sr*sqm*nm)]	Radiance[W/(sr*sqm*nm)]	Radiance[W/(sr*sqm*nm)]	Radiance[W/(sr*sqm*nm)]	Radiance[W/(sr*sqm*nm)]	Radiance[W/(sr*sqm*nm)]	Radiance[W/(sr*sqm*nm)]	Radiance[W/(sr*sqm*nm)]	Radiance[W/(sr*sqm*nm)]
																
380	1.74927E-06	1.12494E-06	1.30462E-06	0	1.70576E-07	0	0	1.67702E-06	3.6883E-07	1.18956E-06	2.18677E-06	2.15213E-06	1.96082E-07	2.06779E-06	1.54999E-06	2.71672E-06
381	2.12495E-06	1.17578E-06	1.58493E-06	0	8.64533E-08	0	5.19776E-08	9.07438E-07	5.60111E-07	1.39053E-06	2.6877E-06	3.16099E-06	1.86296E-08	2.65539E-06	1.28059E-06	3.67265E-06
382	2.20013E-06	1.18036E-06	1.66668E-06	2.41529E-09	3.72101E-09	1.85572E-09	1.5764E-07	2.95053E-07	6.56438E-07	1.41356E-06	2.75748E-06	3.64733E-06	2.27161E-08	2.85159E-06	1.22094E-06	4.20347E-06
383	1.90789E-06	1.1318E-06	1.5015E-06	0	0	7.5508E-08	2.97612E-07	0	6.09423E-07	1.22694E-06	2.27471E-06	3.36803E-06	2.54606E-07	2.55212E-06	1.34356E-06	4.1527E-06
384	1.37789E-06	1.03478E-06	1.16653E-06	0	0	9.41377E-08	4.59193E-07	0	4.61361E-07	9.02211E-07	1.47544E-06	2.54869E-06	6.18313E-07	1.91296E-06	1.57651E-06	3.65464E-06
385	7.76405E-07	8.9639E-07	7.62632E-07	0	0	7.5725E-08	6.28498E-07	0	2.72671E-07	5.29933E-07	6.62242E-07	1.50806E-06	9.91506E-07	1.13971E-06	1.84253E-06	2.90175E-06
386	2.57412E-07	7.32242E-07	3.86132E-07	0	1.73351E-08	3.70352E-08	8.03048E-07	0	9.93745E-08	1.94644E-07	1.10825E-07	5.41925E-07	1.2794E-06	4.24054E-07	2.09804E-06	2.09489E-06
387	0	5.33762E-07	1.07783E-07	2.72914E-08	1.78029E-07	0	9.64805E-07	8.80282E-08	0	0	6.60241E-08	0	1.36717E-06	0	2.25595E-06	1.3461E-06
388	0	3.18405E-07	0	1.51554E-07	4.03734E-07	0	1.10147E-06	1.41722E-07	0	0	5.93583E-07	0	1.21632E-06	0	2.28014E-06	7.58855E-07
389	5.93047E-08	1.26117E-07	0	2.96672E-07	6.36322E-07	0	1.19986E-06	1.49909E-07	0	0	1.4158E-06	0	9.05961E-07	0	2.1862E-06	3.42308E-07
390	3.22027E-07	0	0	4.27243E-07	8.15158E-07	6.75326E-08	1.24719E-06	1.16877E-07	6.94401E-09	0	2.23033E-06	7.90093E-08	5.24255E-07	0	1.99446E-06	9.56404E-08
391	6.10414E-07	0	0	5.09378E-07	8.82197E-07	2.71356E-07	1.23134E-06	4.67405E-08	1.81154E-08	0	2.7476E-06	4.25401E-07	1.55715E-07	0	1.7245E-06	1.80753E-08
392	8.47571E-07	8.32922E-08	7.67134E-09	5.1235E-07	7.86328E-07	6.11199E-07	1.14157E-06	0	0	2.36549E-08	2.70668E-06	7.01075E-07	0	7.55095E-08	1.39567E-06	1.05976E-07
393	1.0042E-06	3.05433E-07	0	4.37761E-07	5.57401E-07	1.04082E-06	9.86913E-07	0	0	2.03985E-08	2.14511E-06	8.57816E-07	0	1.15886E-07	1.04151E-06	3.07414E-07
394	1.08883E-06	5.65334E-07	0	3.12732E-07	2.89009E-07	1.45738E-06	7.91814E-07	0	0	2.06301E-09	1.336E-06	9.06752E-07	0	1.07558E-07	7.06431E-07	5.32619E-07
395	1.11075E-06	7.9129E-07	0	1.64084E-07	7.30062E-08	1.76037E-06	5.80249E-07	0	0	0	5.48795E-07	8.60301E-07	0	7.11038E-08	4.33437E-07	6.94164E-07
396	1.0795E-06	9.14916E-07	0	1.7599E-08	0	1.85422E-06	3.75464E-07	0	0	5.32378E-09	4.24605E-08	7.30807E-07	0	2.63094E-08	2.64011E-07	7.08432E-07
397	1.00423E-06	8.82957E-07	6.14947E-08	0	1.2675E-07	1.66993E-06	1.98134E-07	3.03104E-07	2.65281E-07	6.33717E-08	1.22347E-08	5.34151E-07	2.96978E-07	0	2.29826E-07	5.20386E-07
398	9.01565E-07	7.20623E-07	1.53283E-07	0	4.02557E-07	1.2833E-06	6.26748E-08	7.24371E-07	6.54894E-07	1.56228E-07	3.45225E-07	3.14544E-07	6.45319E-07	0	3.17477E-07	2.25547E-07
399	7.90057E-07	4.78834E-07	2.47578E-07	0	7.27736E-07	8.16781E-07	0	1.14269E-06	1.08012E-06	2.67986E-07	8.27205E-07	1.24534E-07	9.57519E-07	0	4.98569E-07	0
400	6.8759E-07	2.0673E-07	3.20872E-07	0	1.00836E-06	3.88556E-07	0	1.46429E-06	1.47185E-06	3.83296E-07	1.25145E-06	1.48111E-08	1.15897E-06	0	7.45697E-07	0
401	6.1329E-07	0	3.51651E-07	4.56034E-08	1.15768E-06	1.1267E-07	2.36196E-08	1.60404E-06	1.76904E-06	4.88917E-07	1.42355E-06	3.42008E-08	1.18167E-06	3.22119E-08	1.03569E-06	1.13623E-07
402	5.71423E-07	0	3.27475E-07	2.98083E-07	1.1271E-06	4.15612E-08	1.52054E-07	1.52612E-06	1.92296E-06	5.75856E-07	1.24925E-06	1.97021E-07	9.99815E-07	1.18175E-07	1.34496E-06	6.84013E-07
403	5.46727E-07	0	2.60037E-07	5.69989E-07	9.63403E-07	1.06786E-07	3.03106E-07	1.32192E-06	1.93306E-06	6.49759E-07	8.62541E-07	4.44936E-07	6.95753E-07	2.92938E-07	1.65915E-06	1.41534E-06
404	5.21437E-07	0	1.63759E-07	7.87764E-07	7.24276E-07	2.25565E-07	4.26255E-07	1.09678E-06	1.80445E-06	7.17914E-07	4.23435E-07	7.11472E-07	3.63548E-07	6.06458E-07	1.96514E-06	2.10216E-06
405	4.78185E-07	0	5.2745E-08	8.79486E-07	4.66114E-07	3.16963E-07	4.72108E-07	9.53658E-07	1.54215E-06	7.87442E-07	8.83824E-08	9.31638E-07	9.51728E-08	1.10758E-06	2.2501E-06	2.54363E-06
406	4.0118E-07	2.29832E-07	0	7.80401E-07	2.42712E-07	3.06165E-07	3.96759E-07	9.872E-07	1.15427E-06	8.64506E-07	2.25424E-09	1.04573E-06	0	1.83746E-06	2.50153E-06	2.55445E-06
407	2.94342E-07	7.33764E-07	0	5.24034E-07	8.05604E-08	1.97016E-07	2.34929E-07	1.17437E-06	7.0072E-07	9.35663E-07	1.59125E-07	1.05951E-06	1.75872E-08	2.7061E-06	2.69394E-06	2.14126E-06
408	1.78769E-07	1.24651E-06	0	2.28288E-07	0	6.06147E-08	8.86439E-08	1.39265E-06	2.86633E-07	9.71374E-07	4.24674E-07	1.03518E-06	1.64028E-07	3.51264E-06	2.79247E-06	1.47616E-06
409	7.56983E-08	1.64404E-06	0	1.14797E-08	0	0	6.00966E-08	1.51867E-06	1.65341E-08	9.42156E-07	6.63038E-07	1.03556E-06	3.60354E-07	4.05653E-06	2.76265E-06	7.33239E-07
410	5.92683E-09	1.80489E-06	0	0	0	0	2.49377E-07	1.4316E-06	0	8.19132E-07	7.41155E-07	1.12217E-06	5.52244E-07	4.14138E-06	2.57071E-06	8.2996E-08
411	0	1.64291E-06	2.40638E-07	2.42204E-07	1.0584E-07	1.79342E-07	7.21226E-07	1.05473E-06	2.8459E-07	5.88699E-07	5.66644E-07	1.34372E-06	6.96784E-07	3.63776E-06	2.20509E-06	0
412	0	1.23963E-06	5.84277E-07	6.68888E-07	2.79964E-07	4.71292E-07	1.35963E-06	5.28141E-07	7.93963E-07	3.12254E-07	2.4735E-07	1.68061E-06	8.0335E-07	2.73422E-06	1.75755E-06	0
413	1.60347E-08	7.32011E-07	9.61397E-07	1.11122E-06	5.04574E-07	7.74304E-07	1.9913E-06	6.23809E-08	1.3697E-06	7.58529E-08	0	2.0924E-06	8.98676E-07	1.72505E-06	1.35535E-06	0
414	2.1106E-08	2.54665E-07	1.32121E-06	1.41361E-06	7.67988E-07	9.9633E-07	2.44593E-06	0	1.86323E-06	0	0	2.53937E-06	1.00904E-06	8.99463E-07	1.1235E-06	0
415	0	0	1.61395E-06	1.42438E-06	1.05866E-06	1.0476E-06	2.55737E-06	1.35604E-07	2.12948E-06	5.93412E-08	1.2903E-07	2.98246E-06	1.16009E-06	5.39909E-07	1.18393E-06	1.46867E-07
416	0	0	1.80538E-06	1.11034E-06	1.36178E-06	9.07827E-07	2.28062E-06	9.07135E-07	2.12031E-06	3.86329E-07	7.99686E-07	3.38997E-06	1.3653E-06	7.63174E-07	1.56923E-06	6.45788E-07
417	0	0	1.87402E-06	6.39089E-07	1.64644E-06	6.72438E-07	1.76605E-06	1.90137E-06	1.94227E-06	8.6506E-07	1.68781E-06	3.71626E-06	1.60615E-06	1.38705E-06	2.14179E-06	1.23362E-06
418	0	1.13432E-07	1.80352E-06	2.01994E-07	1.88241E-06	4.51091E-07	1.19023E-06	2.80979E-06	1.72262E-06	1.40499E-06	2.5852E-06	3.92144E-06	1.86361E-06	2.20109E-06	2.74992E-06	1.8777E-06
419	2.16524E-07	3.33958E-07	1.57771E-06	0	2.03971E-06	3.52484E-07	7.28152E-07	3.3266E-06	1.58747E-06	1.91638E-06	3.28544E-06	3.96599E-06	2.11879E-06	2.9967E-06	3.24327E-06	2.54562E-06
420	6.96313E-07	5.29121E-07	1.18755E-06	1.69549E-07	2.09137E-06	4.7522E-07	5.41254E-07	3.17812E-06	1.65116E-06	2.31566E-06	3.60285E-06	3.81555E-06	2.35459E-06	3.58097E-06	3.48656E-06	3.20549E-06
421	1.3345E-06	6.82193E-07	7.10042E-07	6.93224E-07	2.04382E-06	8.04691E-07	6.41835E-07	2.45374E-06	1.89549E-06	2.5856E-06	3.58408E-06	3.4945E-06	2.5729E-06	3.93181E-06	3.51388E-06	3.82747E-06
422	1.97101E-06	8.0709E-07	2.79771E-07	1.36194E-06	1.92707E-06	1.25142E-06	9.43338E-07	1.48594E-06	2.21531E-06	2.7547E-06	3.4325E-06	3.06864E-06	2.78985E-06	4.14322E-06	3.47411E-06	4.38539E-06
423	2.44565E-06	9.18072E-07	3.07217E-08	1.97704E-06	1.77072E-06	1.72533E-06	1.35803E-06	6.07638E-07	2.50449E-06	2.85155E-06	3.35159E-06	2.60295E-06	3.02115E-06	4.30962E-06	3.51595E-06	4.85274E-06
424	2.59976E-06	1.02926E-06	9.55813E-08	2.34177E-06	1.60412E-06	2.13718E-06	1.79903E-06	1.48553E-07	2.65793E-06	2.90445E-06	3.54285E-06	2.16175E-06	3.28232E-06	4.52455E-06	3.7867E-06	5.20326E-06
425	2.35167E-06	1.15848E-06	5.51061E-07	2.33841E-06	1.46443E-06	2.42898E-06	2.205E-06	3.32147E-07	2.62183E-06	2.96783E-06	4.14453E-06	1.82471E-06	3.60948E-06	4.87741E-06	4.40297E-06	5.45307E-06
426	1.88218E-06	1.33606E-06	1.28203E-06	2.11788E-06	1.41598E-06	2.64763E-06	2.59989E-06	1.02031E-06	2.51673E-06	3.18583E-06	5.07746E-06	1.72536E-06	4.10838E-06	5.44264E-06	5.37564E-06	5.7618E-06
427	1.42988E-06	1.59605E-06	2.13348E-06	1.89043E-06	1.52996E-06	2.86505E-06	3.02839E-06	1.99824E-06	2.50271E-06	3.72389E-06	6.22078E-06	2.00953E-06	4.90285E-06	6.29622E-06	6.69746E-06	6.32477E-06
428	1.22929E-06	1.97159E-06	2.95214E-06	1.86274E-06	1.87591E-06	3.15123E-06	3.53372E-06	3.05352E-06	2.73664E-06	4.74406E-06	7.45325E-06	2.82024E-06	6.11358E-06	7.51094E-06	8.35933E-06	7.33237E-06
429	1.50525E-06	2.49382E-06	3.59031E-06	2.23345E-06	2.51983E-06	3.57465E-06	4.15839E-06	3.98318E-06	3.37099E-06	6.39978E-06	8.66031E-06	4.29536E-06	7.85637E-06	9.15779E-06	1.03535E-05	8.97055E-06
430	2.27876E-06	3.14723E-06	4.01178E-06	3.03662E-06	3.44791E-06	4.182E-06	4.93783E-06	4.78833E-06	4.48107E-06	8.64744E-06	9.88167E-06	6.46903E-06	1.01436E-05	1.1279E-05	1.2707E-05	1.13576E-05
431	3.3477E-06	3.86871E-06	4.30926E-06	4.12782E-06	4.56259E-06	5.00143E-06	5.90623E-06	5.70362E-06	6.06328E-06	1.12367E-05	1.13416E-05	9.27043E-06	1.2887E-05	1.39005E-05	1.5503E-05	1.45532E-05
432	4.49524E-06	4.58604E-06	4.57192E-06	5.34798E-06	5.75511E-06	6.05065E-06	7.08644E-06	6.96321E-06	8.10051E-06	1.38891E-05	1.32497E-05	1.26101E-05	1.59713E-05	1.70222E-05	1.87986E-05	1.85887E-05
433	5.50773E-06	5.23028E-06	4.89237E-06	6.54164E-06	6.92031E-06	7.35124E-06	8.5058E-06	8.80409E-06	1.05795E-05	1.63354E-05	1.5824E-05	1.64042E-05	1.92907E-05	2.0654E-05	2.2662E-05	2.35054E-05
434	6.21831E-06	5.7544E-06	5.3554E-06	7.58336E-06	7.97887E-06	8.9162E-06	1.01909E-05	1.14129E-05	1.34907E-05	1.83949E-05	1.9244E-05	2.05979E-05	2.28053E-05	2.48417E-05	2.71898E-05	2.93589E-05
435	6.72508E-06	6.23656E-06	6.00363E-06	8.51724E-06	8.9985E-06	1.07092E-05	1.21644E-05	1.46915E-05	1.68453E-05	2.0395E-05	2.34726E-05	2.53055E-05	2.68546E-05	2.98378E-05	3.26448E-05	3.62913E-05
436	7.22965E-06	6.80787E-06	6.87284E-06	9.45962E-06	1.01117E-05	1.26922E-05	1.44657E-05	1.84624E-05	2.06871E-05	2.28716E-05	2.843E-05	3.07386E-05	3.19517E-05	3.60124E-05	3.9397E-05	4.45293E-05
437	7.91628E-06	7.58373E-06	7.98436E-06	1.05054E-05	1.14287E-05	1.48012E-05	1.71045E-05	2.25142E-05	2.50196E-05	2.63094E-05	3.39808E-05	3.70475E-05	3.85444E-05	4.36635E-05	4.77376E-05	5.42126E-05
438	8.97438E-06	8.68498E-06	9.3653E-06	1.17576E-05	1.30675E-05	1.69837E-05	2.01023E-05	2.66505E-05	2.98616E-05	3.12089E-05	4.00133E-05	4.44043E-05	4.71002E-05	5.31131E-05	5.79848E-05	6.55122E-05
439	1.04413E-05	1.01303E-05	1.09872E-05	1.32408E-05	1.50392E-05	1.92177E-05	2.34181E-05	3.07352E-05	3.51344E-05	3.76321E-05	4.64109E-05	5.27345E-05	5.75828E-05	6.42624E-05	7.00429E-05	7.827E-05
440	1.21052E-05	1.17706E-05	1.27304E-05	1.48512E-05	1.71788E-05	2.15306E-05	2.69079E-05	3.47307E-05	4.05999E-05	4.49228E-05	5.30487E-05	6.15596E-05	6.91291E-05	7.63222E-05	8.31366E-05	9.17878E-05
441	1.37474E-05	1.34578E-05	1.44843E-05	1.64927E-05	1.93285E-05	2.39832E-05	3.04549E-05	3.86546E-05	4.60603E-05	5.24214E-05	5.98724E-05	7.04482E-05	8.08969E-05	8.85459E-05	9.65441E-05	0.000105444
442	1.51208E-05	1.50156E-05	1.61077E-05	1.80341E-05	2.12892E-05	2.65852E-05	3.38781E-05	4.24416E-05	5.12209E-05	5.93614E-05	6.67017E-05	7.88219E-05	9.18792E-05	0.000100005	0.000109346	0.000118398
443	1.60137E-05	1.62897E-05	1.74775E-05	1.93643E-05	2.28947E-05	2.93393E-05	3.70202E-05	4.60405E-05	5.58263E-05	6.50714E-05	7.33778E-05	8.61838E-05	0.000101191	0.000109896	0.000120738	0.000129929
444	1.64179E-05	1.7214E-05	1.85137E-05	2.04139E-05	2.41071E-05	3.19987E-05	3.96922E-05	4.92123E-05	5.96066E-05	6.93174E-05	7.94615E-05	9.22034E-05	0.000108408	0.000117835	0.000130217	0.000139542
445	1.64265E-05	1.7766E-05	1.91579E-05	2.11342E-05	2.49526E-05	3.41909E-05	4.16893E-05	5.16239E-05	6.22839E-05	7.20841E-05	8.43731E-05	9.66331E-05	0.00011334	0.00012365	0.000137428	0.000146858
446	1.6134E-05	1.7924E-05	1.93519E-05	2.14768E-05	2.54584E-05	3.55422E-05	4.28065E-05	5.29415E-05	6.35808E-05	7.33593E-05	8.75317E-05	9.92271E-05	0.000115799	0.000127172	0.000142017	0.0001515
447	1.56345E-05	1.76657E-05	1.90371E-05	2.13928E-05	2.56506E-05	3.56783E-05	4.28378E-05	5.28299E-05	6.32184E-05	7.31287E-05	8.83538E-05	9.97366E-05	0.000115592	0.000128227	0.000143627	0.000153087
448	1.50127E-05	1.70143E-05	1.82335E-05	2.08853E-05	2.55284E-05	3.44819E-05	4.17305E-05	5.12069E-05	6.11869E-05	7.14937E-05	8.66512E-05	9.81502E-05	0.000112827	0.00012684	0.000142192	0.000151572
449	1.43325E-05	1.60863E-05	1.71229E-05	2.00648E-05	2.50333E-05	3.23707E-05	3.97499E-05	4.85155E-05	5.80347E-05	6.87944E-05	8.30567E-05	9.49473E-05	0.000108227	0.000123434	0.00013824	0.0001476
450	1.36553E-05	1.50104E-05	1.59083E-05	1.90556E-05	2.40997E-05	2.98307E-05	3.7202E-05	4.52657E-05	5.43814E-05	6.54017E-05	7.83071E-05	9.067E-05	0.000102594	0.000118489	0.00013238	0.000141905
451	1.30229E-05	1.38943E-05	1.47703E-05	1.7955E-05	2.26269E-05	2.7307E-05	3.43408E-05	4.19044E-05	5.07706E-05	6.15929E-05	7.30293E-05	8.57303E-05	9.65833E-05	0.000112309	0.000125027	0.000135016
452	1.2511E-05	1.2883E-05	1.39183E-05	1.69116E-05	2.06155E-05	2.52989E-05	3.15257E-05	3.89839E-05	4.78624E-05	5.78335E-05	6.80539E-05	8.08012E-05	9.11201E-05	0.000105572	0.000117016	0.000127881
453	1.20952E-05	1.20089E-05	1.33314E-05	1.5974E-05	1.82881E-05	2.38744E-05	2.89569E-05	3.66369E-05	4.57199E-05	5.43474E-05	6.36969E-05	7.62169E-05	8.64838E-05	9.88117E-05	0.000109058	0.00012104
454	1.17059E-05	1.12532E-05	1.28706E-05	1.51496E-05	1.60181E-05	2.28806E-05	2.67769E-05	3.47959E-05	4.4111E-05	5.12791E-05	6.00496E-05	7.21998E-05	8.26759E-05	9.25835E-05	0.000101915	0.000114928
455	1.12732E-05	1.05963E-05	1.23961E-05	1.44456E-05	1.41799E-05	2.21618E-05	2.51275E-05	3.33911E-05	4.2801E-05	4.87718E-05	5.72001E-05	6.89698E-05	7.96941E-05	8.74433E-05	9.63452E-05	0.000109973
456	1.07378E-05	1.00284E-05	1.17796E-05	1.38822E-05	1.31578E-05	2.15836E-05	2.41719E-05	3.23835E-05	4.15955E-05	4.70122E-05	5.52881E-05	6.68086E-05	7.76097E-05	8.40228E-05	9.31913E-05	0.000106706
457	1.00568E-05	9.51614E-06	1.09406E-05	1.34303E-05	1.30898E-05	2.10127E-05	2.39189E-05	3.16847E-05	4.03514E-05	4.6035E-05	5.43139E-05	6.57702E-05	7.63586E-05	8.25642E-05	9.27297E-05	0.000105307
458	9.28416E-06	9.02868E-06	9.96926E-06	1.3026E-05	1.36337E-05	2.04319E-05	2.41591E-05	3.12684E-05	3.92618E-05	4.57865E-05	5.42598E-05	6.57531E-05	7.59857E-05	8.28865E-05	9.4462E-05	0.00010574
459	8.48553E-06	8.53414E-06	8.97789E-06	1.25984E-05	1.43793E-05	1.9837E-05	2.46496E-05	3.11122E-05	3.85601E-05	4.61939E-05	5.50977E-05	6.66253E-05	7.65398E-05	8.47388E-05	9.77706E-05	0.000107926
460	7.7265E-06	8.0006E-06	8.07864E-06	1.20765E-05	1.49163E-05	1.92241E-05	2.51476E-05	3.11936E-05	3.848E-05	4.71846E-05	5.67996E-05	6.82547E-05	7.80699E-05	8.78705E-05	0.000102037	0.000111788
461	7.07756E-06	7.411E-06	7.38555E-06	1.14168E-05	1.48972E-05	1.86246E-05	2.54743E-05	3.15415E-05	3.92889E-05	4.87619E-05	5.94146E-05	7.06243E-05	8.0736E-05	9.21759E-05	0.000106857	0.000117402
462	6.53253E-06	6.7669E-06	6.89937E-06	1.06486E-05	1.43489E-05	1.81045E-05	2.56559E-05	3.21518E-05	4.09108E-05	5.08468E-05	6.27396E-05	7.36513E-05	8.44143E-05	9.74186E-05	0.000112115	0.0001244
463	6.06559E-06	6.10676E-06	6.58108E-06	9.88302E-06	1.35641E-05	1.78106E-05	2.59167E-05	3.30987E-05	4.31888E-05	5.34584E-05	6.65976E-05	7.74254E-05	8.90561E-05	0.000103554	0.000118179	0.000132493
464	5.65037E-06	5.4696E-06	6.39076E-06	9.23271E-06	1.28405E-05	1.78919E-05	2.64845E-05	3.44575E-05	4.59631E-05	5.6616E-05	7.08102E-05	8.20377E-05	9.46122E-05	0.000110539	0.000125425	0.000141388
465	5.26038E-06	4.89462E-06	6.28825E-06	8.81061E-06	1.24766E-05	1.84972E-05	2.75878E-05	3.63032E-05	4.90731E-05	6.03388E-05	7.51985E-05	8.75792E-05	0.000101033	0.00011833	0.000134228	0.000150794
466	4.88234E-06	4.41948E-06	6.24774E-06	8.68188E-06	1.26558E-05	1.97046E-05	2.93689E-05	3.87264E-05	5.24871E-05	6.4713E-05	7.98537E-05	9.42279E-05	0.000108502	0.000127147	0.000144983	0.000160959
467	4.49427E-06	4.0454E-06	6.22853E-06	8.75003E-06	1.32318E-05	2.13092E-05	3.15884E-05	4.1581E-05	5.60779E-05	6.95167E-05	8.48744E-05	0.000101693	0.000116936	0.000136886	0.000157118	0.000172146
468	4.08517E-06	3.78091E-06	6.20169E-06	8.91727E-06	1.40433E-05	2.31075E-05	3.40147E-05	4.47668E-05	5.98079E-05	7.46135E-05	9.05195E-05	0.000109804	0.00012643	0.000147645	0.000170218	0.000184939
469	3.64386E-06	3.6346E-06	6.13785E-06	9.0845E-06	1.4927E-05	2.48934E-05	3.64132E-05	4.81817E-05	6.36389E-05	7.98652E-05	9.70517E-05	0.000118389	0.00013708	0.000159525	0.000183859	0.000199928
470	3.16472E-06	3.61083E-06	6.01249E-06	9.16762E-06	1.57347E-05	2.64846E-05	3.85791E-05	5.17343E-05	6.75514E-05	8.51662E-05	0.000104699	0.000127304	0.00014896	0.000172614	0.000197699	0.000217631
471	2.68008E-06	3.66508E-06	5.82436E-06	9.18585E-06	1.64051E-05	2.78231E-05	4.04404E-05	5.52397E-05	7.144E-05	9.03876E-05	0.000112994	0.000136191	0.000161402	0.000186239	0.00021137	0.000237066
472	2.26721E-06	3.75867E-06	5.63478E-06	9.288E-06	1.70557E-05	2.91409E-05	4.23233E-05	5.89111E-05	7.57357E-05	9.61197E-05	0.000122019	0.000145679	0.000174645	0.000200832	0.000226194	0.000258372
473	1.99117E-06	3.8404E-06	5.48439E-06	9.59249E-06	1.77535E-05	3.05863E-05	4.44309E-05	6.27984E-05	8.06535E-05	0.000102682	0.000131525	0.000155996	0.000188463	0.000216281	0.000242867	0.000281005
474	1.91616E-06	3.85956E-06	5.41368E-06	1.02161E-05	1.85654E-05	3.23061E-05	4.69647E-05	6.69501E-05	8.64056E-05	0.00011039	0.000141263	0.000167366	0.000202631	0.000232475	0.000262076	0.000304424
475	2.0478E-06	3.79519E-06	5.45275E-06	1.11662E-05	1.95317E-05	3.43342E-05	4.99937E-05	7.13398E-05	9.29928E-05	0.000119206	0.000151061	0.000179769	0.00021699	0.00024925	0.000283767	0.000328156
476	2.29227E-06	3.66667E-06	5.60298E-06	1.22473E-05	2.06056E-05	3.64453E-05	5.32596E-05	7.56586E-05	9.98619E-05	0.000128253	0.000160524	0.000192383	0.000231	0.000265796	0.000306031	0.000351094
477	2.55579E-06	3.51402E-06	5.88689E-06	1.32956E-05	2.18192E-05	3.85439E-05	5.66967E-05	7.98907E-05	0.000106824	0.000137109	0.000169912	0.000205117	0.000245054	0.000282356	0.000328063	0.00037354
478	2.74131E-06	3.36874E-06	6.31535E-06	1.41269E-05	2.31651E-05	4.04668E-05	6.01406E-05	8.38788E-05	0.000113511	0.000145124	0.000179185	0.000217525	0.000259112	0.000298678	0.000348507	0.000395151
479	2.76897E-06	3.25796E-06	6.88309E-06	1.4599E-05	2.46203E-05	4.20944E-05	6.34465E-05	8.75175E-05	0.000119627	0.000151814	0.00018832	0.000229262	0.000273146	0.000314585	0.00036635	0.000415723
480	2.6521E-06	3.18531E-06	7.49428E-06	1.47981E-05	2.60739E-05	4.35462E-05	6.65727E-05	9.09887E-05	0.000125299	0.000157619	0.000197399	0.000240533	0.000287172	0.000330298	0.000382439	0.000435835
481	2.4328E-06	3.14174E-06	8.0106E-06	1.4868E-05	2.7346E-05	4.49599E-05	6.94144E-05	9.44374E-05	0.000130606	0.000163061	0.000206245	0.000251374	0.000300797	0.00034568	0.000397694	0.000455682
482	2.16065E-06	3.12729E-06	8.31695E-06	1.49936E-05	2.83336E-05	4.65961E-05	7.20586E-05	9.82673E-05	0.000135988	0.000169109	0.000215247	0.000262507	0.000314449	0.000361541	0.00041412	0.000476701
483	1.88046E-06	3.13729E-06	8.29541E-06	1.53324E-05	2.89082E-05	4.86451E-05	7.45061E-05	0.000102744	0.000141704	0.000176482	0.000224523	0.000274314	0.000328173	0.000378232	0.000433141	0.000499702
484	1.63372E-06	3.16491E-06	7.97371E-06	1.59347E-05	2.91593E-05	5.11193E-05	7.68926E-05	0.000107912	0.000147887	0.000185372	0.000234289	0.000287043	0.000342277	0.000396106	0.000455271	0.000525075
485	1.45836E-06	3.20099E-06	7.53539E-06	1.67358E-05	2.94095E-05	5.38408E-05	7.94984E-05	0.000113586	0.000154538	0.000195403	0.000244864	0.000300799	0.000357348	0.000415526	0.000480056	0.000552753
486	1.39473E-06	3.24352E-06	7.18508E-06	1.7705E-05	3.00551E-05	5.67492E-05	8.27897E-05	0.000119832	0.000162008	0.000206632	0.000257137	0.000316374	0.000374807	0.000437809	0.000508118	0.000583938
487	1.47684E-06	3.27643E-06	7.09265E-06	1.87391E-05	3.13603E-05	5.95485E-05	8.68804E-05	0.000126218	0.000169966	0.000218261	0.000270912	0.000333235	0.000394495	0.000462445	0.000537972	0.000617398
488	1.71835E-06	3.29845E-06	7.38274E-06	1.97835E-05	3.35207E-05	6.2151E-05	9.19387E-05	0.000132651	0.000178464	0.000230061	0.000286416	0.00035151	0.000416852	0.0004897	0.000569349	0.000653211
489	2.05457E-06	3.33375E-06	7.97586E-06	2.08272E-05	3.6296E-05	6.47798E-05	9.77538E-05	0.000139368	0.000187728	0.000242332	0.000303555	0.000371409	0.000441806	0.000519533	0.000602657	0.000691944
490	2.40509E-06	3.41164E-06	8.75115E-06	2.18678E-05	3.93587E-05	6.77205E-05	0.000104039	0.000146669	0.000198021	0.00025548	0.000322173	0.000393157	0.000469182	0.000551835	0.00063844	0.000734263
491	2.69474E-06	3.56764E-06	9.60559E-06	2.29443E-05	4.24586E-05	7.13854E-05	0.000110707	0.000155134	0.000209981	0.000270393	0.000342725	0.000417729	0.000499701	0.000587556	0.000678461	0.000782233
492	2.84692E-06	3.82027E-06	1.04115E-05	2.40207E-05	4.52318E-05	7.59143E-05	0.000117327	0.000164783	0.000223505	0.00028701	0.000364527	0.000444665	0.000532411	0.00062567	0.000722145	0.000835209
493	2.8706E-06	4.13829E-06	1.11264E-05	2.51396E-05	4.76831E-05	8.12171E-05	0.000123979	0.000175528	0.00023846	0.000305304	0.000387533	0.000473825	0.000567183	0.000666095	0.000769463	0.000892828
494	2.82616E-06	4.45545E-06	1.17523E-05	2.63691E-05	5.00075E-05	8.69867E-05	0.000130949	0.000187055	0.000254481	0.000324995	0.000411761	0.000504856	0.000603912	0.000708754	0.000820045	0.000954119
495	2.77485E-06	4.70483E-06	1.22919E-05	2.77779E-05	5.24034E-05	9.29118E-05	0.000138528	0.000199043	0.000271198	0.000345797	0.000437229	0.000537399	0.00064249	0.00075357	0.000873516	0.001018102
496	2.77978E-06	4.82354E-06	1.27571E-05	2.9455E-05	5.51073E-05	9.87528E-05	0.000147107	0.000211325	0.000288447	0.000367686	0.00046428	0.000571498	0.00068329	0.00080103	0.000930153	0.001084563
497	2.88035E-06	4.8017E-06	1.31551E-05	3.14067E-05	5.8218E-05	0.000104373	0.000156707	0.000223725	0.000305961	0.000390349	0.00049275	0.00060675	0.000725956	0.000850748	0.000989311	0.001152627
498	3.08463E-06	4.73265E-06	1.35226E-05	3.35842E-05	6.17605E-05	0.00011009	0.000167141	0.000236659	0.000324109	0.000414027	0.000522927	0.000643602	0.000770831	0.000903135	0.001051414	0.001223355
499	3.39751E-06	4.71972E-06	1.38988E-05	3.59316E-05	6.57496E-05	0.000116256	0.00017819	0.000250584	0.000343309	0.000438992	0.000555121	0.000682556	0.000818288	0.000958633	0.00111693	0.001297935
500	3.82394E-06	4.86677E-06	1.43228E-05	3.83923E-05	7.02E-05	0.00012323	0.000189636	0.000265961	0.000363978	0.00046552	0.00058964	0.000724112	0.0008687	0.001017685	0.001186334	0.001377563
501	4.34264E-06	5.23073E-06	1.47996E-05	4.08082E-05	7.49029E-05	0.000130924	0.000200786	0.000282389	0.000385456	0.000492581	0.000625115	0.000766742	0.000920051	0.001077929	0.001256861	0.001459566
502	4.87676E-06	5.72892E-06	1.54072E-05	4.31867E-05	7.97794E-05	0.000139234	0.00021189	0.000299859	0.000408088	0.000520808	0.000662159	0.000811475	0.000973624	0.001140833	0.001330377	0.001546132
503	5.32039E-06	6.2208E-06	1.61915E-05	4.54447E-05	8.45349E-05	0.000147604	0.000222784	0.000317509	0.000431185	0.000549617	0.000699817	0.000857446	0.001028497	0.001205266	0.001405772	0.00163584
504	5.56806E-06	6.56644E-06	1.7198E-05	4.74991E-05	8.88757E-05	0.000155479	0.000233303	0.000334483	0.000454063	0.000578427	0.000737136	0.000903792	0.001083748	0.001270108	0.00148194	0.001727276
505	5.52463E-06	6.63688E-06	1.84638E-05	4.92775E-05	9.25354E-05	0.000162347	0.000243303	0.000349991	0.000476084	0.000606695	0.000773229	0.000949699	0.001138514	0.00133431	0.001557845	0.001819103
506	5.24096E-06	6.45836E-06	1.99165E-05	5.08933E-05	9.56919E-05	0.00016841	0.000253113	0.000364437	0.000497629	0.00063489	0.000808723	0.000995782	0.001193626	0.001398933	0.001634669	0.001912469
507	4.86556E-06	6.15912E-06	2.13623E-05	5.24932E-05	9.86578E-05	0.000174058	0.000262897	0.000378369	0.00051882	0.000662935	0.000843715	0.001041678	0.001248729	0.001463749	0.001711902	0.002006475
508	4.55362E-06	5.87502E-06	2.26187E-05	5.42633E-05	0.00010182	0.000179809	0.000273003	0.000392609	0.000540141	0.000691208	0.000878888	0.001087738	0.001304322	0.001529531	0.001790199	0.002101574
509	4.45895E-06	5.74113E-06	2.35048E-05	5.6388E-05	0.000105564	0.000186179	0.000283776	0.000407971	0.000562071	0.000720086	0.000914917	0.001134306	0.0013609	0.00159704	0.001870204	0.00219821
510	4.63247E-06	5.83896E-06	2.39731E-05	5.89305E-05	0.00011007	0.000193456	0.000295398	0.000424827	0.000584855	0.000749737	0.000952117	0.001181484	0.001418579	0.001666382	0.00195193	0.002296225
511	4.93183E-06	6.14151E-06	2.4159E-05	6.1603E-05	0.000114902	0.000201081	0.000307081	0.000441785	0.000606978	0.000778246	0.000987969	0.001226228	0.001473552	0.001732666	0.002029784	0.002389103
512	5.21671E-06	6.63706E-06	2.43283E-05	6.43566E-05	0.000120076	0.000209307	0.000319313	0.000459252	0.000629471	0.000806977	0.001024103	0.001270679	0.001528228	0.001798265	0.002106703	0.002480394
513	5.33843E-06	7.3014E-06	2.4692E-05	6.70188E-05	0.000125373	0.000217977	0.000331954	0.000476732	0.000652117	0.000835699	0.001060123	0.001314469	0.001581999	0.001862016	0.002181488	0.002568781
514	5.19948E-06	8.09277E-06	2.54014E-05	6.94477E-05	0.000130587	0.000226889	0.000344826	0.000493808	0.000674708	0.000864201	0.001095692	0.001357338	0.001634412	0.001923105	0.002253288	0.00265338
515	4.91842E-06	8.89266E-06	2.63543E-05	7.16268E-05	0.000135559	0.000235658	0.000357585	0.000510382	0.000697047	0.000892356	0.00113071	0.001399502	0.001685662	0.001982171	0.002322729	0.00273513
516	4.67101E-06	9.56333E-06	2.73828E-05	7.35767E-05	0.000140147	0.000243858	0.000369864	0.000526463	0.000718978	0.000920101	0.001165194	0.001441365	0.001736191	0.002040328	0.002390932	0.002815575
517	4.63081E-06	9.96763E-06	2.83186E-05	7.53114E-05	0.000144201	0.00025105	0.000381264	0.000542015	0.000740283	0.000947293	0.001199064	0.001483204	0.00178629	0.002098506	0.002458801	0.002896
518	4.94973E-06	9.98624E-06	2.90108E-05	7.68474E-05	0.000147589	0.000256855	0.000391434	0.000557003	0.000760761	0.000973799	0.001232249	0.001525262	0.001836229	0.002157549	0.002527182	0.002977608
519	5.5538E-06	9.68033E-06	2.94776E-05	7.81961E-05	0.000150336	0.000261409	0.000400291	0.000571163	0.000780062	0.000999147	0.001264306	0.001566776	0.001885301	0.002216521	0.002595255	0.003059495
520	6.22983E-06	9.22237E-06	2.9841E-05	7.93656E-05	0.00015256	0.000265169	0.000407924	0.000584086	0.000797743	0.001022659	0.001294558	0.001606362	0.001932197	0.002273395	0.002661176	0.003139459
521	6.77706E-06	8.80099E-06	3.02793E-05	8.0512E-05	0.000154665	0.000269087	0.000415184	0.000596464	0.000814862	0.001045579	0.001324764	0.001645666	0.00197925	0.002330426	0.002728116	0.003221222
522	6.97662E-06	8.56686E-06	3.08571E-05	8.14989E-05	0.000156489	0.000273126	0.000421418	0.000606843	0.000829544	0.001065397	0.001351924	0.001680436	0.002021691	0.002381529	0.002789469	0.003296965
523	6.77938E-06	8.57133E-06	3.15797E-05	8.23643E-05	0.000158135	0.000277438	0.000426838	0.000615282	0.000841852	0.00108211	0.001375858	0.00171035	0.002059204	0.00242618	0.002844671	0.003365815
524	6.34296E-06	8.71387E-06	3.23049E-05	8.31853E-05	0.000159694	0.0002818	0.000431819	0.000622433	0.000852496	0.001096575	0.001397032	0.001736427	0.002092737	0.00246577	0.002894794	0.003428585
525	5.83845E-06	8.88402E-06	3.28812E-05	8.40414E-05	0.000161253	0.000285961	0.000436745	0.000628988	0.000862226	0.001109706	0.00141595	0.001759778	0.002123319	0.002501815	0.002941012	0.003486201
526	5.43841E-06	8.9751E-06	3.31697E-05	8.50438E-05	0.00016296	0.000289783	0.000442168	0.000635874	0.000872119	0.001122837	0.001433655	0.001782177	0.002152788	0.00253678	0.002985622	0.003540916
527	5.25901E-06	8.92264E-06	3.31033E-05	8.61958E-05	0.00016481	0.000293009	0.00044808	0.000643261	0.000882292	0.001136087	0.001449989	0.00180366	0.002180928	0.002570588	0.003028121	0.003591967
528	5.28021E-06	8.79601E-06	3.2883E-05	8.74132E-05	0.000166773	0.000295755	0.00045403	0.00065079	0.000892353	0.001148983	0.001464974	0.00182381	0.002207113	0.002602346	0.003067548	0.003638845
529	5.45911E-06	8.68605E-06	3.27524E-05	8.85921E-05	0.000168803	0.00029818	0.000459467	0.000657977	0.000901775	0.001160886	0.001478568	0.001842027	0.002230516	0.002630873	0.003102687	0.003680871
530	5.75283E-06	8.6835E-06	3.29545E-05	8.96287E-05	0.000170856	0.000300442	0.00046384	0.000664337	0.000910031	0.001171157	0.001490735	0.001857713	0.002250313	0.002654988	0.003132324	0.003717367
531	6.11334E-06	8.85431E-06	3.36622E-05	9.04313E-05	0.00017286	0.000302662	0.000466725	0.000669468	0.000916693	0.001179297	0.001501448	0.001870422	0.002265907	0.002673832	0.003155596	0.003747876
532	6.46326E-06	9.12582E-06	3.46551E-05	9.09718E-05	0.0001746	0.000304738	0.000468385	0.000673386	0.000921855	0.001185528	0.001510711	0.00188049	0.002277894	0.002688231	0.003173494	0.003773057
533	6.71514E-06	9.37744E-06	3.55769E-05	9.12449E-05	0.000175811	0.000306492	0.000469323	0.000676257	0.000925797	0.001190337	0.001518547	0.001888542	0.002287303	0.002699617	0.003187673	0.003793978
534	6.78157E-06	9.48865E-06	3.60715E-05	9.12455E-05	0.000176226	0.000307747	0.000470043	0.000678249	0.000928801	0.001194208	0.001524979	0.0018952	0.002295159	0.002709422	0.003199792	0.003811712
535	6.58591E-06	9.35158E-06	3.58192E-05	9.09774E-05	0.000175622	0.000308348	0.000471014	0.000679527	0.000931132	0.00119759	0.001530028	0.001901037	0.002302401	0.002718945	0.003211347	0.003827224
536	6.17697E-06	9.00595E-06	3.4922E-05	9.05196E-05	0.000174193	0.000308279	0.000472089	0.000679987	0.000932552	0.001200081	0.001533128	0.001905353	0.00230809	0.002726917	0.003220819	0.00383887
537	5.69267E-06	8.59775E-06	3.37942E-05	9.00881E-05	0.000172578	0.000307917	0.000473174	0.00068	0.00093338	0.001201864	0.001534795	0.001908434	0.002312258	0.002732986	0.003227771	0.003846956
538	5.26963E-06	8.27094E-06	3.28415E-05	8.98668E-05	0.000171357	0.000307528	0.000473999	0.000679693	0.000933599	0.00120269	0.001534996	0.001909875	0.002314097	0.002735808	0.0032306	0.003850399
539	5.04125E-06	8.16518E-06	3.24578E-05	9.00323E-05	0.000171092	0.00030737	0.000474298	0.000679187	0.000933191	0.001202313	0.001533698	0.001909281	0.002312826	0.002734083	0.003227758	0.003848164
540	5.05191E-06	8.29698E-06	3.27141E-05	9.05587E-05	0.000171813	0.000307423	0.000473894	0.000678436	0.000932068	0.001200628	0.001530944	0.001906535	0.002308367	0.002727792	0.00321937	0.003840507
541	5.25147E-06	8.55427E-06	3.33616E-05	9.13361E-05	0.000173221	0.000307859	0.000473497	0.000678329	0.000931605	0.001199675	0.001529386	0.001904991	0.002305263	0.002722895	0.003212806	0.003835516
542	5.56782E-06	8.78976E-06	3.40234E-05	9.19417E-05	0.000174415	0.000307812	0.000472255	0.000677496	0.000930086	0.00119753	0.001526616	0.00190171	0.002300467	0.002716411	0.003204895	0.003828657
543	5.93698E-06	8.86968E-06	3.43757E-05	9.21015E-05	0.000174776	0.000306927	0.000470096	0.00067569	0.000927337	0.001194254	0.001522758	0.001896907	0.002294746	0.00270987	0.003197791	0.00382175
544	6.30358E-06	8.73906E-06	3.42469E-05	9.16606E-05	0.000173972	0.00030504	0.000467023	0.00067274	0.000923228	0.001189762	0.001517716	0.001890569	0.002288287	0.002703778	0.00319222	0.003815363
545	6.62963E-06	8.50018E-06	3.37691E-05	9.07032E-05	0.000172238	0.000302381	0.000463178	0.00066863	0.000917724	0.001183683	0.001510959	0.001882237	0.002280112	0.0026966	0.003186058	0.003807574
546	6.8771E-06	8.27193E-06	3.31011E-05	8.93164E-05	0.000169834	0.000299139	0.000458591	0.000663171	0.000910538	0.001175275	0.001501474	0.00187086	0.00226845	0.00268578	0.003175925	0.00379507
547	7.01168E-06	8.17851E-06	3.24221E-05	8.76399E-05	0.000167116	0.000295676	0.000453557	0.00065656	0.000901911	0.001164471	0.00148911	0.001856465	0.002252834	0.002670305	0.003160257	0.003776714
548	7.00695E-06	8.28955E-06	3.186E-05	8.58024E-05	0.000164361	0.000292221	0.000448243	0.000648892	0.000891912	0.001151155	0.001473593	0.001838772	0.002232576	0.002648976	0.003137347	0.003750981
549	6.86946E-06	8.49879E-06	3.14027E-05	8.39831E-05	0.000161735	0.000288826	0.000442827	0.000640584	0.000880929	0.001136184	0.001455698	0.001818291	0.002208444	0.002622597	0.003108087	0.003718729
550	6.61271E-06	8.66272E-06	3.1009E-05	8.23722E-05	0.000159386	0.000285512	0.000437489	0.000632117	0.000869415	0.001120622	0.001436419	0.001795703	0.002181518	0.002592395	0.003073919	0.003681322
551	6.24813E-06	8.63448E-06	3.06268E-05	8.11331E-05	0.000157406	0.000282203	0.000432267	0.000623764	0.000857537	0.001105165	0.00141628	0.001771092	0.002152157	0.002558739	0.003035268	0.003638906
552	5.80314E-06	8.31111E-06	3.02313E-05	8.04273E-05	0.000155933	0.000278981	0.000427409	0.000616081	0.000845928	0.00109099	0.001396559	0.001745643	0.002121985	0.002523526	0.002994396	0.003593815
553	5.36643E-06	7.79962E-06	2.98221E-05	8.00664E-05	0.000154693	0.000275646	0.000422559	0.000608591	0.000834247	0.001077362	0.001376873	0.001719304	0.002090763	0.002486551	0.002951224	0.003545534
554	5.04882E-06	7.28087E-06	2.9411E-05	7.97509E-05	0.000153294	0.000271932	0.0004172	0.000600535	0.000821922	0.001063019	0.001356428	0.001691809	0.002057859	0.002447188	0.002905218	0.003492995
555	4.96136E-06	6.93607E-06	2.90096E-05	7.91806E-05	0.00015134	0.000267573	0.000410817	0.000591155	0.000808376	0.001046694	0.001334431	0.001662892	0.002022642	0.002404808	0.002855847	0.003435126
556	5.20963E-06	6.94328E-06	2.8707E-05	7.83137E-05	0.000148922	0.00026311	0.000404139	0.000581485	0.000795427	0.001030277	0.001313998	0.00163707	0.001990356	0.002365768	0.002810828	0.003380862
557	5.68622E-06	7.23128E-06	2.83797E-05	7.69625E-05	0.000145797	0.000258007	0.000396338	0.0005703	0.000781261	0.00101147	0.001291878	0.001610117	0.001956155	0.002324418	0.002763202	0.003322229
558	6.19741E-06	7.6359E-06	2.79628E-05	7.5334E-05	0.000142451	0.000252761	0.00038821	0.000558712	0.000766959	0.000992007	0.0012694	0.00158308	0.001921899	0.002283088	0.002715246	0.003262764
559	6.54596E-06	7.9897E-06	2.73904E-05	7.36395E-05	0.000139381	0.000247873	0.000380567	0.000547852	0.000753622	0.000973651	0.001247914	0.00155702	0.001889483	0.002244142	0.002669277	0.003206067
560	6.54491E-06	8.13223E-06	2.66042E-05	7.20816E-05	0.000137052	0.000243814	0.000374171	0.000538784	0.000742272	0.000958056	0.001228681	0.001532921	0.001860667	0.002209784	0.002627457	0.003155518
561	6.17211E-06	8.00559E-06	2.55678E-05	7.04131E-05	0.000134873	0.000239522	0.00036745	0.000529249	0.000729689	0.000941198	0.00120655	0.00150442	0.001827617	0.002170732	0.00257902	0.003098272
562	5.60556E-06	7.72153E-06	2.4551E-05	6.88241E-05	0.000132932	0.000235405	0.000361105	0.000520295	0.000717469	0.000925112	0.001184821	0.001476195	0.001795388	0.002132938	0.002531867	0.00304336
563	5.00067E-06	7.36263E-06	2.37171E-05	6.72104E-05	0.000130752	0.000230883	0.000354317	0.000510782	0.000704204	0.000907947	0.001161833	0.001446747	0.001761522	0.002093428	0.002483295	0.002987065
564	4.50881E-06	7.00927E-06	2.32223E-05	6.5471E-05	0.000127876	0.000225399	0.000346296	0.00049961	0.000688541	0.000887922	0.001135987	0.001414634	0.001723654	0.002049336	0.002430703	0.002925802
565	4.19001E-06	6.69204E-06	2.30509E-05	6.35869E-05	0.000124252	0.000218951	0.00033696	0.000486616	0.000670394	0.000864858	0.001107211	0.001379813	0.001681586	0.002000359	0.002373845	0.002859046
566	4.0084E-06	6.38832E-06	2.30036E-05	6.16103E-05	0.000120222	0.00021207	0.000326894	0.000472506	0.000650858	0.000840064	0.001076789	0.001343413	0.001637031	0.001948439	0.002314441	0.002788866
567	3.9255E-06	6.07598E-06	2.2883E-05	5.96247E-05	0.000116201	0.000205407	0.000316855	0.000458239	0.000631374	0.000815292	0.001046547	0.001307213	0.001592519	0.001896492	0.002255328	0.002718689
568	3.9022E-06	5.73208E-06	2.24905E-05	5.76988E-05	0.000112567	0.000199551	0.000307517	0.000444654	0.000613209	0.000792076	0.001018039	0.001272662	0.00155017	0.001846948	0.002198776	0.002651262
569	3.90921E-06	5.36085E-06	2.1761E-05	5.58838E-05	0.00010943	0.00019461	0.00029911	0.000432087	0.000596756	0.000770887	0.000991669	0.001240108	0.001510552	0.001800446	0.00214519	0.002587201
570	3.9306E-06	5.00354E-06	2.08115E-05	5.42075E-05	0.000106531	0.000190036	0.000291254	0.000420191	0.000581211	0.000750748	0.000966281	0.001208392	0.001472117	0.001755183	0.002092435	0.002524224
571	3.95178E-06	4.70434E-06	1.97733E-05	5.27001E-05	0.000103593	0.000185254	0.000283553	0.000408608	0.000565737	0.000730645	0.000940687	0.001176357	0.001433295	0.001709337	0.002038377	0.002460055
572	3.95772E-06	4.50616E-06	1.87733E-05	5.13819E-05	0.000100325	0.000179659	0.000275566	0.00039691	0.000549403	0.000709444	0.000913548	0.001142647	0.001392279	0.0016608	0.001980543	0.002392012
573	3.9488E-06	4.42694E-06	1.78901E-05	5.02147E-05	9.66719E-05	0.000173101	0.000267113	0.000384897	0.000531881	0.000686796	0.000884436	0.001106845	0.001348535	0.001608931	0.00191834	0.002319357
574	3.95143E-06	4.44084E-06	1.71167E-05	4.90511E-05	9.2965E-05	0.000166173	0.000258431	0.000372703	0.000513788	0.000663586	0.000854347	0.00106997	0.001303493	0.001555348	0.001854093	0.002244325
575	3.99454E-06	4.51773E-06	1.64374E-05	4.77337E-05	8.9575E-05	0.000159543	0.000249793	0.000360494	0.000495832	0.000640817	0.000824414	0.001033176	0.001258776	0.001501884	0.001790406	0.002169437
576	4.10231E-06	4.62259E-06	1.58196E-05	4.60567E-05	8.67769E-05	0.000153709	0.000241216	0.000348063	0.000478208	0.000618829	0.000794917	0.000996551	0.001214701	0.00144882	0.001728029	0.002094966
577	4.26409E-06	4.72241E-06	1.52667E-05	4.40403E-05	8.47763E-05	0.000149128	0.000233099	0.000335909	0.000461827	0.000598752	0.000767362	0.000961832	0.001173413	0.00139875	0.001670116	0.002024459
578	4.37447E-06	4.76344E-06	1.47649E-05	4.19094E-05	8.31385E-05	0.000145278	0.000225259	0.000323995	0.000446341	0.000579811	0.000741239	0.000928465	0.001133876	0.001350755	0.001614906	0.001956252
579	4.31737E-06	4.69026E-06	1.43012E-05	3.99199E-05	8.13634E-05	0.000141542	0.000217475	0.00031227	0.000431315	0.000561087	0.000715898	0.000895753	0.00109484	0.001303689	0.001560279	0.001888334
580	3.9778E-06	4.44801E-06	1.38623E-05	3.83255E-05	7.89553E-05	0.000137308	0.000209527	0.000300683	0.000416318	0.000541667	0.000690698	0.000863008	0.001055061	0.001256418	0.001504135	0.001818716
581	3.34535E-06	4.05251E-06	1.34696E-05	3.73076E-05	7.58204E-05	0.000132474	0.000201696	0.000289768	0.000401812	0.000522027	0.000666465	0.000831414	0.001015802	0.001210583	0.001448114	0.00174983
582	2.63334E-06	3.65594E-06	1.31121E-05	3.65526E-05	7.21845E-05	0.000127038	0.000193735	0.000278987	0.000386965	0.000501509	0.000641844	0.000799544	0.000975634	0.001164125	0.001390442	0.001679742
583	2.09976E-06	3.44289E-06	1.28097E-05	3.57705E-05	6.85239E-05	0.000121363	0.000185857	0.000268409	0.000371816	0.000480671	0.000616926	0.000767788	0.000935432	0.00111765	0.001332694	0.001610536
584	2.00259E-06	3.59787E-06	1.25821E-05	3.46713E-05	6.5315E-05	0.000115813	0.000178276	0.000258107	0.000356404	0.000460073	0.000591797	0.000736539	0.000896073	0.001071767	0.001276444	0.001544292
585	2.4684E-06	4.18179E-06	1.24344E-05	3.30957E-05	6.28318E-05	0.000110621	0.000171083	0.000248053	0.000340789	0.000440064	0.000566534	0.000705975	0.000858051	0.001026803	0.0012226	0.001482042
586	3.26549E-06	4.92081E-06	1.23467E-05	3.12854E-05	6.08664E-05	0.000105801	0.000164247	0.000238248	0.000325498	0.000420947	0.000541861	0.000676532	0.000821855	0.000983545	0.001171716	0.001423708
587	4.09392E-06	5.4717E-06	1.22609E-05	2.94601E-05	5.89573E-05	0.000101027	0.000157246	0.000228022	0.00031021	0.000401814	0.000517066	0.000646767	0.000785628	0.000940061	0.001120948	0.001364978
588	4.6547E-06	5.49395E-06	1.21344E-05	2.78849E-05	5.6723E-05	9.6118E-05	0.000149783	0.000217025	0.000295051	0.000382338	0.000492183	0.000616159	0.000748641	0.000895764	0.001069053	0.001303473
589	4.75815E-06	4.82384E-06	1.19258E-05	2.67189E-05	5.39248E-05	9.09818E-05	0.000141711	0.000205108	0.000280096	0.000362346	0.00046724	0.000584446	0.000710472	0.000850343	0.001015302	0.001237812
590	4.54127E-06	3.82431E-06	1.15974E-05	2.5806E-05	5.07495E-05	8.57962E-05	0.000133333	0.000192708	0.000265267	0.000342139	0.000442248	0.000552131	0.000671629	0.00080431	0.000960498	0.001169605
591	4.21306E-06	2.96505E-06	1.1141E-05	2.49963E-05	4.7588E-05	8.10004E-05	0.000125364	0.000180842	0.000251107	0.000322949	0.000418305	0.000521219	0.000634446	0.000760316	0.000908101	0.0011039
592	3.96031E-06	2.70142E-06	1.04869E-05	2.4003E-05	4.45686E-05	7.65895E-05	0.000117827	0.000169534	0.000236781	0.000304228	0.000394204	0.000490847	0.000597764	0.000716826	0.000856575	0.001039668
593	3.9159E-06	3.30357E-06	9.64387E-06	2.26983E-05	4.188E-05	7.2699E-05	0.000110977	0.000159157	0.000222265	0.000286241	0.000370025	0.000461477	0.000562089	0.000674344	0.000806684	0.000978445
594	4.00461E-06	4.42511E-06	8.7669E-06	2.12328E-05	3.94597E-05	6.91648E-05	0.00010463	0.000149525	0.000207813	0.000268849	0.000346078	0.000432972	0.000527357	0.000632837	0.000758141	0.000919726
595	4.11039E-06	5.59704E-06	8.04107E-06	1.98124E-05	3.71962E-05	6.57632E-05	9.85183E-05	0.000140342	0.000193733	0.00025183	0.000322721	0.000405078	0.000493394	0.000592171	0.000710453	0.000862609
596	4.10854E-06	6.3323E-06	7.64182E-06	1.86156E-05	3.49187E-05	6.21645E-05	9.22167E-05	0.000131091	0.000180042	0.000234576	0.000299822	0.000376917	0.000459267	0.000551297	0.000662026	0.000804847
597	3.94765E-06	6.33121E-06	7.67432E-06	1.78036E-05	3.26339E-05	5.83369E-05	8.57448E-05	0.000121842	0.000167295	0.000217432	0.000278203	0.000349107	0.000425792	0.00051123	0.000613913	0.000747436
598	3.74856E-06	5.79536E-06	7.94183E-06	1.72547E-05	3.04504E-05	5.43816E-05	7.9314E-05	0.000112793	0.000155413	0.000200686	0.000257799	0.000322056	0.000393317	0.000472287	0.000566857	0.000691082
599	3.66615E-06	5.02194E-06	8.19286E-06	1.68009E-05	2.85085E-05	5.04465E-05	7.32048E-05	0.000104217	0.000144263	0.000184698	0.000238485	0.000296267	0.000362263	0.000434851	0.000521775	0.000636724
600	3.85669E-06	4.311E-06	8.1736E-06	1.62723E-05	2.69498E-05	4.66808E-05	6.76999E-05	9.63876E-05	0.000133711	0.000169833	0.000220133	0.000272249	0.000333055	0.000399309	0.000479596	0.000585309
601	4.37601E-06	3.88088E-06	7.73105E-06	1.55037E-05	2.57424E-05	4.30734E-05	6.27836E-05	8.92038E-05	0.000123304	0.000155891	0.000202112	0.000249629	0.00030513	0.000364976	0.000439701	0.000536015
602	5.05188E-06	3.76903E-06	7.09258E-06	1.45431E-05	2.46993E-05	3.9722E-05	5.84159E-05	8.26731E-05	0.000113296	0.000143117	0.000184998	0.000228807	0.000279114	0.000332898	0.000402842	0.000490024
603	5.66093E-06	3.96546E-06	6.52102E-06	1.34163E-05	2.35099E-05	3.657E-05	5.43025E-05	7.64647E-05	0.000103568	0.000131201	0.000168755	0.000209305	0.0002546	0.000302935	0.000368224	0.000446687
604	5.98022E-06	4.46002E-06	6.27864E-06	1.21491E-05	2.18645E-05	3.35612E-05	5.01501E-05	7.02488E-05	9.39998E-05	0.000119832	0.000153349	0.000190644	0.000231181	0.000274944	0.000335054	0.000405352
605	5.90242E-06	5.18248E-06	6.48826E-06	1.08081E-05	1.96453E-05	3.06764E-05	4.57877E-05	6.38535E-05	8.45995E-05	0.000108815	0.000138783	0.00017256	0.000208643	0.000248814	0.000302893	0.000365712
606	5.60129E-06	5.91767E-06	6.9355E-06	9.56064E-06	1.72031E-05	2.79907E-05	4.13478E-05	5.7498E-05	7.56878E-05	9.82359E-05	0.000125175	0.000155323	0.000187266	0.000224537	0.000272203	0.000328327
607	5.29067E-06	6.42735E-06	7.354E-06	8.58557E-06	1.4953E-05	2.55848E-05	3.69949E-05	5.14419E-05	6.76086E-05	8.81951E-05	0.000112618	0.000139238	0.000167348	0.00020205	0.000243492	0.000293781
608	5.1844E-06	6.47502E-06	7.4791E-06	8.06271E-06	1.33111E-05	2.35429E-05	3.28998E-05	4.59533E-05	6.07169E-05	7.88081E-05	0.000101225	0.000124631	0.000149212	0.000181326	0.000217312	0.000262712
609	5.3689E-06	5.99939E-06	7.18245E-06	8.04072E-06	1.2462E-05	2.18664E-05	2.91788E-05	4.1204E-05	5.51272E-05	7.01784E-05	9.09983E-05	0.000111645	0.000133052	0.000162317	0.000193929	0.000235333
610	5.667E-06	5.30179E-06	6.61773E-06	8.29691E-06	1.21101E-05	2.03854E-05	2.58354E-05	3.7166E-05	5.0456E-05	6.23843E-05	8.1708E-05	0.000100038	0.000118785	0.000144931	0.000173016	0.000210981
611	5.85838E-06	4.72007E-06	5.96294E-06	8.55964E-06	1.18792E-05	1.88744E-05	2.28182E-05	3.37262E-05	4.61754E-05	5.54023E-05	7.29658E-05	8.93637E-05	0.000106104	0.000128838	0.000153901	0.000188543
612	5.74619E-06	4.60624E-06	5.41836E-06	8.58951E-06	1.14394E-05	1.7184E-05	2.01673E-05	3.09013E-05	4.1941E-05	4.94267E-05	6.46761E-05	7.9529E-05	9.51203E-05	0.000114223	0.000136522	0.000167665
613	5.29047E-06	5.0572E-06	5.09343E-06	8.26883E-06	1.06381E-05	1.52809E-05	1.7894E-05	2.85544E-05	3.75528E-05	4.4414E-05	5.67775E-05	7.03687E-05	8.55587E-05	0.000100999	0.00012062	0.000147964
614	4.73077E-06	5.75981E-06	4.96714E-06	7.70805E-06	9.65662E-06	1.33941E-05	1.60496E-05	2.64134E-05	3.3218E-05	4.01327E-05	4.95395E-05	6.19293E-05	7.68965E-05	8.91112E-05	0.000106186	0.000129725
615	4.33194E-06	6.36357E-06	5.0061E-06	7.03881E-06	8.70734E-06	1.17759E-05	1.46887E-05	2.41956E-05	2.91821E-05	3.63345E-05	4.32616E-05	5.42769E-05	6.85905E-05	7.8508E-05	9.32305E-05	0.000113292
616	4.34191E-06	6.5125E-06	5.16559E-06	6.37715E-06	7.98103E-06	1.06493E-05	1.38327E-05	2.15812E-05	2.56307E-05	3.27072E-05	3.81531E-05	4.73758E-05	5.99871E-05	6.89914E-05	8.15938E-05	9.87913E-05
617	4.7782E-06	6.12586E-06	5.39643E-06	5.81808E-06	7.57246E-06	1.00769E-05	1.34236E-05	1.86541E-05	2.27173E-05	2.92352E-05	3.42844E-05	4.13661E-05	5.12564E-05	6.06595E-05	7.14498E-05	8.65251E-05
618	5.32303E-06	5.43512E-06	5.60578E-06	5.37334E-06	7.38217E-06	9.81869E-06	1.31851E-05	1.58364E-05	2.03228E-05	2.6007E-05	3.12032E-05	3.6189E-05	4.3106E-05	5.33798E-05	6.26765E-05	7.61279E-05
619	5.64085E-06	4.69064E-06	5.69987E-06	5.04993E-06	7.30018E-06	9.61898E-06	1.28324E-05	1.3571E-05	1.8316E-05	2.31229E-05	2.84355E-05	3.17822E-05	3.62818E-05	4.70186E-05	5.51492E-05	6.72131E-05
620	5.41544E-06	4.13282E-06	5.59124E-06	4.85409E-06	7.21992E-06	9.23376E-06	1.20948E-05	1.2275E-05	1.65709E-05	2.06757E-05	2.55304E-05	2.80842E-05	3.14851E-05	4.14443E-05	4.87429E-05	5.94057E-05
621	4.67605E-06	3.85701E-06	5.31578E-06	4.78274E-06	7.08487E-06	8.61245E-06	1.09584E-05	1.19216E-05	1.50567E-05	1.86461E-05	2.24557E-05	2.50638E-05	2.86674E-05	3.65682E-05	4.33409E-05	5.25361E-05
622	3.77638E-06	3.79939E-06	5.01152E-06	4.80555E-06	6.8612E-06	7.86299E-06	9.62001E-06	1.19968E-05	1.37779E-05	1.68275E-05	1.95043E-05	2.26195E-05	2.69204E-05	3.21965E-05	3.866E-05	4.64261E-05
623	3.08876E-06	3.89605E-06	4.82747E-06	4.89812E-06	6.52633E-06	7.1123E-06	8.30125E-06	1.19883E-05	1.27651E-05	1.50384E-05	1.70189E-05	2.06902E-05	2.53553E-05	2.81952E-05	3.44865E-05	4.09894E-05
624	2.95394E-06	4.08375E-06	4.89789E-06	5.03397E-06	6.06319E-06	6.48119E-06	7.21203E-06	1.14237E-05	1.20415E-05	1.31187E-05	1.53154E-05	1.9209E-05	2.31462E-05	2.44476E-05	3.06231E-05	3.61491E-05
625	3.31745E-06	4.30081E-06	5.16952E-06	5.15455E-06	5.52919E-06	6.02063E-06	6.426E-06	1.03249E-05	1.15326E-05	1.11888E-05	1.43745E-05	1.80154E-05	2.02395E-05	2.1054E-05	2.70725E-05	3.19473E-05
626	3.84076E-06	4.49227E-06	5.45886E-06	5.18428E-06	5.04217E-06	5.7374E-06	5.92425E-06	9.08628E-06	1.11056E-05	9.58485E-06	1.39495E-05	1.69014E-05	1.71664E-05	1.82956E-05	2.4013E-05	2.8548E-05
627	4.17344E-06	4.59309E-06	5.56801E-06	5.03484E-06	4.70701E-06	5.62285E-06	5.67074E-06	8.08202E-06	1.05992E-05	8.61907E-06	1.3756E-05	1.56154E-05	1.44181E-05	1.64057E-05	2.15606E-05	2.60403E-05
628	4.01657E-06	4.55058E-06	5.33269E-06	4.64371E-06	4.62132E-06	5.66762E-06	5.63387E-06	7.64714E-06	9.88695E-06	8.55635E-06	1.35402E-05	1.39702E-05	1.24554E-05	1.55877E-05	1.98405E-05	2.45107E-05
629	3.47154E-06	4.37336E-06	4.81992E-06	4.11497E-06	4.76009E-06	5.7881E-06	5.74337E-06	7.67208E-06	9.01058E-06	9.12795E-06	1.31424E-05	1.21209E-05	1.12566E-05	1.55421E-05	1.87416E-05	2.36477E-05
630	2.84334E-06	4.10126E-06	4.2143E-06	3.63727E-06	5.03598E-06	5.86307E-06	5.90942E-06	7.82117E-06	8.09729E-06	9.79401E-06	1.24509E-05	1.03972E-05	1.0554E-05	1.57137E-05	1.80333E-05	2.29379E-05
631	2.44077E-06	3.77993E-06	3.70611E-06	3.40418E-06	5.36975E-06	5.78046E-06	6.05176E-06	7.77051E-06	7.28548E-06	1.00306E-05	1.13723E-05	9.14227E-06	1.00947E-05	1.55719E-05	1.75117E-05	2.19024E-05
632	2.4995E-06	3.44937E-06	3.44075E-06	3.54721E-06	5.67016E-06	5.44231E-06	6.08586E-06	7.25077E-06	6.66485E-06	9.41589E-06	9.84599E-06	8.5897E-06	9.63624E-06	1.46624E-05	1.69527E-05	2.01172E-05
633	2.91626E-06	3.1946E-06	3.40103E-06	3.93046E-06	5.86942E-06	4.93202E-06	6.00926E-06	6.42305E-06	6.21124E-06	8.24865E-06	8.21449E-06	8.57283E-06	9.17405E-06	1.32172E-05	1.63422E-05	1.78622E-05
634	3.47324E-06	3.1134E-06	3.51315E-06	4.32686E-06	5.90506E-06	4.39039E-06	5.8439E-06	5.58785E-06	5.858E-06	7.06282E-06	6.94796E-06	8.78552E-06	8.77716E-06	1.16888E-05	1.5726E-05	1.56398E-05
635	3.95234E-06	3.30367E-06	3.70323E-06	4.50912E-06	5.71457E-06	3.9584E-06	5.61174E-06	5.04605E-06	5.5384E-06	6.39299E-06	6.51709E-06	8.92127E-06	8.51468E-06	1.05303E-05	1.51504E-05	1.3953E-05
636	4.20057E-06	3.80365E-06	3.91268E-06	4.34746E-06	5.28096E-06	3.74021E-06	5.35441E-06	4.99714E-06	5.22458E-06	6.57546E-06	7.17103E-06	8.78666E-06	8.43669E-06	1.00677E-05	1.46576E-05	1.3156E-05
637	4.22647E-06	4.41782E-06	4.08767E-06	3.9746E-06	4.66992E-06	3.67725E-06	5.1136E-06	5.25659E-06	4.95207E-06	7.23325E-06	8.36662E-06	8.44947E-06	8.43382E-06	1.00993E-05	1.41049E-05	1.297E-05
638	4.08286E-06	4.91131E-06	4.18607E-06	3.59162E-06	3.98303E-06	3.69072E-06	4.94954E-06	5.57715E-06	4.78763E-06	7.86249E-06	9.41596E-06	8.05897E-06	8.39067E-06	1.035E-05	1.33597E-05	1.30318E-05
639	3.82314E-06	5.04824E-06	4.16558E-06	3.40056E-06	3.3228E-06	3.70139E-06	4.92253E-06	5.71031E-06	4.79809E-06	7.95701E-06	9.6279E-06	7.76502E-06	8.19138E-06	1.05428E-05	1.22892E-05	1.29762E-05
640	3.50304E-06	4.74354E-06	4.01418E-06	3.48401E-06	2.78035E-06	3.66821E-06	5.03276E-06	5.54347E-06	4.97944E-06	7.31709E-06	8.71622E-06	7.62226E-06	7.79957E-06	1.0489E-05	1.08986E-05	1.25609E-05
641	3.1808E-06	4.20168E-06	3.7766E-06	3.69169E-06	2.42288E-06	3.62248E-06	5.16207E-06	5.22471E-06	5.18865E-06	6.33275E-06	7.1749E-06	7.49752E-06	7.32893E-06	1.01676E-05	9.45446E-06	1.17782E-05
642	2.9189E-06	3.66666E-06	3.50841E-06	3.84908E-06	2.31802E-06	3.60768E-06	5.18295E-06	4.9386E-06	5.27073E-06	5.47176E-06	5.59969E-06	7.24288E-06	6.91905E-06	9.58694E-06	8.26607E-06	1.06597E-05
643	2.77729E-06	3.37535E-06	3.26271E-06	3.78404E-06	2.52766E-06	3.66376E-06	4.96957E-06	4.86261E-06	5.07299E-06	5.18709E-06	4.57283E-06	6.71181E-06	6.70224E-06	8.75477E-06	7.62876E-06	9.23538E-06
644	2.78091E-06	3.37646E-06	3.06462E-06	3.47715E-06	2.98042E-06	3.77162E-06	4.53984E-06	5.00812E-06	4.60709E-06	5.51472E-06	4.28856E-06	5.93569E-06	6.6852E-06	7.7956E-06	7.53703E-06	7.65599E-06
645	2.91515E-06	3.50596E-06	2.90765E-06	3.08164E-06	3.45434E-06	3.84544E-06	4.07403E-06	5.19881E-06	4.07046E-06	6.01931E-06	4.50248E-06	5.14696E-06	6.73263E-06	6.96585E-06	7.64549E-06	6.2085E-06
646	3.1627E-06	3.5867E-06	2.78319E-06	2.7607E-06	3.71719E-06	3.79463E-06	3.76194E-06	5.24624E-06	3.67143E-06	6.23609E-06	4.94417E-06	4.58987E-06	6.69963E-06	6.53011E-06	7.58681E-06	5.18866E-06
647	3.50039E-06	3.45778E-06	2.68552E-06	2.66436E-06	3.56075E-06	3.53955E-06	3.77583E-06	4.98382E-06	3.60035E-06	5.74551E-06	5.3563E-06	4.48632E-06	6.45507E-06	6.71885E-06	7.03253E-06	4.86438E-06
648	3.82992E-06	3.14603E-06	2.6327E-06	2.76814E-06	3.05747E-06	3.11947E-06	4.05859E-06	4.49154E-06	3.81146E-06	4.66051E-06	5.63865E-06	4.76515E-06	6.01359E-06	7.32952E-06	6.10086E-06	5.14122E-06
649	4.00482E-06	2.79896E-06	2.65837E-06	2.93597E-06	2.46015E-06	2.65037E-06	4.40638E-06	4.0081E-06	4.10797E-06	3.43617E-06	5.79175E-06	5.16781E-06	5.48388E-06	7.88215E-06	5.19733E-06	5.69299E-06
650	3.87672E-06	2.56719E-06	2.79666E-06	3.02896E-06	2.02642E-06	2.25032E-06	4.61143E-06	3.7766E-06	4.28916E-06	2.53652E-06	5.81776E-06	5.43074E-06	4.97698E-06	7.88869E-06	4.73519E-06	6.18726E-06
651	3.35291E-06	2.57232E-06	3.06391E-06	2.94321E-06	1.96142E-06	2.02591E-06	4.50851E-06	3.98085E-06	4.19581E-06	2.33358E-06	5.72366E-06	5.34241E-06	4.5863E-06	6.98254E-06	5.02072E-06	6.34071E-06
652	2.63997E-06	2.77266E-06	3.37636E-06	2.7637E-06	2.17788E-06	2.01595E-06	4.16223E-06	4.47445E-06	3.893E-06	2.68784E-06	5.5355E-06	4.97276E-06	4.30171E-06	5.45663E-06	5.76739E-06	6.13717E-06
653	2.0473E-06	3.07207E-06	3.61685E-06	2.64014E-06	2.49038E-06	2.2373E-06	3.71599E-06	5.00016E-06	3.52267E-06	3.28786E-06	5.28743E-06	4.48815E-06	4.07955E-06	3.82925E-06	6.48908E-06	5.6517E-06
654	1.88658E-06	3.37362E-06	3.66732E-06	2.72333E-06	2.71204E-06	2.7068E-06	3.31435E-06	5.29873E-06	3.22785E-06	3.81964E-06	5.01387E-06	4.05625E-06	3.87585E-06	2.62275E-06	6.69593E-06	4.96008E-06
655	2.30397E-06	3.60036E-06	3.46438E-06	3.07041E-06	2.73529E-06	3.3777E-06	3.06829E-06	5.21303E-06	3.08758E-06	4.05039E-06	4.75413E-06	3.80137E-06	3.66893E-06	2.15946E-06	6.10908E-06	4.16029E-06
656	3.00754E-06	3.71928E-06	3.07973E-06	3.48675E-06	2.65321E-06	4.02949E-06	2.99314E-06	4.841E-06	3.00677E-06	3.95131E-06	4.54868E-06	3.72473E-06	3.48693E-06	2.23378E-06	4.98826E-06	3.39831E-06
657	3.6458E-06	3.72339E-06	2.62528E-06	3.75289E-06	2.60552E-06	4.4312E-06	3.10398E-06	4.34946E-06	2.87804E-06	3.54837E-06	4.46245E-06	3.8267E-06	3.38469E-06	2.56429E-06	3.71298E-06	2.84903E-06
658	3.87045E-06	3.59814E-06	2.20302E-06	3.64922E-06	2.7219E-06	4.35209E-06	3.40601E-06	3.89037E-06	2.59031E-06	2.8622E-06	4.54571E-06	4.09548E-06	3.40554E-06	2.86792E-06	2.64227E-06	2.6713E-06
659	3.59531E-06	3.34697E-06	1.87781E-06	3.17619E-06	3.00899E-06	3.79151E-06	3.83279E-06	3.54323E-06	2.17327E-06	2.04954E-06	4.75522E-06	4.42963E-06	3.51526E-06	3.01536E-06	1.98636E-06	2.87857E-06
660	3.06266E-06	2.99583E-06	1.66794E-06	2.61004E-06	3.31921E-06	3.03716E-06	4.22811E-06	3.29679E-06	1.83299E-06	1.43774E-06	4.93054E-06	4.61541E-06	3.58235E-06	3.07002E-06	1.76921E-06	3.3021E-06
661	2.53203E-06	2.56876E-06	1.58671E-06	2.24125E-06	3.49087E-06	2.39157E-06	4.42451E-06	3.12999E-06	1.78414E-06	1.36283E-06	4.89762E-06	4.42642E-06	3.46483E-06	3.10337E-06	2.00031E-06	3.75696E-06
662	2.25009E-06	2.10153E-06	1.64755E-06	2.33102E-06	3.38774E-06	2.13421E-06	4.28469E-06	3.0309E-06	2.21481E-06	2.11045E-06	4.51742E-06	3.68579E-06	3.0526E-06	3.19219E-06	2.67344E-06	4.08111E-06
663	2.24677E-06	1.66708E-06	1.82131E-06	2.76844E-06	3.04011E-06	2.22386E-06	3.85987E-06	2.99096E-06	2.99222E-06	3.41383E-06	3.86975E-06	2.59273E-06	2.46187E-06	3.3828E-06	3.57609E-06	4.25661E-06
664	2.42471E-06	1.36301E-06	2.05482E-06	3.22225E-06	2.58036E-06	2.43004E-06	3.3171E-06	3.00637E-06	3.79317E-06	4.67723E-06	3.16914E-06	1.5749E-06	1.94702E-06	3.7055E-06	4.37416E-06	4.35418E-06
665	2.68543E-06	1.28664E-06	2.2949E-06	3.36016E-06	2.14149E-06	2.5211E-06	2.82404E-06	3.07343E-06	4.29383E-06	5.30407E-06	2.63066E-06	1.06047E-06	1.76276E-06	4.19016E-06	4.73394E-06	4.44533E-06
666	2.94024E-06	1.49167E-06	2.49441E-06	2.95902E-06	1.83639E-06	2.33428E-06	2.52066E-06	3.19055E-06	4.26945E-06	4.88913E-06	2.4239E-06	1.34724E-06	2.07713E-06	4.84482E-06	4.43716E-06	4.57449E-06
667	3.11169E-06	1.83774E-06	2.60662E-06	2.21426E-06	1.67831E-06	1.96658E-06	2.4098E-06	3.33436E-06	3.86045E-06	3.76466E-06	2.50936E-06	2.18604E-06	2.68268E-06	5.54193E-06	3.69644E-06	4.63025E-06
668	3.13118E-06	2.13665E-06	2.59003E-06	1.43917E-06	1.66018E-06	1.58905E-06	2.46583E-06	3.483E-06	3.31267E-06	2.46846E-06	2.79971E-06	3.18725E-06	3.27773E-06	6.12752E-06	2.84842E-06	4.47081E-06
669	2.93128E-06	2.20197E-06	2.40397E-06	9.4498E-07	1.77477E-06	1.37182E-06	2.66272E-06	3.61469E-06	2.87061E-06	1.53506E-06	3.20741E-06	3.96327E-06	3.56305E-06	6.44836E-06	2.22832E-06	3.95673E-06
670	2.53869E-06	1.99227E-06	2.07927E-06	8.75727E-07	2.00315E-06	1.40659E-06	2.94102E-06	3.7155E-06	2.66531E-06	1.22856E-06	3.62764E-06	4.29534E-06	3.43883E-06	6.40994E-06	2.05218E-06	3.14344E-06
671	2.13976E-06	1.71429E-06	1.76778E-06	1.08476E-06	2.30267E-06	1.64712E-06	3.17877E-06	3.77943E-06	2.62781E-06	1.34358E-06	3.91983E-06	4.25029E-06	3.14547E-06	6.01045E-06	2.32655E-06	2.41963E-06
672	1.94389E-06	1.60507E-06	1.63918E-06	1.39897E-06	2.63451E-06	2.03738E-06	3.25744E-06	3.81289E-06	2.67728E-06	1.63137E-06	3.95195E-06	3.93741E-06	2.96741E-06	5.27806E-06	3.04226E-06	2.21524E-06
673	2.13546E-06	1.87736E-06	1.84287E-06	1.65409E-06	2.95695E-06	2.51701E-06	3.06553E-06	3.81641E-06	2.73226E-06	1.85564E-06	3.60749E-06	3.4598E-06	3.16123E-06	4.24334E-06	4.1698E-06	2.90803E-06
674	2.62459E-06	2.46707E-06	2.306E-06	1.81609E-06	3.22171E-06	2.98904E-06	2.63596E-06	3.78303E-06	2.75568E-06	1.96743E-06	3.04401E-06	2.92364E-06	3.68753E-06	3.10536E-06	5.43978E-06	4.25933E-06
675	3.1208E-06	3.10763E-06	2.7932E-06	1.94627E-06	3.37571E-06	3.32982E-06	2.10734E-06	3.70033E-06	2.74299E-06	2.0549E-06	2.61937E-06	2.4372E-06	4.29042E-06	2.18618E-06	6.4077E-06	5.57965E-06
676	3.32669E-06	3.52508E-06	3.06303E-06	2.10532E-06	3.3621E-06	3.41173E-06	1.61798E-06	3.55158E-06	2.68725E-06	2.20626E-06	2.69086E-06	2.10568E-06	4.70483E-06	1.80676E-06	6.61964E-06	6.16569E-06
677	3.03834E-06	3.52752E-06	2.9463E-06	2.3339E-06	3.15526E-06	3.15763E-06	1.29508E-06	3.33813E-06	2.58926E-06	2.49445E-06	3.48631E-06	2.00962E-06	4.7329E-06	2.18374E-06	5.81299E-06	5.54876E-06
678	2.42971E-06	3.25036E-06	2.561E-06	2.56043E-06	2.82832E-06	2.67441E-06	1.19326E-06	3.09787E-06	2.45157E-06	2.90137E-06	4.62734E-06	2.09192E-06	4.42269E-06	3.04615E-06	4.50012E-06	4.23646E-06
679	1.78093E-06	2.92113E-06	2.10603E-06	2.68277E-06	2.48276E-06	2.12114E-06	1.3472E-06	2.87999E-06	2.27814E-06	3.38405E-06	5.56842E-06	2.2581E-06	3.89255E-06	3.98851E-06	3.41004E-06	3.00939E-06
680	1.36707E-06	2.76309E-06	1.77694E-06	2.60108E-06	2.21849E-06	1.65454E-06	1.7899E-06	2.73287E-06	2.07325E-06	3.89949E-06	5.77499E-06	2.41552E-06	3.26013E-06	4.61307E-06	3.2571E-06	2.63326E-06
681	1.31345E-06	2.86919E-06	1.68184E-06	2.31185E-06	2.10473E-06	1.38948E-06	2.47171E-06	2.69345E-06	1.87454E-06	4.38944E-06	5.11817E-06	2.54439E-06	2.6904E-06	4.79596E-06	4.26088E-06	3.39142E-06
682	1.48469E-06	3.08186E-06	1.76392E-06	1.93353E-06	2.13182E-06	1.35351E-06	3.17854E-06	2.74295E-06	1.74714E-06	4.71135E-06	4.05044E-06	2.70939E-06	2.3867E-06	4.79223E-06	5.78687E-06	4.74486E-06
683	1.72791E-06	3.23234E-06	1.95993E-06	1.60902E-06	2.29377E-06	1.57539E-06	3.68609E-06	2.87031E-06	1.76941E-06	4.72995E-06	3.10747E-06	2.99392E-06	2.57438E-06	4.91288E-06	7.13197E-06	6.08744E-06
684	1.89942E-06	3.16929E-06	2.20521E-06	1.46889E-06	2.57755E-06	2.07156E-06	3.7905E-06	3.06324E-06	2.00678E-06	4.33268E-06	2.78045E-06	3.47088E-06	3.44041E-06	5.43485E-06	7.65387E-06	6.85946E-06
685	1.96603E-06	2.94448E-06	2.42285E-06	1.4987E-06	2.89189E-06	2.71919E-06	3.52758E-06	3.29635E-06	2.37656E-06	3.66744E-06	3.03686E-06	4.09138E-06	4.73121E-06	6.239E-06	7.425E-06	7.05098E-06
686	1.96704E-06	2.74188E-06	2.53198E-06	1.59511E-06	3.10082E-06	3.31258E-06	3.08885E-06	3.54136E-06	2.70671E-06	3.0511E-06	3.51969E-06	4.737E-06	5.92438E-06	6.96719E-06	6.97868E-06	7.0089E-06
687	1.93692E-06	2.73989E-06	2.44319E-06	1.64813E-06	3.05735E-06	3.63455E-06	2.65831E-06	3.75955E-06	2.81499E-06	2.79447E-06	3.8554E-06	5.27473E-06	6.4743E-06	7.23523E-06	6.83593E-06	7.06587E-06
688	1.9083E-06	3.03298E-06	2.12993E-06	1.59725E-06	2.69184E-06	3.54085E-06	2.39329E-06	3.9135E-06	2.61369E-06	3.08694E-06	3.80141E-06	5.61033E-06	6.05828E-06	6.82816E-06	7.33784E-06	7.46595E-06
689	1.89703E-06	3.41383E-06	1.76693E-06	1.54263E-06	2.18413E-06	3.12629E-06	2.33766E-06	3.95541E-06	2.3257E-06	3.68149E-06	3.54882E-06	5.76494E-06	5.09598E-06	6.0793E-06	8.17061E-06	8.11301E-06
690	1.91554E-06	3.60977E-06	1.57283E-06	1.61916E-06	1.76814E-06	2.53681E-06	2.51177E-06	3.83489E-06	2.24126E-06	4.23702E-06	3.38166E-06	5.78416E-06	4.16703E-06	5.4403E-06	8.87986E-06	8.83845E-06
691	1.97623E-06	3.35726E-06	1.7613E-06	1.95781E-06	1.67325E-06	1.92014E-06	2.93359E-06	3.50656E-06	2.64344E-06	4.42104E-06	3.58163E-06	5.71813E-06	3.84425E-06	5.35803E-06	9.02702E-06	9.48102E-06
692	2.05213E-06	2.67365E-06	2.31054E-06	2.50681E-06	1.9028E-06	1.39612E-06	3.4987E-06	3.02187E-06	3.48232E-06	4.17107E-06	4.21767E-06	5.63311E-06	4.26915E-06	5.9173E-06	8.60203E-06	9.97605E-06
693	2.07544E-06	1.89966E-06	2.93613E-06	3.01115E-06	2.2086E-06	1.05818E-06	3.96907E-06	2.54855E-06	4.33652E-06	3.73655E-06	5.125E-06	5.62413E-06	5.10493E-06	6.80482E-06	8.09386E-06	1.03835E-05
694	1.97525E-06	1.39741E-06	3.33602E-06	3.20173E-06	2.3259E-06	9.99483E-07	4.09644E-06	2.26256E-06	4.75947E-06	3.38654E-06	6.12424E-06	5.78882E-06	5.98494E-06	7.68202E-06	8.02396E-06	1.07705E-05
695	1.70584E-06	1.45608E-06	3.27057E-06	2.8737E-06	2.0504E-06	1.28707E-06	3.68817E-06	2.31064E-06	4.40492E-06	3.34984E-06	7.03898E-06	6.19338E-06	6.59275E-06	8.25374E-06	8.79199E-06	1.11907E-05
696	1.37556E-06	1.91197E-06	2.89008E-06	2.22044E-06	1.55294E-06	1.82907E-06	2.89796E-06	2.65721E-06	3.55008E-06	3.6024E-06	7.7275E-06	6.71666E-06	6.93702E-06	8.50894E-06	1.00513E-05	1.16224E-05
697	1.14818E-06	2.43031E-06	2.48519E-06	1.57982E-06	1.14145E-06	2.47207E-06	2.00309E-06	3.19563E-06	2.6982E-06	4.02147E-06	8.04801E-06	7.15739E-06	7.13595E-06	8.5282E-06	1.11623E-05	1.1998E-05
698	1.18985E-06	2.67384E-06	2.35133E-06	1.29499E-06	1.12789E-06	3.0613E-06	1.28673E-06	3.81879E-06	2.36034E-06	4.48486E-06	7.86285E-06	7.31673E-06	7.31329E-06	8.39867E-06	1.14859E-05	1.22564E-05
699	1.53966E-06	2.48043E-06	2.60157E-06	1.51205E-06	1.61199E-06	3.48477E-06	9.14169E-07	4.41052E-06	2.74571E-06	4.90382E-06	7.2151E-06	7.15056E-06	7.54809E-06	8.20759E-06	1.08442E-05	1.23754E-05
700	2.01738E-06	1.99132E-06	3.0337E-06	2.03609E-06	2.32687E-06	3.70537E-06	8.45765E-07	4.84037E-06	3.5414E-06	5.24824E-06	6.45864E-06	6.88168E-06	7.84161E-06	8.04136E-06	9.85536E-06	1.23997E-05
701	2.4234E-06	1.38252E-06	3.41839E-06	2.64111E-06	2.97162E-06	3.70029E-06	1.02322E-06	4.98461E-06	4.38734E-06	5.50448E-06	5.99536E-06	6.77618E-06	8.20408E-06	8.0038E-06	9.24375E-06	1.24064E-05
702	2.57111E-06	8.22971E-07	3.53339E-06	3.10909E-06	3.26373E-06	3.44611E-06	1.38247E-06	4.72458E-06	4.93721E-06	5.64187E-06	6.14907E-06	7.0467E-06	8.60945E-06	8.16373E-06	9.62143E-06	1.24265E-05
703	2.50183E-06	4.71748E-07	3.37463E-06	3.40452E-06	3.2248E-06	3.06785E-06	1.84096E-06	4.2029E-06	5.15908E-06	5.68432E-06	6.7186E-06	7.64369E-06	9.00378E-06	8.56476E-06	1.0844E-05	1.25441E-05
704	2.37874E-06	4.81874E-07	3.05293E-06	3.58835E-06	3.03904E-06	2.7684E-06	2.30414E-06	3.70015E-06	5.18729E-06	5.68012E-06	7.2093E-06	8.36774E-06	9.30924E-06	9.22855E-06	1.23453E-05	1.28594E-05
705	2.36972E-06	1.00941E-06	2.68283E-06	3.72369E-06	2.89645E-06	2.75582E-06	2.67515E-06	3.50453E-06	5.16086E-06	5.67895E-06	7.11289E-06	9.0132E-06	9.44611E-06	1.01765E-05	1.35425E-05	1.3475E-05
706	2.53554E-06	2.04772E-06	2.35749E-06	3.82577E-06	2.9145E-06	3.09817E-06	2.88316E-06	3.75407E-06	5.16256E-06	5.71045E-06	6.22854E-06	9.39245E-06	9.37627E-06	1.12989E-05	1.40799E-05	1.43822E-05
707	2.70219E-06	3.22486E-06	2.13115E-06	3.8197E-06	3.05562E-06	3.55543E-06	2.93466E-06	4.25646E-06	5.17103E-06	5.78755E-06	5.1037E-06	9.41521E-06	9.20883E-06	1.22456E-05	1.42106E-05	1.53915E-05
708	2.65631E-06	4.11085E-06	2.04884E-06	3.61097E-06	3.25529E-06	3.83624E-06	2.84308E-06	4.76444E-06	5.14177E-06	5.91201E-06	4.38743E-06	8.98932E-06	9.06017E-06	1.26121E-05	1.42558E-05	1.62643E-05
709	2.2108E-06	4.30606E-06	2.15074E-06	3.12419E-06	3.44969E-06	3.67427E-06	2.63482E-06	5.0472E-06	5.0393E-06	6.08459E-06	4.6768E-06	8.05239E-06	9.03777E-06	1.20412E-05	1.45067E-05	1.67746E-05
710	1.527E-06	3.8533E-06	2.41144E-06	2.52386E-06	3.5974E-06	3.15394E-06	2.48221E-06	5.11658E-06	4.94128E-06	6.29473E-06	5.83027E-06	6.9036E-06	9.12155E-06	1.08072E-05	1.48398E-05	1.68968E-05
711	9.93723E-07	3.08096E-06	2.75965E-06	2.13002E-06	3.66732E-06	2.58632E-06	2.65126E-06	5.13728E-06	4.99442E-06	6.51735E-06	7.21567E-06	6.07374E-06	9.1982E-06	9.58854E-06	1.48445E-05	1.67171E-05
712	1.01322E-06	2.33711E-06	3.12702E-06	2.27572E-06	3.63601E-06	2.29861E-06	3.41861E-06	5.29054E-06	5.35941E-06	6.7403E-06	8.1938E-06	6.12088E-06	9.17075E-06	9.1052E-06	1.41312E-05	1.63631E-05
713	1.7692E-06	1.87472E-06	3.44566E-06	3.08584E-06	3.4994E-06	2.47192E-06	4.8384E-06	5.63936E-06	6.06832E-06	6.92921E-06	8.3894E-06	7.2761E-06	8.98846E-06	9.72487E-06	1.26168E-05	1.59449E-05
714	2.88538E-06	1.70776E-06	3.65644E-06	4.15576E-06	3.3128E-06	2.91751E-06	6.399E-06	5.95525E-06	6.83579E-06	7.01023E-06	8.12752E-06	8.94671E-06	8.74536E-06	1.09332E-05	1.10467E-05	1.55724E-05
715	3.89148E-06	1.8126E-06	3.70078E-06	4.99133E-06	3.14173E-06	3.38543E-06	7.49193E-06	5.9603E-06	7.32212E-06	6.90218E-06	7.8486E-06	1.04013E-05	8.55975E-06	1.20691E-05	1.0308E-05	1.53568E-05
716	4.34777E-06	2.16128E-06	3.53243E-06	5.13596E-06	3.05337E-06	3.64596E-06	7.56143E-06	5.41316E-06	7.22545E-06	6.54533E-06	7.96899E-06	1.09634E-05	8.55259E-06	1.25201E-05	1.12087E-05	1.54114E-05
717	4.21691E-06	2.65001E-06	3.21923E-06	4.61402E-06	3.08304E-06	3.71481E-06	6.70571E-06	4.49545E-06	6.67105E-06	6.06862E-06	8.42553E-06	1.06209E-05	8.74318E-06	1.22248E-05	1.3286E-05	1.56532E-05
718	3.74232E-06	3.12628E-06	2.91519E-06	3.7872E-06	3.25167E-06	3.78136E-06	5.48385E-06	3.69079E-06	6.09108E-06	5.74544E-06	8.8463E-06	9.83396E-06	9.10064E-06	1.15213E-05	1.52328E-05	1.58983E-05
719	3.17745E-06	3.4338E-06	2.77885E-06	3.03053E-06	3.58016E-06	4.04175E-06	4.47428E-06	3.49746E-06	5.93154E-06	5.85685E-06	8.84648E-06	9.08031E-06	9.59228E-06	1.07618E-05	1.57012E-05	1.59574E-05
720	2.73475E-06	3.50831E-06	2.90223E-06	2.62945E-06	4.05063E-06	4.5779E-06	4.06146E-06	4.13496E-06	6.41749E-06	6.50173E-06	8.25022E-06	8.684E-06	1.01459E-05	1.02155E-05	1.40561E-05	1.5731E-05
721	2.51491E-06	3.51254E-06	3.20488E-06	2.63424E-06	4.54364E-06	5.17851E-06	4.13E-06	5.11573E-06	7.20809E-06	7.3134E-06	7.39837E-06	8.56559E-06	1.05804E-05	9.92587E-06	1.14429E-05	1.53286E-05
722	2.60985E-06	3.65576E-06	3.58612E-06	3.06608E-06	4.93308E-06	5.59625E-06	4.49606E-06	5.84701E-06	7.88719E-06	7.86529E-06	6.73802E-06	8.60512E-06	1.0722E-05	9.92879E-06	9.33474E-06	1.49346E-05
723	3.09295E-06	4.11516E-06	3.94893E-06	3.91935E-06	5.10234E-06	5.60525E-06	4.97554E-06	5.79208E-06	8.06618E-06	7.76776E-06	6.66748E-06	8.68256E-06	1.04101E-05	1.02316E-05	9.06307E-06	1.46917E-05
724	3.87018E-06	4.743E-06	4.2867E-06	4.94302E-06	5.10065E-06	5.29503E-06	5.46801E-06	5.13955E-06	7.78671E-06	7.16073E-06	7.117E-06	8.813E-06	9.76889E-06	1.06752E-05	1.04402E-05	1.44782E-05
725	4.74536E-06	5.19359E-06	4.64756E-06	5.73563E-06	5.07804E-06	4.94689E-06	5.92306E-06	4.51897E-06	7.35153E-06	6.50605E-06	7.73262E-06	9.09356E-06	9.09644E-06	1.09987E-05	1.23565E-05	1.40119E-05
726	5.51392E-06	5.11101E-06	5.07674E-06	5.88458E-06	5.18377E-06	4.84463E-06	6.28536E-06	4.56997E-06	7.06559E-06	6.27076E-06	8.14574E-06	9.61564E-06	8.69009E-06	1.09287E-05	1.36649E-05	1.29959E-05
727	6.03919E-06	4.43302E-06	5.55499E-06	5.26907E-06	5.48351E-06	5.13654E-06	6.5178E-06	5.5543E-06	7.12099E-06	6.65883E-06	8.17327E-06	1.03451E-05	8.69374E-06	1.04252E-05	1.37562E-05	1.14616E-05
728	6.30762E-06	3.67673E-06	5.91421E-06	4.34266E-06	5.85193E-06	5.67304E-06	6.59825E-06	6.94178E-06	7.44785E-06	7.3092E-06	7.9841E-06	1.09575E-05	8.90062E-06	9.88195E-06	1.30823E-05	1.00547E-05
729	6.32076E-06	3.4364E-06	5.96656E-06	3.6347E-06	6.13942E-06	6.26705E-06	6.50665E-06	8.10003E-06	7.94431E-06	7.78847E-06	7.79257E-06	1.10903E-05	9.0597E-06	9.7513E-06	1.22301E-05	9.50455E-06
730	6.10141E-06	4.20948E-06	5.56684E-06	3.60889E-06	6.21897E-06	6.74877E-06	6.24E-06	8.48183E-06	8.5011E-06	7.73254E-06	7.78992E-06	1.04652E-05	8.96554E-06	1.04081E-05	1.17284E-05	1.04143E-05
731	5.82443E-06	5.69411E-06	4.90339E-06	4.17477E-06	6.13937E-06	7.08612E-06	5.91779E-06	8.23263E-06	8.94775E-06	7.33271E-06	7.9595E-06	9.4648E-06	8.7683E-06	1.1579E-05	1.15904E-05	1.23419E-05
732	5.75943E-06	7.2316E-06	4.3418E-06	4.99706E-06	6.05552E-06	7.33737E-06	5.74075E-06	7.85402E-06	9.11807E-06	7.06914E-06	8.21781E-06	8.82022E-06	8.8183E-06	1.27284E-05	1.16346E-05	1.4397E-05
733	6.16329E-06	8.15945E-06	4.23749E-06	5.73375E-06	6.11263E-06	7.55116E-06	5.89804E-06	7.83307E-06	8.8361E-06	7.40678E-06	8.46929E-06	9.2385E-06	9.44875E-06	1.33068E-05	1.16607E-05	1.56766E-05
734	7.03225E-06	8.23856E-06	4.72597E-06	6.18506E-06	6.37338E-06	7.74664E-06	6.41877E-06	8.29002E-06	8.12892E-06	8.4128E-06	8.68247E-06	1.07315E-05	1.06703E-05	1.31191E-05	1.16313E-05	1.58379E-05
735	7.98367E-06	7.84625E-06	5.62256E-06	6.35865E-06	6.78021E-06	7.90009E-06	7.09927E-06	8.81152E-06	7.31868E-06	9.57586E-06	8.91911E-06	1.23005E-05	1.20246E-05	1.2486E-05	1.17456E-05	1.53543E-05
736	8.61981E-06	7.42588E-06	6.72975E-06	6.29123E-06	7.28044E-06	8.00037E-06	7.73174E-06	8.95747E-06	6.76673E-06	1.03565E-05	9.26746E-06	1.28862E-05	1.30395E-05	1.17949E-05	1.22474E-05	1.47967E-05
737	8.63659E-06	7.32436E-06	7.84249E-06	6.03098E-06	7.81092E-06	8.01992E-06	8.13644E-06	8.40031E-06	6.73618E-06	1.03237E-05	9.75199E-06	1.171E-05	1.3332E-05	1.1339E-05	1.32186E-05	1.45859E-05
738	8.37056E-06	7.57757E-06	8.84255E-06	5.82022E-06	8.40337E-06	8.02298E-06	8.42837E-06	7.56542E-06	7.15851E-06	9.80032E-06	1.02766E-05	9.66248E-06	1.32269E-05	1.12155E-05	1.41984E-05	1.47338E-05
739	8.3519E-06	8.12261E-06	9.63376E-06	5.95913E-06	9.11477E-06	8.0976E-06	8.80929E-06	7.10611E-06	7.85893E-06	9.33574E-06	1.07023E-05	8.14308E-06	1.32609E-05	1.14554E-05	1.45491E-05	1.51187E-05
740	9.08654E-06	8.89437E-06	1.01234E-05	6.73432E-06	9.99387E-06	8.33102E-06	9.47257E-06	7.65197E-06	8.66577E-06	9.46623E-06	1.0897E-05	8.50304E-06	1.39487E-05	1.2084E-05	1.36674E-05	1.56203E-05
741	1.04496E-05	9.80971E-06	1.03205E-05	8.08028E-06	1.09174E-05	8.77144E-06	1.03919E-05	9.17544E-06	9.52571E-06	1.03073E-05	1.09088E-05	1.07265E-05	1.52238E-05	1.30162E-05	1.18166E-05	1.61915E-05
742	1.17172E-05	1.07553E-05	1.03132E-05	9.59476E-06	1.1587E-05	9.41881E-06	1.13232E-05	1.10282E-05	1.04822E-05	1.15709E-05	1.09373E-05	1.35178E-05	1.64596E-05	1.40464E-05	1.00444E-05	1.68298E-05
743	1.21358E-05	1.1619E-05	1.01995E-05	1.08593E-05	1.16981E-05	1.02756E-05	1.2015E-05	1.25318E-05	1.1587E-05	1.2954E-05	1.1197E-05	1.55158E-05	1.70056E-05	1.49673E-05	9.45376E-06	1.75428E-05
744	1.13604E-05	1.23216E-05	1.01057E-05	1.15954E-05	1.11544E-05	1.12939E-05	1.2349E-05	1.32743E-05	1.28448E-05	1.42052E-05	1.18005E-05	1.59145E-05	1.65418E-05	1.56287E-05	1.0669E-05	1.82908E-05
745	1.01489E-05	1.28737E-05	1.02301E-05	1.19068E-05	1.04202E-05	1.2293E-05	1.25673E-05	1.35692E-05	1.41328E-05	1.52186E-05	1.25852E-05	1.5416E-05	1.56431E-05	1.60381E-05	1.30163E-05	1.89104E-05
746	9.45863E-06	1.33079E-05	1.07918E-05	1.19683E-05	1.00651E-05	1.30742E-05	1.29822E-05	1.38621E-05	1.53134E-05	1.59193E-05	1.33472E-05	1.49903E-05	1.50487E-05	1.62377E-05	1.56054E-05	1.9225E-05
747	1.01253E-05	1.36491E-05	1.19489E-05	1.19475E-05	1.05853E-05	1.3469E-05	1.38559E-05	1.4535E-05	1.62449E-05	1.62395E-05	1.38988E-05	1.54859E-05	1.54055E-05	1.62742E-05	1.76179E-05	1.90767E-05
748	1.19248E-05	1.39739E-05	1.34107E-05	1.20388E-05	1.18775E-05	1.3707E-05	1.51042E-05	1.55021E-05	1.69027E-05	1.6329E-05	1.43326E-05	1.67385E-05	1.66228E-05	1.63782E-05	1.90851E-05	1.86674E-05
749	1.40893E-05	1.43826E-05	1.4653E-05	1.24494E-05	1.35299E-05	1.4219E-05	1.64625E-05	1.64352E-05	1.73181E-05	1.64453E-05	1.48815E-05	1.80642E-05	1.82305E-05	1.68718E-05	2.04673E-05	1.83789E-05
750	1.58413E-05	1.49749E-05	1.51515E-05	1.33847E-05	1.51241E-05	1.54341E-05	1.7663E-05	1.70046E-05	1.75257E-05	1.68469E-05	1.57785E-05	1.87758E-05	1.97497E-05	1.80751E-05	2.22257E-05	1.85956E-05
751	1.68279E-05	1.57614E-05	1.4904E-05	1.48329E-05	1.64322E-05	1.73275E-05	1.86042E-05	1.71838E-05	1.76751E-05	1.76038E-05	1.70663E-05	1.88184E-05	2.08788E-05	1.99744E-05	2.44072E-05	1.94684E-05
752	1.71662E-05	1.65387E-05	1.45156E-05	1.64053E-05	1.73857E-05	1.91649E-05	1.9296E-05	1.72469E-05	1.7961E-05	1.84278E-05	1.84308E-05	1.88695E-05	2.14298E-05	2.19914E-05	2.63596E-05	2.07186E-05
753	1.70398E-05	1.71138E-05	1.46818E-05	1.77028E-05	1.79549E-05	2.01734E-05	1.97922E-05	1.7532E-05	1.86241E-05	1.90329E-05	1.95569E-05	1.97152E-05	2.12567E-05	2.35294E-05	2.74078E-05	2.20694E-05
754	1.66648E-05	1.73629E-05	1.58488E-05	1.84466E-05	1.81484E-05	1.98928E-05	2.01736E-05	1.82739E-05	1.98033E-05	1.92879E-05	2.02523E-05	2.18143E-05	2.04039E-05	2.41665E-05	2.71514E-05	2.32888E-05
755	1.63595E-05	1.74233E-05	1.75201E-05	1.8816E-05	1.81151E-05	1.90379E-05	2.06138E-05	1.93135E-05	2.12573E-05	1.96355E-05	2.07872E-05	2.43983E-05	1.96048E-05	2.41507E-05	2.62199E-05	2.43268E-05
756	1.65014E-05	1.75255E-05	1.90067E-05	1.91325E-05	1.80707E-05	1.86402E-05	2.13491E-05	2.04341E-05	2.26923E-05	2.06957E-05	2.15816E-05	2.64478E-05	1.98017E-05	2.39304E-05	2.55369E-05	2.5218E-05
757	1.73777E-05	1.78332E-05	1.96198E-05	1.96354E-05	1.81644E-05	1.95854E-05	2.25134E-05	2.1364E-05	2.37661E-05	2.29374E-05	2.29482E-05	2.6945E-05	2.17653E-05	2.38582E-05	2.58757E-05	2.59185E-05
758	1.883E-05	1.8411E-05	1.95731E-05	2.03344E-05	1.84816E-05	2.16392E-05	2.38855E-05	2.20676E-05	2.45426E-05	2.57952E-05	2.47458E-05	2.6162E-05	2.49094E-05	2.40911E-05	2.71622E-05	2.6501E-05
759	2.04055E-05	1.92455E-05	1.9622E-05	2.10787E-05	1.9051E-05	2.38532E-05	2.50009E-05	2.26346E-05	2.53153E-05	2.80376E-05	2.653E-05	2.51463E-05	2.77814E-05	2.46426E-05	2.87703E-05	2.70864E-05
760	2.16364E-05	2.03205E-05	2.05431E-05	2.17122E-05	1.99001E-05	2.52478E-05	2.53847E-05	2.31599E-05	2.6385E-05	2.84024E-05	2.78416E-05	2.49795E-05	2.88877E-05	2.55239E-05	3.00524E-05	2.77999E-05
761	2.22949E-05	2.15299E-05	2.24295E-05	2.21635E-05	2.0967E-05	2.54476E-05	2.50041E-05	2.3709E-05	2.76856E-05	2.67004E-05	2.84471E-05	2.59972E-05	2.7823E-05	2.66764E-05	3.07161E-05	2.8696E-05
762	2.26244E-05	2.27473E-05	2.44813E-05	2.26013E-05	2.21656E-05	2.5104E-05	2.46077E-05	2.44259E-05	2.87558E-05	2.44671E-05	2.85962E-05	2.75668E-05	2.5938E-05	2.8075E-05	3.11558E-05	2.98715E-05
763	2.28757E-05	2.38061E-05	2.57696E-05	2.31804E-05	2.33713E-05	2.4925E-05	2.49829E-05	2.54244E-05	2.90442E-05	2.33687E-05	2.85362E-05	2.89165E-05	2.47107E-05	2.96524E-05	3.17791E-05	3.13809E-05
764	2.32599E-05	2.4597E-05	2.57045E-05	2.3993E-05	2.44703E-05	2.54252E-05	2.65891E-05	2.67602E-05	2.82608E-05	2.45444E-05	2.85222E-05	2.95089E-05	2.52083E-05	3.13E-05	3.28664E-05	3.31802E-05
765	2.38311E-05	2.52224E-05	2.49455E-05	2.49021E-05	2.5396E-05	2.63922E-05	2.86874E-05	2.82796E-05	2.70646E-05	2.71751E-05	2.88157E-05	2.96811E-05	2.69554E-05	3.27712E-05	3.42229E-05	3.48809E-05
766	2.45627E-05	2.57844E-05	2.43992E-05	2.56669E-05	2.60406E-05	2.73942E-05	3.01952E-05	2.9721E-05	2.62919E-05	2.99285E-05	2.96294E-05	2.99147E-05	2.90669E-05	3.37173E-05	3.5475E-05	3.59383E-05
767	2.55086E-05	2.6464E-05	2.49791E-05	2.61739E-05	2.6418E-05	2.81328E-05	3.02668E-05	3.09457E-05	2.67964E-05	3.16758E-05	3.1225E-05	3.07604E-05	3.08027E-05	3.3961E-05	3.64061E-05	3.60147E-05
768	2.65895E-05	2.72021E-05	2.65504E-05	2.65901E-05	2.67181E-05	2.86435E-05	2.93551E-05	3.19445E-05	2.8422E-05	3.24337E-05	3.32224E-05	3.21933E-05	3.19643E-05	3.37224E-05	3.70375E-05	3.54524E-05
769	2.76772E-05	2.78358E-05	2.84429E-05	2.72586E-05	2.72523E-05	2.91661E-05	2.86393E-05	3.28045E-05	3.05007E-05	3.28551E-05	3.49234E-05	3.39111E-05	3.2665E-05	3.34689E-05	3.75513E-05	3.49947E-05
770	2.86434E-05	2.82043E-05	2.99783E-05	2.8517E-05	2.83283E-05	2.99424E-05	2.93002E-05	3.36138E-05	3.23569E-05	3.36006E-05	3.56301E-05	3.56048E-05	3.30291E-05	3.36715E-05	3.81313E-05	3.53858E-05
771	2.9448E-05	2.83421E-05	3.08573E-05	3.02244E-05	2.98644E-05	3.10242E-05	3.14895E-05	3.43844E-05	3.37167E-05	3.4884E-05	3.52469E-05	3.70557E-05	3.33206E-05	3.44894E-05	3.88088E-05	3.67154E-05
772	3.01973E-05	2.85533E-05	3.12692E-05	3.1728E-05	3.13707E-05	3.22886E-05	3.42071E-05	3.50914E-05	3.48234E-05	3.64506E-05	3.44324E-05	3.8205E-05	3.40153E-05	3.57688E-05	3.94964E-05	3.83663E-05
773	3.0993E-05	2.91487E-05	3.14192E-05	3.23179E-05	3.23092E-05	3.3584E-05	3.63514E-05	3.56893E-05	3.59377E-05	3.79958E-05	3.3883E-05	3.89832E-05	3.55928E-05	3.73168E-05	4.00776E-05	3.96497E-05
774	3.19081E-05	3.028E-05	3.15547E-05	3.1743E-05	3.24232E-05	3.479E-05	3.72546E-05	3.61759E-05	3.7214E-05	3.92537E-05	3.40539E-05	3.93522E-05	3.81501E-05	3.89067E-05	4.04913E-05	4.02272E-05
775	3.29404E-05	3.16989E-05	3.2019E-05	3.09011E-05	3.21646E-05	3.58672E-05	3.73521E-05	3.6655E-05	3.85357E-05	4.00634E-05	3.4784E-05	3.93535E-05	4.08284E-05	4.02356E-05	4.08158E-05	4.06441E-05
776	3.40782E-05	3.3092E-05	3.3179E-05	3.08863E-05	3.21048E-05	3.67895E-05	3.72585E-05	3.72508E-05	3.97445E-05	4.02783E-05	3.58168E-05	3.90433E-05	4.26064E-05	4.09841E-05	4.11545E-05	4.15941E-05
777	3.52969E-05	3.4194E-05	3.52477E-05	3.25324E-05	3.27108E-05	3.75526E-05	3.75067E-05	3.8073E-05	4.07043E-05	3.98357E-05	3.69249E-05	3.85162E-05	4.2692E-05	4.09553E-05	4.15963E-05	4.35733E-05
778	3.65229E-05	3.50567E-05	3.75759E-05	3.51469E-05	3.38336E-05	3.82952E-05	3.81353E-05	3.9159E-05	4.14404E-05	3.91693E-05	3.80893E-05	3.80902E-05	4.16801E-05	4.06796E-05	4.21656E-05	4.59466E-05
779	3.76638E-05	3.58419E-05	3.92043E-05	3.74973E-05	3.5108E-05	3.92076E-05	3.90125E-05	4.05215E-05	4.20333E-05	3.88913E-05	3.93622E-05	3.81654E-05	4.06553E-05	4.09472E-05	4.28639E-05	4.76761E-05
780	3.86303E-05	3.67033E-05	3.92439E-05	3.84154E-05	3.6181E-05	4.04612E-05	4.00117E-05	4.21578E-05	4.25677E-05	3.95824E-05	4.07869E-05	3.91221E-05	4.06501E-05	4.24842E-05	4.36965E-05	4.77972E-05
