Name	red	green	blue
Date	09/02/2018	09/02/2018	09/02/2018
Time	06:45pm	06:45pm	06:46pm
Integration time [ms]	727	1599	1995
Luminance[cd/sqm]	9.31E+01	2.01E+02	2.52E+01
Radiance[W/sr*sqm]	3.49E-01	4.27E-01	2.81E-01
CCT [K]	0	0	0
DWl[nm]	611	533	468
PE[%]	94.4	72.9	90
x	0.6508	0.2228	0.1497
y	0.3305	0.6656	0.0778
u'	0.4596	0.0846	0.1647
v'	0.5251	0.5683	0.1927
Reference Illuminant	Planckian radiator	Planckian radiator	Planckian radiator
CCT [K]	4765	4765	4765
R1	83.4	83.4	83.4
R2	97.7	97.7	97.7
R3	67.9	67.9	67.9
R4	80.3	80.3	80.3
R5	92.4	92.4	92.4
R6	97.3	97.3	97.3
R7	91.3	91.3	91.3
R8	93.4	93.4	93.4
R9	67.2	67.2	67.2
R10	81.2	81.2	81.2
R11	84.2	84.2	84.2
R12	82.3	82.3	82.3
R13	84.2	84.2	84.2
R14	77.9	77.9	77.9
Ra	87.96	87.96	87.96
			
wavelength [nm]	Radiance[W/(sr*sqm*nm)]	Radiance[W/(sr*sqm*nm)]	Radiance[W/(sr*sqm*nm)]
			
380	1.60934E-05	1.15654E-07	1.14545E-07
381	1.25482E-05	1.14879E-07	8.57622E-07
382	9.59181E-06	8.76538E-08	2.06049E-06
383	7.78408E-06	2.9708E-08	3.69686E-06
384	6.84034E-06	0	5.48636E-06
385	6.29947E-06	0	7.10922E-06
386	5.8167E-06	0	8.38108E-06
387	4.91614E-06	1.2825E-07	8.94402E-06
388	3.4945E-06	3.59599E-07	8.72083E-06
389	1.93909E-06	6.03829E-07	7.99636E-06
390	6.72756E-07	7.7875E-07	7.08169E-06
391	1.00834E-07	8.05644E-07	6.27556E-06
392	5.8581E-07	6.16631E-07	5.85319E-06
393	2.03689E-06	2.76439E-07	5.91031E-06
394	4.00548E-06	0	6.39958E-06
395	6.04981E-06	0	7.27132E-06
396	7.74974E-06	1.9126E-08	8.48257E-06
397	8.7562E-06	6.7537E-07	1.0016E-05
398	9.08581E-06	1.64264E-06	1.20374E-05
399	8.87708E-06	2.6983E-06	1.47686E-05
400	8.26375E-06	3.62752E-06	1.8424E-05
401	7.3983E-06	4.23688E-06	2.32817E-05
402	6.42172E-06	4.41253E-06	2.92186E-05
403	5.59884E-06	4.26383E-06	3.55457E-05
404	5.20146E-06	3.92522E-06	4.151E-05
405	5.49532E-06	3.52816E-06	4.63752E-05
406	6.72062E-06	3.19658E-06	4.94955E-05
407	8.71754E-06	2.94894E-06	5.13115E-05
408	1.09895E-05	2.71667E-06	5.32234E-05
409	1.30387E-05	2.42965E-06	5.66344E-05
410	1.43777E-05	2.01922E-06	6.29191E-05
411	1.46802E-05	1.44685E-06	7.33013E-05
412	1.43582E-05	8.19426E-07	8.79959E-05
413	1.40741E-05	2.92393E-07	0.000106951
414	1.44785E-05	1.84708E-08	0.000130115
415	1.62064E-05	1.46894E-07	0.000157456
416	1.9495E-05	7.46136E-07	0.000191033
417	2.37282E-05	1.73897E-06	0.000235303
418	2.82432E-05	3.03329E-06	0.000295293
419	3.23826E-05	4.53777E-06	0.000375985
420	3.55376E-05	6.16178E-06	0.000481434
421	3.76187E-05	7.81202E-06	0.000604673
422	3.89059E-05	9.39804E-06	0.000731768
423	3.96752E-05	1.08291E-05	0.000848691
424	4.01997E-05	1.20155E-05	0.00094155
425	4.09422E-05	1.29861E-05	0.001009864
426	4.30085E-05	1.41729E-05	0.001098825
427	4.76784E-05	1.61057E-05	0.001264197
428	5.61965E-05	1.93019E-05	0.001560624
429	6.97424E-05	2.42549E-05	0.002040071
430	8.80169E-05	3.09277E-05	0.002694727
431	0.000109197	3.87368E-05	0.00345412
432	0.000131198	4.70053E-05	0.004239046
433	0.000152026	5.50885E-05	0.004973133
434	0.000169801	6.23712E-05	0.005587137
435	0.000183233	6.83903E-05	0.006050733
436	0.000191486	7.28293E-05	0.00635551
437	0.000193261	7.52003E-05	0.006477803
438	0.000187493	7.51004E-05	0.006401397
439	0.00017455	7.26327E-05	0.00614688
440	0.000157151	6.87302E-05	0.005795245
441	0.000138396	6.4478E-05	0.005439434
442	0.000121004	6.0797E-05	0.005158581
443	0.000107615	5.85834E-05	0.005029077
444	9.83771E-05	5.77799E-05	0.005041031
445	9.21893E-05	5.78516E-05	0.005141323
446	8.79401E-05	5.82596E-05	0.005276462
447	8.45141E-05	5.84627E-05	0.005392735
448	8.11749E-05	5.81316E-05	0.005455525
449	7.79746E-05	5.73774E-05	0.005469929
450	7.50641E-05	5.63668E-05	0.005446023
451	7.24833E-05	5.51821E-05	0.005385642
452	7.04723E-05	5.40709E-05	0.005306882
453	6.88555E-05	5.31152E-05	0.005213983
454	6.72863E-05	5.23509E-05	0.005108012
455	6.54167E-05	5.18138E-05	0.004989995
456	6.29603E-05	5.15881E-05	0.004865531
457	5.97043E-05	5.17345E-05	0.00473055
458	5.59431E-05	5.25279E-05	0.004585245
459	5.20319E-05	5.4266E-05	0.004429733
460	4.8326E-05	5.72466E-05	0.004264131
461	4.52204E-05	6.18377E-05	0.004094655
462	4.27089E-05	6.80502E-05	0.003916882
463	4.07077E-05	7.58594E-05	0.003733812
464	3.91301E-05	8.52389E-05	0.003548479
465	3.78895E-05	9.61647E-05	0.003363928
466	3.69905E-05	0.000109148	0.003188094
467	3.63611E-05	0.000125087	0.003015589
468	3.60046E-05	0.00014513	0.002847059
469	3.59242E-05	0.000170441	0.002683158
470	3.61093E-05	0.000202075	0.002524529
471	3.63069E-05	0.000239245	0.002363614
472	3.64498E-05	0.000281986	0.00220989
473	3.63481E-05	0.000329746	0.00206372
474	3.58141E-05	0.00038197	0.001925467
475	3.47974E-05	0.000437729	0.001795407
476	3.3398E-05	0.000494436	0.001670125
477	3.18847E-05	0.000551314	0.0015538
478	3.04484E-05	0.000606783	0.001446501
479	2.92892E-05	0.000659566	0.001348268
480	2.86677E-05	0.000710031	0.00125897
481	2.88221E-05	0.000758028	0.001176728
482	3.00682E-05	0.000805445	0.001103261
483	3.2653E-05	0.000853186	0.001038344
484	3.6222E-05	0.000901686	0.000981718
485	3.97775E-05	0.000950875	0.000933096
486	4.23963E-05	0.001002868	0.000894159
487	4.29845E-05	0.001055582	0.000862502
488	4.10063E-05	0.001109556	0.000837868
489	3.74836E-05	0.001167393	0.000819923
490	3.37521E-05	0.001232111	0.000808315
491	3.11969E-05	0.001309056	0.00080414
492	3.0954E-05	0.001399157	0.000805635
493	3.27792E-05	0.001505171	0.000812801
494	3.55199E-05	0.001629683	0.000825819
495	3.80067E-05	0.001775285	0.000844876
496	3.9105E-05	0.001945948	0.000870768
497	3.83309E-05	0.002144304	0.000903257
498	3.64096E-05	0.002375971	0.000942908
499	3.41822E-05	0.002646772	0.000990312
500	3.24941E-05	0.002962558	0.001046063
501	3.19628E-05	0.003319644	0.00110761
502	3.26335E-05	0.003720904	0.001175111
503	3.426E-05	0.004160725	0.0012457
504	3.65973E-05	0.004633516	0.001316523
505	3.94003E-05	0.005133605	0.001384754
506	4.24434E-05	0.005658125	0.001448933
507	4.54303E-05	0.006195146	0.001505634
508	4.80931E-05	0.006736299	0.001552459
509	5.01664E-05	0.007273178	0.001587012
510	5.15836E-05	0.007793124	0.001607161
511	5.25138E-05	0.008257659	0.001607673
512	5.33904E-05	0.008662317	0.001590559
513	5.45324E-05	0.008986707	0.001554322
514	5.61588E-05	0.009214888	0.001498354
515	5.80693E-05	0.009349482	0.001425828
516	5.99551E-05	0.009398479	0.00134097
517	6.15054E-05	0.009368953	0.001247833
518	6.24266E-05	0.009268401	0.001150407
519	6.25569E-05	0.009105209	0.00105163
520	6.18165E-05	0.008888284	0.000953781
521	6.02383E-05	0.008642338	0.000860686
522	5.76322E-05	0.008359134	0.000772634
523	5.42231E-05	0.008048179	0.000690951
524	5.06253E-05	0.007720238	0.000615791
525	4.74772E-05	0.007386127	0.000547232
526	4.54324E-05	0.007059291	0.000485534
527	4.47451E-05	0.006745704	0.000430411
528	4.47178E-05	0.006449181	0.000381441
529	4.44933E-05	0.006172695	0.000338141
530	4.32155E-05	0.005919216	0.000300031
531	4.02895E-05	0.005688276	0.000266629
532	3.65753E-05	0.005459994	0.000237457
533	3.34377E-05	0.005207819	0.000212036
534	3.22406E-05	0.004905219	0.000189891
535	3.42402E-05	0.004531842	0.000170627
536	3.94001E-05	0.004139764	0.000154775
537	4.68637E-05	0.003833025	0.000143631
538	5.57496E-05	0.003714511	0.000138433
539	6.51927E-05	0.003883577	0.000140352
540	7.4754E-05	0.004338578	0.000148659
541	8.46287E-05	0.004968978	0.000160687
542	9.47934E-05	0.005643747	0.000173159
543	0.000105327	0.006238006	0.000183026
544	0.00011553	0.006660753	0.000188131
545	0.00012316	0.006888885	0.000188102
546	0.000125744	0.00690527	0.000182728
547	0.000120876	0.006696787	0.000171904
548	0.000107409	0.006259223	0.000155863
549	8.85595E-05	0.00562481	0.000136146
550	6.84679E-05	0.004833523	0.00011457
551	5.12713E-05	0.003924145	9.29301E-05
552	4.04028E-05	0.00294658	7.29412E-05
553	3.50578E-05	0.001991763	5.53919E-05
554	3.29734E-05	0.001165595	4.07662E-05
555	3.18815E-05	0.000574175	2.95487E-05
556	2.98069E-05	0.000309181	2.21798E-05
557	2.64906E-05	0.000320854	1.79673E-05
558	2.27877E-05	0.000487286	1.58022E-05
559	1.9574E-05	0.000684243	1.45559E-05
560	1.76899E-05	0.000792177	1.31402E-05
561	1.72189E-05	0.000780906	1.12273E-05
562	1.78421E-05	0.000698725	9.21817E-06
563	1.91507E-05	0.000592911	7.47107E-06
564	2.07415E-05	0.000509431	6.33232E-06
565	2.23257E-05	0.000464342	5.87308E-06
566	2.37288E-05	0.000442487	5.87704E-06
567	2.47916E-05	0.000427484	6.11736E-06
568	2.53669E-05	0.000403249	6.36873E-06
569	2.59907E-05	0.000369242	6.50032E-06
570	2.81323E-05	0.000346127	6.50995E-06
571	3.33264E-05	0.000356062	6.40528E-06
572	4.30846E-05	0.000420891	6.19378E-06
573	5.77437E-05	0.000546597	5.96508E-06
574	7.56119E-05	0.000711771	5.94967E-06
575	9.48008E-05	0.000892344	6.39141E-06
576	0.000113316	0.001063214	7.52455E-06
577	0.000130991	0.00120642	9.44741E-06
578	0.000150969	0.001314095	1.19426E-05
579	0.000176801	0.001379779	1.47552E-05
580	0.000212008	0.001397075	1.76324E-05
581	0.000258629	0.001368087	2.04037E-05
582	0.000313113	0.00130377	2.29335E-05
583	0.000371523	0.001219906	2.51304E-05
584	0.000429919	0.001132284	2.69025E-05
585	0.000487404	0.001054171	2.81608E-05
586	0.000552146	0.000993113	2.88596E-05
587	0.000632564	0.000952866	2.88819E-05
588	0.000737663	0.000938634	2.81442E-05
589	0.000871247	0.000951017	2.66816E-05
590	0.00102164	0.000976932	2.48816E-05
591	0.001177322	0.001003323	2.3259E-05
592	0.00132131	0.001011868	2.22045E-05
593	0.001443782	0.000991563	2.19569E-05
594	0.001550305	0.000946695	2.2067E-05
595	0.001649465	0.000884527	2.19482E-05
596	0.00174709	0.000811107	2.09696E-05
597	0.001842065	0.000734043	1.88464E-05
598	0.001893966	0.000655101	1.60752E-05
599	0.001855248	0.000575273	1.33075E-05
600	0.001678008	0.000495562	1.12014E-05
601	0.001387976	0.000419308	1.0343E-05
602	0.001231969	0.000361739	1.12337E-05
603	0.001487643	0.000338154	1.43158E-05
604	0.002432107	0.000363817	2.00313E-05
605	0.004205097	0.000445543	2.86021E-05
606	0.006614027	0.000569729	3.97231E-05
607	0.00941581	0.000719616	5.30027E-05
608	0.012367672	0.000878497	6.80494E-05
609	0.015228639	0.001030441	8.40373E-05
610	0.017761483	0.001161124	9.9242E-05
611	0.01969423	0.001254181	0.000111628
612	0.020822064	0.001297616	0.000119541
613	0.020978461	0.001281188	0.000121918
614	0.020106188	0.001200647	0.000118945
615	0.018158871	0.001052347	0.000110924
616	0.015066387	0.000831464	9.79719E-05
617	0.011162937	0.000560851	8.16521E-05
618	0.007164742	0.000290985	6.45358E-05
619	0.003806945	7.36945E-05	4.92439E-05
620	0.001788337	0	3.82726E-05
621	0.001204661	0	3.21178E-05
622	0.001547072	0	2.91542E-05
623	0.002289733	6.39473E-05	2.77434E-05
624	0.002935357	0.000105582	2.63456E-05
625	0.003319285	0.000112473	2.45855E-05
626	0.003524662	9.89287E-05	2.29683E-05
627	0.003631183	7.93823E-05	2.1956E-05
628	0.00371363	6.70025E-05	2.1962E-05
629	0.003776657	6.35009E-05	2.27258E-05
630	0.003789196	6.4751E-05	2.36439E-05
631	0.003725739	6.67019E-05	2.415E-05
632	0.003552693	6.5716E-05	2.3701E-05
633	0.003261926	6.14583E-05	2.22986E-05
634	0.002851847	5.46596E-05	2.01142E-05
635	0.002320876	4.60523E-05	1.73193E-05
636	0.001694305	3.65389E-05	1.41576E-05
637	0.00106146	2.71005E-05	1.09241E-05
638	0.000533989	1.89081E-05	7.9882E-06
639	0.00022404	1.31381E-05	5.72111E-06
640	0.000174288	1.02878E-05	4.27813E-06
641	0.000292903	9.53465E-06	3.39534E-06
642	0.000472076	9.9085E-06	2.76289E-06
643	0.00060542	1.04453E-05	2.07572E-06
644	0.000654437	1.07564E-05	1.31384E-06
645	0.00065738	1.11041E-05	7.7937E-07
646	0.000656799	1.17856E-05	7.93871E-07
647	0.000692363	1.30618E-05	1.64398E-06
648	0.000765107	1.47178E-05	3.19054E-06
649	0.000851367	1.6234E-05	5.02128E-06
650	0.000926898	1.70821E-05	6.71637E-06
651	0.000970594	1.68426E-05	7.91164E-06
652	0.000977878	1.56779E-05	8.54682E-06
653	0.00094993	1.39513E-05	8.66488E-06
654	0.000887958	1.20293E-05	8.30938E-06
655	0.000798282	1.02302E-05	7.58636E-06
656	0.000698724	8.72342E-06	6.74625E-06
657	0.000613093	7.70544E-06	6.10235E-06
658	0.0005626	7.33893E-06	5.93928E-06
659	0.000551941	7.60414E-06	6.23601E-06
660	0.00056513	8.25287E-06	6.58856E-06
661	0.00058413	9.011E-06	6.56061E-06
662	0.000593335	9.63817E-06	5.79584E-06
663	0.00058629	1.001E-05	4.57414E-06
664	0.000562471	1.00778E-05	3.56106E-06
665	0.000521437	9.79432E-06	3.42339E-06
666	0.000465024	9.17255E-06	4.57003E-06
667	0.000399855	8.38523E-06	6.30626E-06
668	0.000335135	7.67115E-06	7.65567E-06
669	0.000280018	7.26677E-06	7.65015E-06
670	0.000239478	7.21483E-06	6.00526E-06
671	0.000210951	7.21255E-06	3.61318E-06
672	0.000191832	6.9459E-06	1.50046E-06
673	0.000179155	6.12596E-06	6.11495E-07
674	0.000170436	4.9407E-06	9.75293E-07
675	0.000163549	3.92686E-06	1.95086E-06
676	0.000156204	3.62186E-06	2.88192E-06
677	0.000147559	4.41414E-06	3.26676E-06
678	0.000141335	5.98748E-06	3.26711E-06
679	0.00014257	7.83091E-06	3.23096E-06
680	0.000156209	9.44345E-06	3.49883E-06
681	0.000184969	1.07057E-05	4.1482E-06
682	0.000225667	1.19801E-05	4.77439E-06
683	0.000275205	1.37135E-05	4.94025E-06
684	0.000330547	1.63125E-05	4.2612E-06
685	0.000389508	1.97105E-05	2.96261E-06
686	0.000451125	2.35791E-05	1.65684E-06
687	0.000513246	2.75234E-05	9.57971E-07
688	0.000572295	3.1129E-05	1.24445E-06
689	0.000618285	3.38412E-05	2.06885E-06
690	0.000639789	3.50712E-05	2.80593E-06
691	0.000626077	3.42707E-05	2.84566E-06
692	0.000578625	3.16213E-05	2.14498E-06
693	0.000513863	2.81923E-05	1.30488E-06
694	0.000449206	2.51128E-05	9.68155E-07
695	0.000399488	2.33358E-05	1.64256E-06
696	0.000363414	2.27142E-05	2.99899E-06
697	0.000333107	2.26578E-05	4.39349E-06
698	0.000301049	2.25977E-05	5.17752E-06
699	0.00027459	2.30918E-05	5.14531E-06
700	0.000286602	2.66323E-05	4.85577E-06
701	0.00037372	3.60119E-05	4.96148E-06
702	0.000567191	5.36381E-05	6.02727E-06
703	0.000852359	7.88216E-05	7.89977E-06
704	0.001189322	0.000109168	1.00306E-05
705	0.00153696	0.000142207	1.18553E-05
706	0.001854503	0.000174813	1.30601E-05
707	0.002112523	0.000203324	1.39841E-05
708	0.002280601	0.000223751	1.50459E-05
709	0.002330446	0.000232333	1.66095E-05
710	0.002264821	0.000228826	1.83185E-05
711	0.002104504	0.000215044	1.93237E-05
712	0.001876083	0.000193388	1.87942E-05
713	0.001602458	0.000166139	1.63326E-05
714	0.001302839	0.000135837	1.27106E-05
715	0.000996131	0.000105103	8.89584E-06
716	0.000702309	7.65978E-05	5.82028E-06
717	0.000441014	5.19719E-05	3.71931E-06
718	0.000234268	3.24536E-05	2.37999E-06
719	0.000104529	1.9285E-05	1.57665E-06
720	5.94567E-05	1.27754E-05	1.12913E-06
721	6.9544E-05	1.089E-05	9.7487E-07
722	9.9179E-05	1.12267E-05	1.07046E-06
723	0.000114707	1.14809E-05	1.36067E-06
724	0.000109945	1.09967E-05	1.69371E-06
725	9.53159E-05	1.01133E-05	1.85822E-06
726	8.15456E-05	9.18073E-06	1.63867E-06
727	7.52032E-05	8.44001E-06	1.01198E-06
728	7.38791E-05	7.86498E-06	3.40252E-07
729	7.40544E-05	7.39778E-06	3.69503E-08
730	7.25274E-05	7.00091E-06	4.43293E-07
731	6.87255E-05	6.7861E-06	1.31127E-06
732	6.35756E-05	6.96099E-06	2.11952E-06
733	5.79075E-05	7.71903E-06	2.34845E-06
734	5.28218E-05	9.0267E-06	1.83825E-06
735	4.9809E-05	1.05206E-05	9.52641E-07
736	5.05035E-05	1.18329E-05	9.92604E-08
737	5.57737E-05	1.26238E-05	0
738	6.37553E-05	1.29307E-05	0
739	7.17024E-05	1.29E-05	0
740	7.69363E-05	1.2683E-05	3.92473E-07
741	7.89604E-05	1.24871E-05	1.07994E-06
742	7.91854E-05	1.25537E-05	1.64542E-06
743	7.91557E-05	1.31362E-05	1.83474E-06
744	7.96397E-05	1.41996E-05	1.51574E-06
745	7.93087E-05	1.49388E-05	8.86543E-07
746	7.65072E-05	1.44163E-05	2.03042E-07
747	6.97907E-05	1.18474E-05	0
748	6.04863E-05	8.00895E-06	0
749	5.13205E-05	4.47527E-06	0
750	4.50345E-05	2.83139E-06	3.74669E-07
751	4.2383E-05	3.57627E-06	1.41691E-06
752	4.11845E-05	5.73436E-06	2.67606E-06
753	3.91E-05	8.209E-06	3.95329E-06
754	3.45194E-05	1.00429E-05	5.07311E-06
755	2.86074E-05	1.0858E-05	5.95822E-06
756	2.32287E-05	1.04176E-05	6.56337E-06
757	2.0053E-05	8.52217E-06	6.83358E-06
758	1.92327E-05	5.89747E-06	6.86557E-06
759	1.9952E-05	3.83932E-06	6.84551E-06
760	2.13552E-05	3.67536E-06	6.96371E-06
761	2.26933E-05	5.60147E-06	7.2148E-06
762	2.35032E-05	8.17151E-06	7.34378E-06
763	2.32936E-05	9.76104E-06	7.05624E-06
764	2.19611E-05	9.26423E-06	6.22652E-06
765	2.07833E-05	7.5019E-06	5.3368E-06
766	2.13369E-05	5.73224E-06	5.00709E-06
767	2.50203E-05	5.1751E-06	5.78727E-06
768	3.05888E-05	6.13517E-06	7.28454E-06
769	3.53934E-05	8.44216E-06	8.60426E-06
770	3.67864E-05	1.19E-05	8.85201E-06
771	3.44834E-05	1.58074E-05	7.93227E-06
772	3.10034E-05	1.88987E-05	6.6917E-06
773	2.90575E-05	1.98446E-05	6.04335E-06
774	3.02103E-05	1.80638E-05	6.53057E-06
775	3.31202E-05	1.48554E-05	7.75793E-06
776	3.59745E-05	1.18347E-05	9.17872E-06
777	3.72097E-05	1.03209E-05	1.02976E-05
778	3.68445E-05	9.84618E-06	1.09662E-05
779	3.54443E-05	9.31643E-06	1.11534E-05
780	3.35575E-05	7.72062E-06	1.08331E-05
